8.543734	7.8680224
8.4584875	8.047337
8.109737	8.310456
7.59155	9.472293
7.5126476	9.875652
6.6514325	11.00775
6.2219825	11.431687
6.1748276	11.3623705
6.6372538	10.518371
8.757194	8.550624
8.525324	8.033287
8.374664	8.615926
8.302827	8.799693
8.277162	8.863291
8.0797825	8.986556
6.7000012	11.850132
6.4091763	11.999659
4.76906	11.139604
4.5807624	10.849855
-1.4658041	5.709261
9.070041	6.958157
8.02106	8.173258
8.022745	8.457598
7.9630466	8.733684
7.7823057	9.183197
7.7805405	9.191097
7.469741	9.443388
7.27521	9.75296
8.0361805	8.137314
7.9065456	8.412063
7.860923	8.524381
7.7107153	8.708881
7.6227055	8.654873
7.593194	8.635548
7.6936526	8.924159
7.625112	9.293264
7.6510363	9.213142
7.1043425	9.291677
7.9949036	8.185606
7.9197035	8.370586
7.8886743	8.432578
7.8491454	8.495634
7.860886	8.71585
7.8430924	8.890587
7.7740545	8.975448
7.275648	9.2077465
7.272075	7.5007877
-1.2805765	5.9536757
9.134118	6.9103174
8.934843	7.0729313
7.9613047	8.377873
7.8761225	8.394411
7.3090496	7.478169
7.226557	7.4101243
8.9774275	6.9293966
8.0742655	7.792612
7.3943205	7.5183535
7.2404804	7.4231005
9.316237	6.8076267
9.323206	6.9802656
9.290745	6.8527555
-1.2981907	5.920849
10.05844	6.31032
8.290639	7.139842
10.332751	6.369738
9.757184	6.517674
8.797434	7.079752
9.729793	6.7158537
9.506131	6.8941603
8.117854	7.977146
0.45591876	7.394915
9.3239565	7.0178022
8.266726	7.9127774
8.142612	8.496659
10.823879	6.3416195
9.213263	6.7926283
8.219008	8.489007
11.359301	6.008713
9.258321	7.0722365
8.591368	7.4079924
9.05329	6.7848473
9.120201	6.732677
9.268533	6.7942777
8.088549	7.9490595
7.819718	8.184471
7.7892203	8.336929
8.031453	8.247281
0.3172193	7.3312693
9.955205	6.3453345
8.800318	7.0874734
9.076963	6.857933
9.25823	6.6378574
9.506302	6.5189276
9.439668	6.4899936
9.090118	6.9148345
8.067641	7.875871
8.066438	7.979776
8.515219	7.517025
8.783032	7.149305
8.441814	7.0630574
10.096998	5.568473
9.634088	6.258394
9.322063	6.6942596
9.278336	6.795119
9.370359	6.575012
9.552041	6.51991
9.515565	6.6133027
9.362231	6.403018
9.387966	6.4074426
9.308661	6.348131
8.512106	6.928114
9.689413	6.120322
9.478638	6.5127025
9.455635	6.719778
9.263884	6.9259806
9.02366	6.809859
9.196472	6.2944107
9.354683	6.4317975
9.252062	6.454731
9.256455	6.326807
9.573233	5.7907653
3.5437005	10.709823
5.798694	10.004378
4.9645076	13.337563
0.46489668	7.729377
0.052018493	7.453037
6.788383	9.319549
6.007114	10.899724
5.208355	13.942853
5.514062	13.972452
5.709462	12.925764
5.890679	11.681679
0.5042914	7.619991
6.86307	9.166774
7.0067677	9.1902075
7.042712	9.166253
6.991544	9.262056
6.7987537	10.107186
6.798809	11.959698
6.7395053	12.214798
0.43651015	7.5400043
11.657375	5.19793
11.741926	4.6792207
11.100361	5.3536024
8.159494	7.5144863
8.226265	7.407497
8.263482	7.3697166
6.36805	8.699255
6.319512	8.862706
6.7347846	12.172988
6.165861	12.111823
6.1157126	10.852285
0.33564535	7.4748373
11.142831	5.073902
11.157768	4.780197
11.21023	4.2682314
10.963048	4.055626
11.021741	4.066955
10.537091	4.5200186
9.043856	6.985056
8.393573	7.2238526
8.184943	7.3790855
6.9655733	8.424972
6.5497813	9.92781
7.0410852	11.628819
5.9848337	10.908249
0.541787	7.572377
0.24449152	8.269261
5.4940305	9.856214
12.237741	4.3536334
11.57787	5.0348644
10.275777	5.194985
10.738841	4.549164
12.178171	3.9684618
11.345311	5.600707
9.271178	7.431407
6.9538627	8.454566
6.590493	10.095096
11.566796	4.4313707
10.599356	4.4296484
10.3705225	5.341952
10.507639	4.845622
11.861524	3.316135
12.28979	4.614367
9.784087	7.579249
6.6007724	9.215878
6.7193217	10.438322
6.7566056	11.465902
7.0643497	10.162484
0.4627262	7.575847
5.2424464	10.658475
6.4316373	11.88195
12.611193	2.5217674
12.373829	3.2654397
11.425201	3.8977668
11.030222	4.1831446
10.901465	4.37795
11.676905	3.5325778
12.506941	3.561352
12.459765	4.300939
11.477762	5.5936975
6.7121778	9.316749
6.743375	10.342691
6.747181	10.454901
0.3024892	8.269845
5.5632114	10.02181
12.115123	3.551163
11.218742	4.0107155
11.042699	4.0744843
11.793188	4.117248
11.575184	5.6141987
9.559723	7.40617
6.666907	9.311453
6.7810564	9.589084
6.9581947	9.952489
0.3472426	8.154628
5.872821	9.265076
6.4900384	9.712462
6.8937325	10.959139
12.411526	3.6115673
11.950019	4.094764
11.538257	4.206648
6.6560493	9.329126
6.8277116	9.546137
7.2802734	9.489067
0.49679542	7.8039665
0.4044481	7.953577
6.057946	8.954023
6.6876554	8.563122
7.01923	8.536233
7.3670363	8.961375
7.448751	9.508528
7.496248	9.658278
13.116273	3.1643078
11.580251	4.7359266
11.235104	5.324494
11.167291	5.795049
9.119724	7.5806365
8.008772	8.037963
7.002825	9.403943
7.196599	10.449892
5.2323594	11.796634
6.268344	10.890657
8.378839	8.526352
8.528844	7.653979
7.4103284	9.57353
9.162876	8.320972
11.03158	6.0382514
11.161404	5.3221292
11.194971	5.0953383
10.971623	5.295532
10.755097	5.474013
10.07128	6.3578234
9.075005	7.024889
8.0360155	8.030403
7.9525228	8.223253
7.173222	8.439231
6.2971206	10.782141
8.942816	8.690703
8.817157	8.695099
8.255253	8.53825
7.3253818	9.231247
7.395985	9.255681
9.736666	7.2660255
10.616255	5.350907
10.389994	5.7018585
9.857745	6.3681664
9.056872	6.883017
8.056677	7.872844
7.9240913	8.144169
8.305355	8.218243
7.5477915	7.886346
6.410779	10.649135
7.9184213	8.834724
7.810756	9.0701475
7.5876327	9.483368
6.903109	10.105739
10.476455	5.4912734
10.38951	5.6861305
10.318927	5.742565
9.908827	6.173094
9.322699	6.6477766
8.287529	7.624433
7.9239926	8.143848
7.5277486	10.035946
7.286381	10.447668
10.413181	5.8256593
9.76909	6.4547496
8.007533	8.009419
9.240439	6.2233653
10.176483	5.7819524
6.323444	10.701716
7.4514585	10.325048
5.316553	11.739909
7.7228775	9.292092
7.227972	9.639993
10.167712	6.030997
9.820805	6.4150834
7.969788	7.934063
8.584728	8.0384
9.422586	8.405128
7.665005	9.329683
8.859584	8.567201
9.682751	6.545207
7.931297	7.9112277
8.329055	8.865055
8.46433	8.986625
7.5688877	9.395791
6.946741	10.068807
8.719776	8.7373905
9.520783	6.5981426
9.0902815	6.935534
7.417138	9.6376705
6.8539243	10.100287
8.803786	8.529193
9.370064	7.1508183
7.81781	7.72697
6.8469186	10.105534
7.88677	7.644778
7.5514016	9.454724
7.61279	9.715118
7.776247	9.3350525
7.5077257	9.419187
7.564213	9.306659
7.4546266	9.761752
7.4616203	9.758727
7.827705	9.254019
9.484991	7.34553
7.8965273	7.6734366
7.723993	9.000179
7.4682555	9.352125
7.831402	8.70785
7.57256	9.2722025
6.8924513	10.07328
8.179366	8.338235
7.9286184	8.88689
7.6869698	9.101443
7.502056	9.18375
7.778717	8.784649
8.722229	8.779632
8.165296	8.457667
7.3533926	8.184341
7.7873845	8.824656
7.6366177	8.825327
7.779556	8.900363
7.980261	8.644035
7.858031	8.806293
7.5317636	9.346958
6.8495107	10.094503
8.74875	8.736855
8.294884	8.41998
7.341341	8.203915
6.2465835	9.808868
7.783124	8.550008
7.821545	8.518742
7.7339306	8.594975
7.80572	8.875566
7.838713	8.861937
7.5197086	9.324249
8.802808	8.627213
8.213164	8.504845
8.029725	8.544238
8.022387	8.368749
7.9206815	8.429384
7.8617263	8.459228
7.7892647	8.814285
7.894116	9.07686
7.856108	9.181737
7.496107	9.429
6.2931294	10.729958
8.674712	8.883795
7.952846	8.401719
7.927685	8.50132
7.8404064	9.537811
7.8772273	9.331348
7.0981317	9.797098
7.974023	8.407346
8.034902	8.381057
7.9741707	8.413511
7.4939895	9.696697
7.5515127	9.750847
7.7160845	9.643666
7.548316	9.427593
8.0323305	8.452823
7.996941	8.412801
7.531516	9.578225
7.4632354	9.808833
7.491839	9.891142
7.563222	9.83468
6.7780085	10.875837
6.4544406	11.572086
7.623988	10.038606
7.5043883	10.308101
5.310629	11.792847
5.2590175	11.788579
6.1981263	8.855916
6.282954	9.696032
8.263712	7.793288
6.460842	9.86208
1.9731729	7.7189546
2.0697474	7.6544523
8.20636	7.550359
8.067723	7.904729
7.6705	8.159581
2.0645502	7.6464386
8.400213	7.5529556
8.327819	7.615486
2.0194058	7.668902
8.351454	7.3631854
2.0211215	7.6628895
8.433344	7.276733
8.568733	7.1815248
3.7378457	1.0092932
3.7102342	0.920833
3.7469165	0.7985711
9.553319	6.5358377
8.848784	7.1475067
8.876762	7.2025285
8.705783	7.394298
8.539044	7.644212
7.898716	8.724629
7.8446894	8.9754505
7.5416102	10.205238
6.220866	11.4477415
6.215811	11.468048
6.243823	11.517904
6.2312603	11.486094
9.561514	6.6159873
8.655809	7.8228188
8.654653	7.889549
8.530485	8.037147
7.9368153	9.01589
7.2026267	9.913087
7.0890536	10.497445
-1.2257518	5.9853773
8.006542	8.345903
7.8153453	9.20457
7.7972245	9.241586
7.628415	9.341298
6.8617973	10.505892
6.988157	11.646141
4.790537	11.201728
4.607735	10.891689
-1.2006814	6.017239
9.742572	6.254392
9.11212	6.9714985
7.5433	8.654788
7.381091	9.23957
4.5854692	10.760901
8.09901	8.01057
7.8614616	8.627318
7.969008	8.445243
-1.2898046	5.9450502
9.159254	6.8852043
7.7433147	7.825019
7.6456685	7.595613
7.5857744	7.49891
7.5014	7.475412
10.823638	5.767565
0.2758587	7.332323
10.950059	5.611876
0.42541072	7.3900814
10.86222	6.32223
9.193941	7.0561786
11.468674	5.9885974
9.261718	7.011962
9.045723	6.9802275
8.26778	7.722994
8.066779	8.057384
8.135513	8.902152
7.669345	7.937619
10.903781	6.283255
8.200888	7.864532
9.173457	6.9669642
9.449344	6.581623
9.059946	6.8316236
9.1818	6.840871
9.566462	6.549432
9.041359	6.9189124
8.868034	7.088825
9.078076	6.993174
9.390363	6.484657
9.477901	6.457859
9.142226	7.032307
9.02241	6.618572
9.77089	6.2168717
5.7882752	9.84095
3.6842258	10.769709
5.5970507	11.28328
6.89898	9.363742
6.768269	9.584479
6.1113787	13.13137
5.7321434	11.040314
11.704583	4.59641
11.690564	4.757498
9.327771	6.8568974
6.5954046	8.533337
6.349325	9.220979
6.3389263	12.455798
10.985854	5.39079
11.307606	3.790425
11.658169	3.5478642
6.825342	11.798406
6.2471633	10.876721
6.2357693	11.70922
12.262088	3.8379426
11.251829	3.9984615
12.523932	3.4296591
11.172789	4.0827403
6.784537	10.585396
7.1757803	9.623417
0.41514435	7.5094376
12.21845	4.380534
6.921686	9.931788
7.2483644	9.628313
7.124411	9.346209
11.681731	4.3656874
11.572681	4.9218273
11.473831	5.7580905
10.581032	6.3987284
9.149432	7.6527205
6.9632435	9.624902
7.2835636	10.178162
0.32674897	8.131952
12.202912	4.181172
10.397423	6.4371166
7.6537123	9.113296
6.733893	9.319773
7.148369	9.810347
7.152743	10.255595
8.5729885	7.6089087
8.402907	7.7568254
10.548379	5.7350326
7.6615744	8.666039
7.4187813	9.78468
7.4385705	9.498622
10.353018	5.7588034
8.562223	7.700761
8.704549	6.9176254
7.6788816	8.9394045
8.516037	7.981599
9.279742	6.2462845
9.772704	5.6693387
9.427902	6.588951
6.329011	10.6568775
7.8357263	9.181632
7.413275	9.450251
9.645677	7.2319627
10.460031	5.6914577
10.113927	6.0541544
8.9073515	7.1154675
8.545746	7.9052095
9.132591	7.1362658
9.571463	7.251416
8.889477	7.066396
9.463243	7.2205515
7.8628793	9.354153
6.9523125	10.037536
9.460298	7.25474
8.888445	7.1553073
7.698559	9.6484165
7.808061	9.516871
9.402322	7.284619
7.4317937	9.562397
7.4552274	9.580278
9.124705	6.7023063
7.4808517	9.50438
7.5292435	9.79455
7.8992186	9.393345
7.5638404	9.354843
9.4177685	7.3408084
9.333129	6.520608
7.497783	9.682553
7.538511	9.829728
6.8446093	10.123557
8.918448	8.389038
7.407011	9.622901
7.728445	9.438415
7.2209067	9.579859
7.3818016	9.591003
7.4459367	9.59258
7.4408565	9.350964
7.856936	8.992513
7.5209985	9.366529
6.9111924	10.050004
7.6485367	8.744969
7.7648196	9.018952
7.719435	8.658474
7.937165	9.223675
7.895407	9.26357
6.884205	10.100136
7.3255396	9.198922
5.848704	10.866666
7.912689	9.362127
7.9543405	9.361349
7.954618	9.365175
7.9814844	8.4549885
7.9998884	8.354743
7.8083653	8.938418
7.6141677	9.515085
7.663505	9.704124
7.8641844	9.452703
7.8333235	9.301644
6.098656	10.72958
8.0031	8.334546
7.834892	8.869027
7.546257	9.500583
7.871311	9.400765
7.005463	10.323775
8.053363	8.528018
7.94717	8.876069
7.8254185	9.108257
7.362111	10.365822
8.068113	8.93763
8.054656	8.931952
7.2722354	10.469767
5.435314	11.647333
5.7688704	11.676222
7.407497	10.334773
5.1131015	11.936877
5.147531	11.886886
7.289441	8.2377615
7.346217	8.240354
2.031011	7.67302
8.329184	7.4950485
8.181827	7.689414
