4.938464	0.7238455
5.443489	0.08734617
6.4522324	-0.59234893
4.856385	0.6157299
6.9446507	-1.5082185
7.1709237	-1.9267541
6.392565	-0.52815974
6.0155845	-0.009550543
5.363866	-0.13327658
6.96984	-1.6429466
7.148399	-1.8843836
7.165378	-1.9582505
7.1020346	-2.0078647
6.372946	-0.46942773
5.929319	0.08073234
7.0056643	-1.5701599
7.227119	-2.189925
7.1710606	-2.2362344
6.4215226	-0.6130011
5.5512466	-0.19712599
5.1834517	0.10107202
4.571999	0.25852352
7.0904794	-1.7168489
7.1523395	-2.2048926
7.059107	-2.347126
6.843816	-2.5772846
6.732136	-2.6952484
5.5705914	-0.5107026
7.17035	-2.1107368
6.921749	-2.431843
6.686165	-2.6542506
6.4593863	-2.9791343
6.458055	-3.0605655
6.48587	-3.0764923
6.558614	-3.0525885
6.6820364	-2.8851485
6.5328536	-1.1981211
5.540265	0.44583395
6.7003093	-1.622558
6.930367	-2.4740734
6.556605	-2.7802842
6.435847	-3.0521631
6.3963575	-3.0726876
6.532577	-3.0333016
6.6979175	-2.4210033
6.262341	-0.44034374
5.4387183	-0.41434363
6.5944004	-1.9470794
6.9775815	-2.313356
6.8297734	-2.5693731
6.7816944	-2.6491182
6.6026287	-2.8962882
6.478036	-3.078599
6.4130964	-3.032162
6.531945	-1.0626036
5.4719076	0.42971113
4.6992188	0.32912874
5.53532	-0.61878926
6.754305	-2.2757785
6.6737895	-2.8118904
6.5486026	-3.0113595
6.5257654	-3.0440545
6.8108587	-2.4190085
6.337895	-0.504423
5.50949	0.44331732
6.300141	-1.9403516
6.3434668	-2.0811644
6.3827405	-2.1845205
6.5973406	-2.6084402
6.590204	-2.876159
6.5120234	-2.9932413
6.588293	-3.0111735
6.6998377	-2.9939234
6.7836933	-2.8074076
6.864677	-2.0018783
6.329895	-0.41896233
5.760743	0.2717721
4.533041	0.39666677
5.1676416	-0.055271383
6.0890355	-1.881569
6.2868476	-2.0237126
6.283755	-2.022529
6.105338	-2.1607673
6.3649077	-2.4320621
6.6752152	-2.7216568
6.482066	-3.026181
6.57053	-2.9344475
6.834061	-2.7226043
6.1871324	-0.28041124
4.7607307	0.43884513
6.4136534	-1.9874873
6.138885	-2.2338254
6.319977	-2.6231797
6.5452504	-3.0955946
6.7318373	-2.9458425
6.8418174	-2.715791
6.802852	-1.717903
5.906133	0.07227041
6.303594	-2.0467563
6.361515	-2.1950557
6.339217	-2.1497517
6.419732	-2.1690986
6.456071	-2.6785119
6.4550204	-3.0412233
6.503624	-3.0321872
6.3451324	-3.0363932
6.4192486	-3.0506737
6.593726	-3.0300956
6.8030624	-2.7757487
6.6988435	-2.694507
6.54878	-2.5351477
6.638822	-2.2889104
5.708017	0.44912544
2.9244397	1.4506283
4.9994993	0.16713552
5.571088	-0.5570679
6.3371916	-2.23644
6.2751827	-2.5401947
6.2166986	-2.5377204
6.2594233	-2.887656
6.5183563	-2.9685342
6.706753	-2.8601434
6.723429	-2.646757
6.4495015	-2.2564116
6.2840543	-2.2087848
6.619862	-1.5169238
5.9650855	0.05198451
5.629665	0.53860426
6.613425	-1.8953289
6.726136	-2.1166966
6.6979384	-2.2548041
6.4969754	-2.3633077
6.4356422	-2.3211007
6.563716	-2.5116775
6.5453587	-2.5447047
6.3546724	-2.4718032
5.949017	-2.2601638
5.916585	-2.3288019
6.5409737	-2.2281961
6.607957	-2.4757168
6.4805303	-2.0743508
6.546053	-2.0280664
2.9327018	1.2457064
4.441778	0.23981774
6.3412313	-1.9219682
6.836067	-2.225805
6.779302	-2.5371082
6.4695525	-2.6063771
6.256781	-2.671358
6.2332454	-2.6238105
6.2349567	-2.7080522
6.213243	-2.5660222
6.124991	-2.47027
5.7371693	-2.0179465
5.725542	-1.9453098
6.1843696	-2.240799
6.747289	-2.7307692
6.432262	-2.6343045
6.2417107	-2.1308274
6.3053255	-2.2941997
6.638585	-2.1028628
6.72835	-1.6708003
6.0674114	-0.056361407
3.6544363	1.0316671
3.986138	0.3238829
4.868221	-0.9614299
6.825153	-2.2207618
5.9736934	-2.2278273
5.9267564	-2.1009984
5.8068695	-1.9473033
5.663922	-1.8112401
5.3781204	-1.4823352
5.433769	-1.5116798
6.0019536	-1.9976064
6.4163604	-2.2509766
6.6497517	-2.7046053
6.3135457	-2.395283
6.316944	-2.1974454
6.3582597	-2.25592
6.724842	-2.65299
6.516851	-0.9638248
5.149831	0.5075579
4.4328055	0.59581643
5.0322247	-1.1172217
6.254064	-1.8417525
6.2785897	-2.090862
5.990864	-2.1906304
5.933364	-2.177241
5.865161	-2.1211169
5.4585857	-1.6975663
5.2977123	-1.5493793
5.236579	-1.3893733
6.324794	-2.6763594
5.9952717	-2.2668748
6.0896573	-2.4416718
6.176133	-2.502918
6.4904113	-2.8969843
6.5944967	-2.7040074
6.5052533	-1.2269728
5.9091516	-0.003792941
6.2758436	1.2390677
6.840785	-0.16578881
5.611981	0.16757903
5.2781625	0.38217053
3.897028	0.21469413
4.265018	-0.6731711
4.9177127	-1.2137231
5.675317	-1.9087024
5.539328	-1.7722569
5.4343724	-1.6171243
5.2138424	-1.3948672
5.2079062	-1.3361154
5.2249007	-1.2638122
5.3357077	-1.477792
5.957036	-2.3518186
6.24598	-2.6667485
6.431542	-2.9049568
6.4658036	-2.8179078
6.616872	-1.7677578
6.2849646	-0.4343876
5.795368	0.27450085
12.776643	2.8787186
12.313366	5.30309
7.1927347	0.66052413
7.110547	0.5788935
6.4759164	-1.267842
5.6187716	-0.075223505
5.5121984	0.4366579
3.7279637	0.13867748
5.0093045	-1.236043
5.3759394	-1.4574804
5.3077745	-1.4656969
5.2638755	-1.3818728
5.3106937	-1.3184586
5.2553916	-1.3341837
5.2977004	-1.4132513
5.7158575	-1.9503733
6.1561856	-2.4757671
6.0709906	-2.5747797
6.010987	-2.472703
5.993462	-2.3522592
6.208829	-2.6303277
6.7272186	-2.4967425
6.690964	-1.8337009
5.582875	0.5106108
13.0529995	2.1534593
13.438879	2.58019
12.284384	4.1565685
7.262521	0.9870897
6.857356	0.5739864
5.9510593	-0.33451462
4.403073	0.6915441
4.5834775	0.4585261
5.00791	-0.9936596
4.979251	-1.2118579
5.1072817	-1.3026289
5.0382757	-1.2047791
5.1819563	-1.3546083
5.3101773	-1.4614625
5.224611	-1.2801833
5.435222	-1.5420825
6.1738954	-2.5045273
5.979937	-2.152422
6.2260528	-2.1599395
6.7368083	-2.0482543
6.788161	-1.544497
6.2980895	-0.42703763
5.6134424	0.5505527
6.7427516	0.61793774
7.1665883	0.6527681
7.150025	0.6461707
5.6230617	-0.49175328
5.806025	-0.61926556
6.0937815	-0.8549938
6.193285	-0.9871355
5.254402	-0.15835285
4.924124	-0.15001775
4.8624396	-0.25626352
4.4585137	-0.59471595
4.3671565	-0.65946406
4.427401	-0.72597474
4.7991533	-1.0779088
5.0696306	-1.3227328
5.2224784	-1.3340871
5.382991	-1.2078133
5.264916	-1.4093224
5.540338	-1.7621878
6.115659	-2.4554403
6.01551	-2.2819557
6.0641427	-2.1683936
6.286014	-2.2241554
6.763119	-1.5146154
6.234134	-0.27484316
5.7420654	0.33737615
10.745554	3.7404263
9.965785	4.575418
6.75578	0.5613508
4.2306437	-0.18414526
6.456615	0.26571667
5.4966373	-1.2398189
5.371784	-1.3021106
4.929245	-0.9364467
4.459312	-0.6803735
4.552608	-0.71728563
4.611037	-0.57059044
4.452373	-0.5187757
4.1196485	-0.4332136
4.0507555	-0.45108545
4.273497	-0.60444933
4.3069863	-0.6845072
4.3467655	-0.73316413
4.9725523	-1.2611214
5.6277885	-1.9014366
5.9106965	-2.2604375
6.0216265	-2.2552829
5.9086485	-2.0436106
5.802585	-1.9802575
6.21322	-2.1480205
6.3542876	-2.132852
6.570716	-2.1472964
6.433561	-2.1006153
6.810635	-1.8221899
6.6677823	-1.432902
7.4275875	0.78081274
7.1372237	0.6430231
3.6155527	-0.08219682
3.2730944	0.18188457
3.463047	0.057350684
3.7300618	-0.17466067
4.655221	-0.91822106
4.6309986	-0.8519643
4.51962	-0.67896515
4.387846	-0.5738978
3.7478254	-0.4235437
3.7286046	-0.38072437
4.008939	-0.52831775
4.682875	0.1432462
3.8388278	0.18497908
3.7713373	0.19707805
3.7811475	0.12774138
4.04656	-0.38001376
4.51457	-0.9850481
5.7759237	-1.9926263
5.9514627	-2.1368906
6.204453	-2.159486
6.449463	-2.4228106
6.7063203	-2.1986005
6.7514772	-2.087821
6.6263084	-1.8483632
6.45859	-1.1884869
7.1211433	0.6671424
6.9978266	0.6036985
4.183656	-0.22606066
3.074325	-0.11759165
3.374349	-0.09383868
3.7259862	-0.3426326
3.740685	-0.4233698
3.493359	-0.34206522
2.9036336	0.031692456
2.9086003	0.066722594
3.4801848	-0.095149755
4.367292	-0.494442
5.1830573	-0.32109514
5.0745525	-0.16152185
5.044102	0.0026584286
4.991763	-1.2382193
5.3002167	-1.4020821
5.718631	-1.931751
6.2613583	-2.1293547
6.6750617	-2.1430175
6.089531	-0.2347023
7.550198	0.8362135
7.1714416	0.6695196
6.923378	0.6127805
4.353773	-0.23182729
2.8506355	-0.010496708
2.416367	0.07745524
1.9241472	0.42985913
1.9751586	0.8214428
2.095354	0.8399455
2.7779367	0.4243247
3.1302307	0.102495864
3.113385	-0.15275703
2.9883492	-0.12029957
2.9345329	0.023672502
2.966975	0.050454456
2.8832037	0.037557743
2.484655	0.14230587
2.164609	0.25634894
2.183646	0.37592837
2.8193183	0.31145555
3.9464624	-0.4095383
4.980075	-1.2039659
5.2187195	-1.3450978
5.2452555	-1.3111836
5.498276	-0.19665122
5.0153046	-1.2374529
5.9213557	-2.2111332
6.775033	-2.2711644
6.6957617	-2.0439458
6.617083	-1.9699831
6.544003	-1.3994703
7.107155	0.64998996
6.656977	0.521089
4.0119753	-0.30305582
1.4734232	0.62288934
1.2303253	0.62050486
1.3010556	1.1641698
1.7169391	1.1187183
2.3293	0.875958
2.4475014	0.16895181
2.4010148	0.20649737
1.6958424	0.8348119
2.346708	0.7921369
4.5894494	-0.55318874
5.264512	-1.4424161
5.696138	-1.7870028
6.224943	-0.983877
6.5593014	-0.7892191
6.212437	-0.2446817
3.91296	0.21498826
5.009379	-1.2987535
6.525253	-2.438056
6.7731514	-2.0240176
6.803842	-2.1260898
6.7633905	-2.1125612
6.7062798	-2.1267498
6.5270305	-2.0652966
7.201835	0.6705059
6.541748	0.46895948
3.3128016	-0.24449807
1.944759	0.26290557
0.9364295	0.8149361
1.0573736	1.5050482
0.89037645	1.1923348
0.787345	1.1335922
1.8904713	1.2067378
2.5573125	0.7109334
2.2493725	0.2946436
1.9894564	0.5280081
1.8332576	0.8790097
1.9452289	1.12884
2.7284594	0.48970953
4.456956	-0.8802315
5.004796	-1.3377578
5.9433937	-1.1960666
6.2674365	-0.30662015
4.707496	-1.111393
4.9665236	-1.2901783
6.179363	-2.4173596
6.6439514	-2.4131744
6.8023367	-2.3828313
6.7917614	-2.2592993
6.8226614	-2.2410514
3.25636	0.38436836
2.9603224	0.14169994
2.8094358	-0.018274289
2.311981	0.10457982
0.76715434	0.9297571
0.9652505	1.45776
0.8878863	1.1301137
2.8157358	0.5729522
2.4430957	0.92980915
2.0988982	0.63734317
1.6593016	0.63471955
1.5285228	0.9043257
1.7041451	1.169838
2.2366445	0.9307023
2.8414233	0.4286406
3.8340712	-0.33539718
4.3480234	-0.73376703
4.679656	-0.8435607
5.1467776	-1.065601
6.4668875	-1.7399243
6.4812083	-1.5706552
6.0453935	-0.13250156
5.63899	0.39048678
4.3083453	-0.79618603
4.92373	-1.2586052
6.3211026	-2.5086355
6.495225	-2.5099726
6.5884256	-2.4391875
6.5145617	-2.0933502
6.2333107	-1.6429718
6.1843324	-1.064277
6.741258	0.57793427
4.0970693	-0.15772124
2.6239269	0.056208365
2.2851927	0.78455484
2.1822352	0.36727366
0.95187455	0.7751103
0.5968592	0.99248147
0.7219301	1.3451557
1.2499195	1.4831787
1.2732042	1.1513174
0.7793893	1.2892188
1.0699644	1.7363031
1.8024635	1.3607728
2.4960763	0.6702911
2.805838	0.23835814
2.5974042	0.3303671
2.196471	0.5819305
1.8251269	0.73499066
1.7807606	0.8365192
2.3240533	0.83590233
2.799617	0.6316466
2.564793	0.76632494
2.660054	0.6590222
3.2516768	0.23581773
3.8923495	-0.24678077
4.624784	-0.5401541
6.3026576	-2.2148623
6.336915	-1.1968318
5.720303	0.093732595
4.2067313	-0.6514171
4.819678	-1.178716
5.6851196	-1.8804466
5.7409034	-1.9186555
5.9584117	-1.9180876
5.72536	-1.7416694
5.3831525	-1.4299098
2.1877499	0.45760947
1.2531489	0.9723545
1.1667789	0.80291283
0.8478647	0.8161334
0.5856086	1.059424
0.441438	1.4572504
0.56024796	1.5581471
0.9700907	1.6772499
1.7432555	1.4533734
2.2572365	1.3710196
1.0094249	1.3297262
0.55793643	1.5589988
0.8198323	1.723665
1.1187243	1.7004517
2.2245965	0.7224977
2.398549	0.5909197
2.2845743	0.59556746
2.0037134	0.73585457
1.792537	0.869842
2.0904422	1.0992669
2.6416128	0.64923596
2.9670746	0.42268446
2.9833171	0.5768595
3.2576487	0.21920246
3.5404594	0.121807754
5.166684	-1.2822568
6.2899547	-2.1015224
5.6715007	0.19415079
5.4201355	0.3872553
4.2829175	-0.7411283
4.399911	-0.83162093
5.1177034	-0.99979275
4.7462244	-0.6143614
4.6071863	-0.39328912
4.82614	-0.11023512
4.3948164	-0.28864563
3.9382102	-0.23910664
3.083361	-0.1331404
2.1811786	0.2514958
0.56337553	1.1247257
0.42130372	1.556542
0.893594	1.7418865
1.7366657	1.5398891
2.938267	1.5045009
3.2484334	1.2928648
3.2136016	1.3152707
3.0261984	1.379191
2.1718948	1.4506594
1.3075935	1.4627861
2.0156355	1.1792015
2.2484434	0.9854701
2.3038778	0.83582884
2.3617744	0.6218583
2.2210948	0.62263083
2.5850348	0.6406108
3.1065447	0.28793216
3.1978085	0.10137897
3.5848782	0.054162882
5.1978445	-1.3768694
5.7832274	-2.003537
6.526932	-1.4143623
5.5250173	0.3822898
-1.9025829	4.980255
4.356296	-0.76687086
4.6070857	-0.43316036
4.369662	-0.32016876
4.1937647	-0.14237764
2.3943536	0.06702248
0.4428308	1.6915182
0.4829912	1.6915503
0.93593264	1.7908291
1.6691133	1.4568043
2.877036	1.1327199
2.4143682	1.422134
2.3363247	1.4306209
2.794136	1.4786487
3.2799795	1.208484
3.244342	1.1668906
3.2497742	1.1256859
3.1756732	1.1394831
3.1593156	1.1116799
3.3550777	0.44150308
3.3964074	0.06561125
3.280085	0.06833329
3.1556487	0.14958039
4.7062297	-0.46354178
5.6754518	-1.8019266
6.788037	-1.8425556
6.312128	-0.40750688
5.785447	-0.10062637
5.291424	0.12667786
-1.8818594	4.9655757
6.8530264	-0.17323162
6.239549	0.37722915
2.7492418	-0.009822376
2.2601092	0.1986893
1.6789101	0.3943257
0.5131835	1.3274076
0.53998566	1.6938087
0.48731112	1.7852879
0.46975923	1.7302519
1.150288	1.6283715
2.6195982	0.756719
3.0548964	0.58297396
2.971759	0.7949721
2.8076994	1.1580775
2.9962752	1.1871002
4.4418635	0.57666427
4.4689403	0.5792715
4.4491096	0.63432926
4.4469447	0.6292838
3.409786	0.050923403
3.231578	0.10307466
3.2251878	0.1175399
3.5865164	0.0064475136
4.549135	-0.5085493
5.369748	-1.3065056
5.6201625	-1.6527866
6.1904283	-2.1713545
6.7722325	-2.0979373
6.3361583	-0.62203825
5.819086	-0.56444293
5.4773397	-0.39786583
5.332277	-0.21020064
2.668835	0.014274309
1.8771206	0.48447165
1.4665316	0.6538058
0.8882865	0.8645419
0.8065334	1.1717856
0.5292526	1.6671933
0.47729793	1.6549634
0.61366403	1.8055574
0.8564698	1.7977679
1.3810439	1.617929
2.062693	1.3177819
2.582659	1.3311913
2.4989526	1.1369393
2.4635842	1.2403564
2.95179	0.6431424
4.1818714	0.3341292
4.7651725	-0.35914338
4.8721285	-0.33630913
4.8076897	-0.21905869
4.8949027	-0.12138466
5.0041165	-0.12572101
5.0142555	-0.11536903
4.9719853	-0.16101354
4.8741117	-0.04605976
3.1941807	0.13954702
3.5918133	-0.08244198
3.9813237	-0.37685928
4.5787888	-0.819673
6.8071976	-2.3195434
6.943838	-2.1673038
6.7730923	-2.0863512
5.1734343	-0.42819667
7.0168304	0.7742506
6.5842056	0.46918103
1.6530565	0.33822095
1.149549	0.5638237
0.78413224	1.0280712
0.8359476	1.2701969
0.95245725	1.3446728
0.58351177	1.5673937
0.52219594	1.6751745
0.5237115	1.7461957
0.5938516	1.7500505
2.060958	1.1381382
1.7254891	0.904055
2.1967132	1.0777211
2.765975	0.69492996
3.4947555	0.015413835
3.7286735	-0.1949401
4.027884	-0.26607406
4.294434	-0.54513544
5.1706266	-1.1274498
5.0532355	-0.7770822
4.963663	-0.42316285
4.9734545	-0.2230186
4.9040318	-0.13398056
4.3677683	0.06793875
3.3170216	0.096336775
3.179179	0.12160064
3.3124063	0.081378065
3.5600343	-0.11039276
4.8741593	-0.84731925
5.8722057	-1.8462204
6.4615173	-2.1475594
6.926786	-2.415991
6.7378197	-2.4638875
6.6471844	-2.4758022
4.9774723	-0.30081645
-0.5795143	7.388954
7.015186	0.8441959
2.4129364	0.0689429
0.6510749	1.6191174
0.993124	1.2711049
0.5529439	1.5487641
0.5397959	1.7111187
0.71906585	1.738345
1.0722356	1.6810544
1.7897246	1.3048427
1.7288234	0.79953676
1.7026258	0.87623847
1.5227443	1.0209211
1.976334	1.10479
2.6064239	0.6404298
2.888149	0.41482013
3.1648893	0.5616734
3.6543653	0.26290286
4.312369	-0.61740756
4.8510323	-0.79316634
4.489094	-0.58409584
4.381421	-0.67325455
4.744892	-0.6637768
4.904019	-0.023416921
3.2734492	0.15815213
3.5079486	-0.06394437
4.691585	-0.5051958
6.3445997	-2.0631273
3.7387366	-0.22280242
2.4058137	0.047714535
1.5594641	0.38430363
0.61963284	1.0564291
0.52239484	1.5909251
0.59263325	1.6540772
1.1116418	1.1555294
0.94381124	1.2258283
0.6503562	1.378654
0.9181364	1.7364973
1.2954546	1.5752978
1.6592976	1.049879
1.9656305	0.82902175
1.8267338	0.754431
2.0663815	1.211532
2.2406628	1.0489954
2.8096316	1.4068102
3.8578703	0.26964396
4.062467	-0.16266796
3.8662407	-0.07383885
3.5482154	0.32411358
4.1194553	-0.42877984
4.5565367	-0.13849536
3.2397447	0.09147907
3.2166963	0.08299352
3.068832	-0.037674557
4.5453157	-0.430585
5.749341	-1.2397453
6.4016976	-1.9542166
6.8898687	-2.3854
6.450825	-2.0674386
4.7878804	-0.1255316
2.3763134	0.094752535
1.5503329	0.3685941
0.6403718	0.9814013
0.5834321	1.6413969
0.78879386	1.64568
1.1297499	1.4601735
1.0645094	1.1642392
0.98495144	1.0119224
0.5290748	1.3805026
0.5507699	1.6720062
0.97816366	1.7346863
1.453522	1.517096
1.7074206	1.3746638
2.8129883	1.4669851
3.1016648	1.2668476
2.589629	1.2866083
2.8171008	1.4536297
3.2290502	1.2888159
3.3899298	1.1817403
3.697769	0.9832091
3.923553	0.79092723
2.868531	0.92585444
2.6174428	0.78572994
4.304032	-0.020033792
3.3364112	0.07674591
3.1577477	0.3000997
3.1661818	0.49213627
3.6623428	0.21284352
4.6597266	-0.33378664
6.765746	-1.9493285
6.7516675	-2.0445967
6.5349646	-2.1105607
6.2937374	-2.090075
4.1672316	-0.32817113
-0.2608214	7.510903
7.0425205	0.9172823
4.373512	-0.21904479
2.760072	0.0024825505
1.8552552	0.44778955
0.88251483	0.83307076
0.62247926	1.5906678
0.75487417	1.4895132
1.0724938	1.2749221
1.1451808	1.1510351
0.53868943	1.3461726
1.5679339	1.452974
1.8874221	1.3528013
2.7369227	1.3043408
2.9739032	1.1782067
4.290323	0.6494026
3.001837	1.007954
2.714869	1.3329463
2.9426122	1.1531135
3.7282946	0.9420969
3.7255447	0.9425701
6.0564027	9.415543
4.1446853	-0.31546077
4.5791183	0.1547523
4.4421463	0.6014582
4.4237494	0.45409012
6.0355444	-0.91987634
6.4041967	-1.0938513
6.2751966	-1.658193
4.195245	-0.041275132
3.4265583	0.38315573
3.5252397	1.0621212
-0.17471689	7.5375285
6.735359	0.71554494
4.2979937	-0.055635236
2.727309	0.13798021
1.0059315	1.2194152
0.84413356	1.4350631
0.57445663	1.576997
0.60034	1.5920932
0.7022818	1.430776
0.8341966	1.1884507
0.9255128	1.0257394
0.7324331	0.9804538
0.5598741	1.3446983
0.5416136	1.5962576
0.5881565	1.728033
0.9124413	1.7779105
1.5447074	1.5831192
1.9683677	1.3686551
2.8805625	0.5695346
3.529966	0.43846413
3.1884704	0.96945286
3.0227284	1.131946
2.8607879	0.8886079
3.4719803	0.6492414
3.4416144	0.58655566
2.9706678	1.0833329
2.4674795	1.5028266
1.6466235	1.596923
3.517826	0.41284668
4.7662053	-0.18582724
4.8966208	-0.27078247
5.058621	-0.2600522
5.071717	0.005077012
5.1070232	-0.12247717
6.0937586	-0.84472555
6.3778286	-0.9520024
6.415101	-0.9939792
5.61502	0.5313651
3.0834699	1.0664331
3.396488	0.51971084
3.742963	0.35231844
4.3699117	-0.13699187
3.539013	-0.19499865
2.3809876	0.050061457
1.0825315	0.9345835
1.0225222	1.0976475
0.8458151	1.1872586
0.84369844	1.3339846
0.6086691	1.5801315
0.85703975	1.2545785
0.8159063	1.2139059
0.4659641	1.3007188
0.63824844	1.6725518
1.0076995	1.7147369
1.6354011	1.5100814
1.9895835	0.96286356
2.930748	0.6091547
3.3915515	0.4550756
2.6524558	1.4011544
2.9250946	0.9350847
2.9142737	1.4758171
5.0453277	0.03125657
5.5630465	-1.0598197
5.7075458	-0.61538565
6.5060067	-0.9063556
6.4254723	-0.8908871
6.4566097	-0.9475271
6.3833737	-0.9277757
6.1824083	-0.9360881
5.8048196	0.33336535
3.5661278	1.0328016
1.5822186	0.38841507
0.9541841	0.78873396
1.0290052	0.965843
0.87805134	1.2339857
1.0505617	1.1481198
1.134156	1.2618166
1.0032098	1.437026
0.7187523	1.3654511
0.8668446	1.691478
1.7334731	0.9413394
2.4630606	1.119274
2.7383738	0.83133006
2.886571	0.778296
2.871425	1.1323024
3.0314243	0.9782823
2.7250254	1.3634062
2.7872143	1.3792603
3.1803136	1.3898277
3.535816	1.1823163
4.596588	0.5776127
5.646429	-0.55230296
5.8523135	-0.7695284
5.98879	-0.8648309
6.1886673	-0.9984895
6.180306	-1.0824689
5.7391934	-1.1693023
6.049621	-0.96115005
6.3903437	-1.0394113
6.652464	-1.18958
6.656996	-1.1622704
6.681455	-1.0448024
6.657582	-1.0329459
6.5880637	-1.0182799
6.49653	-1.0120478
5.715756	0.12403107
5.691323	1.2801464
6.648838	-0.017593853
7.310398	1.0390525
6.351534	0.5182954
3.103578	0.036463782
1.8777581	0.51017684
1.0313781	0.8600494
0.9281399	0.98570216
0.95403665	0.9787495
0.98254377	1.1089516
1.2050123	0.96294576
1.4169731	1.116098
1.08878	1.226502
1.0218421	1.2715364
0.89025944	1.2093127
0.5544482	1.363195
0.8924368	1.7274137
2.3124795	1.3816909
2.5780296	1.3985416
2.7270823	1.4192848
2.8116462	1.3963388
2.99086	1.180188
2.9953504	1.2660791
3.8883703	1.0231131
4.732851	0.47020698
5.0194874	0.11397211
5.015495	-0.07850016
5.862641	-0.7645398
6.281402	-0.94381815
6.298515	-0.9778306
6.5147324	-1.707111
6.2912917	-1.0144179
6.3915033	-1.0905427
6.5288553	-1.0475622
6.5934043	-0.8601749
6.5033755	-0.7263813
6.5281415	-0.77883035
12.453086	2.4759574
6.911989	-0.15079218
2.3630877	1.7348459
6.3360925	0.37291622
1.1432873	1.2144825
1.1150142	1.2979645
0.9275828	1.2820455
1.0409161	1.0337527
1.1337298	0.9415518
1.4203811	0.8339619
1.1896013	0.9239262
1.2170315	1.0143137
0.92894673	1.1357164
0.7636236	1.7835832
0.86867535	1.774003
1.2763168	1.5690465
1.8079015	1.495818
2.61705	1.4588687
2.9638097	1.3640906
3.6132896	1.1531329
4.1729198	0.8620639
4.64977	0.5221199
5.692366	-0.5556901
5.727299	-0.63062644
5.919313	-0.82281923
6.1704965	-0.8966703
6.381302	-1.0151623
6.304554	-1.145506
6.3337626	-1.1855197
6.248277	-1.4522495
6.221785	-1.6737663
6.3057766	-1.1775637
6.3478694	-1.04868
6.382032	-0.9568555
6.38757	-1.0015517
6.6833453	-1.0552554
6.852944	-1.0166305
6.8677735	-1.0391884
6.888041	-1.0521483
6.9037557	-1.004482
6.8925843	-0.79170316
13.163237	2.0923996
5.9231887	0.6868397
2.913991	1.3788432
2.94349	1.3191841
2.5677004	1.5931501
6.9983034	-0.10246071
2.3993375	0.5551465
2.0245318	0.6803098
1.7834507	0.7865893
1.2233831	1.1287566
1.0991607	1.0701866
0.962166	1.035407
0.91149205	1.0012327
0.90720373	1.0054291
0.9588396	0.9167654
1.1620744	1.2256159
1.0097824	1.2701144
0.687332	1.4575802
0.5738765	1.5459787
0.6378182	1.6820899
0.8458386	1.770246
1.3886703	1.6544081
3.5398827	0.95554125
3.4271464	0.9774474
3.2216384	0.96376556
3.3842247	0.9401598
4.407745	0.5040175
5.247934	-0.23650458
5.8061624	-0.66351604
6.184657	-0.94632876
6.3120093	-1.0045909
6.310203	-1.0271685
5.4791546	-1.3896435
5.578782	-1.5535208
6.10814	-1.5984834
6.2764826	-1.3240854
6.4614654	-1.0498667
6.531298	-1.024639
6.6415205	-1.0359429
6.708117	-1.0920677
6.787424	-1.0384102
6.9400945	-0.85769105
7.118559	0.5929576
12.312217	4.346816
5.916739	0.7092939
3.0738227	1.2872912
2.8869522	1.3495232
3.2775822	1.09644
3.1083105	1.275031
6.090313	-0.14918171
7.1078405	-1.7883344
7.1560574	-1.9959493
4.480652	0.23118131
5.2486224	-0.9952803
7.221105	-1.9840565
7.212849	-2.1199524
6.2180066	-1.3106918
7.1621842	-1.9859308
6.72868	-2.6866536
6.5922265	-1.284576
5.6123786	0.32757068
4.7572994	0.41407013
7.034901	-1.6704859
5.8334	0.079551436
5.1465063	0.0026901106
7.1758094	-2.1359746
7.1201806	-2.237624
6.4851017	-3.0514283
6.42028	-3.0487678
5.6418605	0.39180234
6.477908	-3.0614374
6.465326	-3.0622778
6.3886743	-3.0048027
5.902743	0.017052434
6.671025	-1.9880813
6.6213117	-2.454366
6.5527782	-3.043172
6.39205	-2.8891912
6.3988414	-2.573169
5.83093	0.11779563
4.579463	0.2392814
6.28222	-2.1632042
6.5363145	-2.9878683
6.5798063	-2.9886925
6.476855	-1.805052
6.7755246	-2.8507397
6.822616	-2.655141
6.8307366	-1.8929441
2.7541752	1.4518795
5.4992423	-0.41353709
6.235368	-2.218559
6.443572	-2.9998047
6.444352	-3.0266922
6.811278	-2.804902
6.783932	-2.7205496
6.8031006	-2.5011818
5.236704	-0.115402505
5.9959173	-2.0822785
6.381534	-2.1024144
6.8034177	-2.6245856
6.2045245	-0.29933676
6.364024	-2.3729618
6.3684363	-2.627645
6.3633604	-2.833032
6.3987193	-3.0333564
6.28157	-2.9361732
6.27604	-2.8766165
6.779189	-2.6747665
2.8430433	1.459379
4.7572536	0.40889555
5.509746	-0.45169932
6.0853095	-2.4667728
6.8331757	-2.5972686
6.281519	-0.40483055
5.131909	-1.0992153
6.6674	-2.3754435
6.764721	-2.672873
6.2612305	-1.8636019
6.293455	-2.3096209
6.0632706	-2.3088553
6.6203628	-2.652582
6.154124	-2.1700115
5.9815893	0.023457201
5.6175337	0.49759963
5.179347	0.56225234
4.3873954	0.18062997
5.2589016	-1.3522084
5.501473	-1.521896
5.9289517	-2.0195916
6.354968	-2.6346571
6.360782	-0.42348906
5.3114934	-1.573146
5.249433	-1.4185674
5.3862586	-1.3837057
5.7464795	-1.9222063
6.1195154	-2.4620876
6.297768	-2.484795
3.6039107	0.20221508
5.2461185	-1.3392361
5.2542753	-1.3524835
6.06116	-2.4756362
6.3103175	-0.4143989
5.8098545	0.24542278
6.3813176	-0.96867645
5.6408324	0.3220873
4.943533	-0.13258219
5.20135	-1.3640385
5.949784	-2.1769195
6.039105	-2.4392705
6.0088444	-2.353954
6.675818	-2.3893511
5.8204317	0.2565177
7.039995	0.64915836
7.0909004	0.6492329
7.124508	0.6434148
7.103074	0.6834342
4.9016404	-0.10834098
5.2259493	-1.2210913
6.1111174	-2.2398608
6.0388455	-2.394629
6.06162	-2.2712376
6.4406857	-2.3213048
6.5748186	-2.3893716
6.739876	-2.321635
6.796276	-2.1908395
6.5060773	0.4006276
4.1555433	-0.19549818
5.4390087	-1.3388245
5.407185	-1.2664682
4.569573	-0.70745665
4.3990574	-0.7040761
4.2679386	-0.60416156
4.559716	-0.9875796
5.948767	-2.0204432
6.7456274	-2.1131973
6.0604367	-0.11033765
5.641919	0.47072005
6.575408	0.4101363
4.2124963	-0.2061963
4.2456527	-0.6301287
4.994217	-0.178957
4.9497604	-0.01215611
4.834838	0.08093578
3.8404596	0.1787252
3.8050225	0.18959557
4.9628577	-1.2516396
5.6290874	-1.7955052
5.6406846	-1.8645338
6.5335565	-2.3453972
6.5556746	0.46932992
3.5389667	-0.280293
2.7494657	0.20724666
2.773794	0.3172727
2.838836	0.30872115
3.9582613	-0.4423929
3.1905842	-0.21531856
2.9051168	-0.0336187
5.1663632	-1.2719612
5.236905	0.18340348
4.341135	-0.7436177
5.9930515	-2.1490123
6.5596037	-2.149462
6.528475	-2.1311743
6.448536	-2.0257742
6.5358744	-1.5195357
5.674106	0.40904456
6.582096	0.3833928
3.9094803	-0.18392564
2.3146832	0.7885428
5.2969174	-0.47997883
3.9282868	0.25217384
4.349075	-0.73208445
5.4509583	-1.6592066
6.119669	-2.4883502
6.263439	-2.3259258
6.614688	-2.1112602
5.9308577	0.05946779
7.3869247	0.7388133
4.307057	-0.23062253
2.5230985	0.04276506
2.1038718	0.23609848
1.4433949	0.96546686
1.4303125	1.1144692
2.837932	0.43163607
2.7747934	0.0022282018
2.5457315	0.5972381
2.1186676	0.38575226
1.6296511	0.72158957
6.064021	-1.2352778
6.0216427	-2.255668
6.359065	-2.3588276
6.7853417	-2.2351568
7.0477533	0.64004636
4.1760197	-0.27326098
3.809178	-0.29302487
2.5724058	0.017692493
1.3587906	0.58361304
1.0303648	1.3752369
2.4673135	0.83292955
2.17127	0.96857995
3.825536	-0.34401077
6.710699	-1.4148691
6.6983023	-1.4986019
3.8966854	0.23016863
4.22717	-0.65962887
6.422466	-2.7408888
6.5884905	-2.0237005
6.4804754	-1.2741733
7.1769605	0.66525745
3.9909692	-0.18560836
1.6638818	0.41760343
1.1261556	0.71689355
1.5644746	1.4845527
1.2091982	1.2538716
0.5464191	1.3175942
0.84002465	1.739242
1.2940283	1.5866319
2.211626	1.0394925
2.9587538	0.6040516
2.2201765	0.91187763
2.3564477	0.8107994
5.3712306	-1.2440648
6.5190387	-2.6372373
5.559871	-0.15954712
5.419631	0.11045959
1.4873103	0.44554222
1.7062186	1.3984184
0.5406623	1.5349506
3.6840835	-0.12701598
6.196852	-2.153141
5.6636705	-1.8617455
5.173743	-1.1061846
4.74688	-0.1626342
6.803625	0.5626738
4.518041	-0.23503649
3.4004629	-0.033948567
2.2347112	1.2405722
1.638072	1.2996677
2.1036103	0.88547885
4.6920543	-0.38142034
5.8678765	-2.0363321
6.374042	-1.210779
0.43059188	1.4834169
0.40719607	1.5030897
1.3137354	1.3522049
1.7334176	1.4365265
2.0801358	0.7943288
2.2877815	0.89178014
3.1997492	0.19297925
3.2267604	0.12315994
4.7092166	-0.47691166
6.2827864	-2.1084409
5.9289513	-0.07861616
3.9467673	-0.46642506
4.614655	-0.42349955
6.650532	0.5854675
3.4251153	-0.29304028
3.0677192	-0.20085487
1.5716256	0.38178492
0.59757984	1.0828426
3.050673	0.79586643
2.8778136	1.3076144
3.1836882	1.2380023
3.1915765	1.0391903
3.25327	0.18174021
6.3071785	-2.1334615
3.888923	-0.38662162
4.117117	-0.27296114
0.8804494	0.87209356
0.8092924	1.8428808
2.779399	0.65417117
2.7961764	1.3559217
4.477319	0.58448094
4.477322	0.5684663
4.4530745	0.60325027
4.4645734	0.59851056
5.071952	-1.0398614
6.779695	-1.6590699
-1.9463372	5.040752
7.1718397	0.6781233
6.781344	0.5661937
4.1422906	-0.14651899
0.43331873	1.7939329
2.4714005	1.3119925
4.597487	-0.08676549
3.216297	0.1065216
5.0348315	-1.1342295
5.382007	-1.463016
6.259846	-2.117143
6.6435027	-2.0450685
6.6115384	-1.7995505
3.9834056	-0.25055173
0.927913	1.7413882
1.7223145	0.95888793
3.9276388	-0.19496582
4.833057	-0.6111768
4.1556005	-0.43102387
4.379627	-0.12960571
3.8632374	-0.19635023
1.5560201	0.39187366
0.71535	0.8806734
0.53953063	1.1044711
0.4752032	1.3815656
1.0587132	1.1349988
0.8850138	1.2626784
3.0753295	0.5124958
3.3368485	0.5055321
4.7054634	-0.56944776
4.2401958	0.112544395
3.2353332	0.111465685
3.2379138	0.11196643
3.6677332	-0.17919262
5.793593	-1.7071226
6.473791	-2.1306906
7.036651	-2.2126656
6.990379	-2.3831232
6.6422267	-2.3797398
5.3110414	-0.6576076
4.6247096	-0.10550914
4.3521347	-0.1428131
0.51474077	1.5239022
0.84900236	1.534736
1.0195565	1.3298796
1.0528792	1.1015408
0.52933425	1.5709918
2.1357334	1.0861292
2.736712	1.3852054
4.7409506	-0.64913315
3.3691826	0.06444797
3.126914	0.16630797
3.6329331	-0.005882474
6.9141273	-2.1900687
6.485391	-2.3897033
6.482868	-2.2884502
5.0832067	-0.7893448
0.5181505	1.5250962
1.0485966	1.0601511
0.6874627	1.128304
2.3607955	1.4224052
2.4092486	1.4024338
3.5460148	1.0910828
3.917868	0.623213
3.8845875	0.0098047545
3.5336967	0.3524658
4.680705	-0.25197014
3.3845918	0.08261978
5.822011	-1.036109
6.2123294	-1.3429408
4.9837847	-0.8644258
0.56472665	1.5824655
0.5934624	1.575688
1.0629593	1.0847085
0.76333094	1.1459548
0.79306585	1.758431
3.630969	0.93349314
3.6423676	0.9585989
6.6460247	9.297827
3.6100197	0.27698272
4.5909443	0.32497457
4.445862	0.56734174
5.744721	-0.8091637
6.3927784	-1.4147612
5.355481	-0.20056124
3.5517664	0.53559786
1.8455224	0.72501284
0.668259	1.4249498
2.1082146	1.1328566
3.6067927	0.18240483
3.2365222	0.5930336
3.4352286	0.56131256
3.5333138	0.6338831
3.4834912	0.6124745
4.5452847	-0.29159948
5.135097	-0.102959
6.542644	-1.0323025
6.475612	-1.122378
6.355491	-0.9821664
5.71609	-0.07007363
3.6626797	0.9356271
1.6442475	0.42117307
0.6582823	1.6553264
2.5172832	0.87262183
3.136579	0.8412885
2.9614353	1.1168799
2.840917	1.3779769
3.2151222	1.0440652
3.038359	1.0281233
2.8859222	0.8660621
2.7881627	1.2664125
2.8269136	1.3690214
3.1618142	1.4488499
4.620975	0.5778914
5.4970393	-0.48035234
5.4455595	-1.0923139
6.1039405	-0.8614969
6.3949533	-0.93356633
6.388499	-0.90304434
3.2672732	1.2002935
3.9554317	0.70692086
5.2776756	0.03971647
1.0134114	0.9760899
0.8486547	1.0821708
1.067789	1.3171101
1.027017	1.4725894
1.0197828	1.5253539
1.656884	1.0147961
2.8335233	1.3452325
2.9778404	1.2297771
3.1688924	1.0237485
3.3146849	1.3037587
4.2344375	0.8120402
5.140909	-0.030596934
5.9784336	-0.12258504
5.764067	1.2708918
0.90495855	0.9225268
0.9174123	1.092273
1.0968776	1.0824428
1.5770824	0.9366118
1.4647499	1.1248221
1.5563064	1.2431955
2.7026744	1.4505764
3.1494124	0.97693664
3.011334	1.1761235
3.2679663	1.3060762
4.5422983	0.64050716
5.394198	-0.40338802
6.266647	-1.1033858
6.327922	-2.0262911
6.6450205	-1.0729294
6.5793996	-0.9730791
2.6866894	1.4365389
2.6610384	1.4261924
2.7519584	1.4200805
3.287964	0.027253006
2.0169537	0.6302641
1.0744882	1.1471394
1.2527587	0.8577136
1.4392632	0.78993684
0.52176934	1.396126
0.5929158	1.6332082
3.098586	1.3556062
3.2601929	1.0869193
5.085078	0.02625889
5.590136	-0.49437004
5.666985	-0.5626204
6.8152523	-1.1065259
6.895854	-0.99267364
7.0041294	-1.3274735
12.343991	4.3941607
2.8197265	1.387096
3.0062912	1.318521
6.3418036	0.034569867
4.437761	0.06884016
3.2511554	0.122575976
1.112126	0.91302717
1.0745517	1.1055131
1.9566346	1.4346418
2.8545501	1.2374592
5.700056	-0.57140136
6.056752	-0.7970487
6.3134236	-0.99890274
6.325883	-1.0178077
6.4016986	-1.0009346
6.3273253	-1.0239062
5.5074263	-1.2979885
6.924827	-0.4210478
7.0536566	0.62071186
7.191368	0.6458719
3.3108053	1.0904553
2.7312148	1.4943556
