22.369772	20.393467
50.662155	-22.70511
63.91068	-4.406616
18.280575	-36.204613
-27.258272	18.205706
-14.453363	-80.4531
-57.92708	-51.413208
-58.419514	37.74902
-40.557602	-3.4688275
1.8178022	16.137959
7.511333	-60.116577
57.848907	43.488613
-31.74623	-27.29118
70.088	-6.4546757
-44.8636	1.8548143
-68.516945	-43.80039
51.078274	40.139038
-21.948584	40.778778
27.021797	-38.422096
-37.415886	54.347298
-3.1955082	24.668907
58.953842	57.58969
-29.18782	-83.8414
-51.016857	-61.865635
15.804669	-41.162453
20.312937	49.28031
36.504997	39.28878
-69.713715	-54.10923
16.74055	-46.943233
13.54586	-13.640864
-24.123518	-90.04951
-45.276875	-23.513699
23.996853	33.519733
35.500908	50.295704
24.609076	-25.09526
23.474733	23.516466
2.249529	-67.735916
18.099508	1.0271463
-59.52417	47.224426
26.0674	-10.503808
-23.528069	-77.32366
-35.847977	5.437695
14.776189	-69.84949
-20.942259	59.48348
-29.35246	12.54212
-37.869614	-37.897003
-59.258186	48.911583
78.120926	17.216915
50.9103	29.690092
20.37011	-57.49103
-12.678582	28.483253
35.39062	67.50527
-37.767185	24.061636
3.0954123	12.476872
-36.362003	29.444452
4.623463	-3.2865126
-38.04367	-18.992826
51.8775	35.826492
-21.102438	-85.974724
29.230017	-58.37769
-47.347027	36.764545
21.578535	-42.65531
24.697031	-32.709557
59.152718	9.447697
-71.666916	-8.464142
7.208253	-63.755795
-49.0289	39.048027
45.490543	45.161674
-32.186703	-31.00796
24.757051	12.559073
-3.47921	24.160103
36.20214	-30.599865
10.467345	20.437426
17.086447	-32.236412
-19.285513	14.755907
24.85723	49.786476
76.843735	10.775122
-44.087605	-0.3986685
-23.05958	-77.636696
1.7593573	-47.710136
67.5081	23.287418
-4.051366	-80.81842
-17.284101	22.33284
19.728338	-16.166634
1.0387225	12.300105
18.968468	-63.11195
-39.894615	-28.707312
22.440104	42.48278
10.492113	27.717144
15.74026	-68.84758
17.031406	-9.496836
-35.475735	-25.931536
-34.50705	6.531104
-42.097027	-7.9121485
51.365196	78.008385
-56.10211	-52.31228
22.097048	-54.58382
26.449064	22.508001
-30.365057	34.498108
-39.06446	-27.352947
33.651752	81.24784
-23.945505	53.75464
5.688918	-3.7668655
13.753162	50.44862
-39.457565	22.9795
21.438698	-14.053098
-15.462499	41.546986
3.0310519	15.014502
29.098564	0.32723877
-8.399344	-20.734797
68.57673	51.049797
-46.778744	-24.234749
19.149809	56.972393
40.74733	60.865788
55.71823	-13.081317
-36.50274	-42.20932
-27.958755	13.429344
69.15224	60.91461
-28.793768	35.80818
-67.49968	-48.56782
23.632933	47.859295
-73.32005	-39.03386
-10.877145	48.46662
-13.863357	22.615414
80.13763	30.02344
-55.70273	-57.42803
83.430954	-5.0543423
-38.52963	19.685287
19.404554	72.356415
21.638094	52.947456
-2.211598	-80.1561
30.944273	-52.630226
39.84874	-29.105366
57.893787	23.863647
80.74802	-2.6064422
16.437447	-52.421387
6.966701	-24.196304
37.532856	25.0289
17.708447	28.320673
30.111687	-44.435196
3.7524548	-4.052143
-67.9276	9.248205
13.951332	45.01352
-16.89986	31.787405
-30.351019	31.890074
14.997455	-55.608833
-4.841724	49.932846
-3.1949804	-21.287209
2.0925093	-70.6935
2.683824	-77.0996
-38.512016	24.807302
81.44444	-17.847933
-81.58179	13.5727825
-73.389534	-45.25416
-29.803616	29.420681
-42.04178	-26.993055
-56.5285	48.03469
31.786898	77.395775
3.5402503	-69.30723
3.632292	16.807762
-25.42358	-87.317215
-8.813362	49.365337
14.309309	-66.36087
-47.306637	4.073708
-6.1688576	48.09852
1.2119099	53.761818
1.3814781	-52.969994
35.26417	52.668716
1.1652792	54.806095
-12.662717	23.313793
28.639212	19.485588
-4.514416	-27.164999
28.959225	-11.364023
-66.184135	-48.44941
53.15053	40.0782
-39.728767	54.640728
0.67741793	-46.324802
12.733946	20.539034
-44.232857	-12.255392
-35.695454	-27.980223
23.967516	-32.64793
-40.260235	-32.63217
-2.5275068	-4.228787
-34.88998	-18.489962
16.04731	29.256546
31.610884	80.76705
36.0886	38.70703
-46.044548	-4.9284835
31.919865	-52.034
29.811638	59.14231
70.3747	24.026892
-38.20128	-33.573666
-22.656889	51.782932
-27.158981	26.964535
-10.145533	-84.3083
-29.849312	28.26536
-22.901268	54.629402
-7.9793735	31.875193
-82.97283	-11.949874
-17.446733	-80.802635
19.992643	-44.0492
27.441399	-42.523422
-36.27652	-25.92091
-21.341438	21.713037
6.9390144	-58.53426
32.9041	69.51495
59.88116	7.568905
31.990896	-0.52895075
-68.34424	2.3172164
-4.1841006	-3.5652993
59.54503	8.291597
38.03839	78.66279
-44.546032	-22.772772
-50.91583	31.83749
29.339981	-65.63752
32.018574	1.9868904
-40.311615	26.077354
-54.036938	34.773693
46.156662	62.20549
-10.857395	30.505535
52.133232	3.186716
-3.5506046	-18.445133
-38.062923	-14.946517
82.15739	17.912283
44.501743	-14.459121
-30.120249	12.492854
-19.633406	16.737928
-11.420101	60.89343
27.384771	78.61883
21.39329	-42.143284
33.591072	69.37959
1.642293	-6.6170983
68.73646	21.368196
-35.633686	-74.77716
-31.980038	-82.26656
-13.916781	52.82945
-29.448761	42.6391
-40.541058	-29.925886
-7.987146	-24.939573
-51.022427	-57.033337
16.480452	-4.2453866
12.47711	-69.476074
15.403672	-58.15944
-35.752113	55.572197
68.24743	62.085957
25.63199	-9.796526
14.92927	-17.063269
37.785927	-19.047491
27.577993	80.357414
-10.68399	55.4556
-6.8888	49.10768
35.731186	7.7179747
59.66419	54.438435
-44.476	-7.3385954
11.064514	61.71213
39.872753	42.342766
12.569748	-6.404518
-30.613197	26.238506
14.703671	-26.96277
-44.71416	-6.3261113
42.386387	-15.0692
-68.16492	-49.118446
36.41978	65.15699
-42.64808	-2.333215
-57.77168	31.441715
10.716567	45.19372
10.024346	-37.78713
-6.595434	2.5064535
-21.803156	39.70337
1.686519	-8.102692
-72.78333	-4.9845266
-13.416467	56.813858
-9.170509	-20.994747
-8.983736	49.0845
-51.60012	-55.732502
-19.37321	-81.864914
16.405344	28.822798
-102.496155	7.003394
38.21969	-16.738268
60.847263	68.8454
61.092884	67.82371
1.0681885	-78.131546
-60.940765	-59.799385
16.535358	-23.150425
37.005875	25.84053
-73.455696	-6.4166174
11.457796	-48.477997
-58.990448	-49.79939
-37.307602	21.052109
58.759678	48.765163
-27.588829	-83.61569
-51.587856	-61.730106
2.5551445	9.458105
40.57069	79.19568
-14.220765	52.678062
38.498245	-44.809063
-12.8249235	-79.51138
31.03176	-26.729897
-39.826733	-6.9897165
1.8142744	61.928886
65.15296	21.89247
28.753588	14.726255
-8.912895	1.7216905
18.50614	71.9614
-5.452431	30.871355
2.2036827	52.516758
16.34663	-68.84738
-18.185818	-79.44908
-5.1525364	-15.711103
25.909977	66.61735
-21.489376	-77.52212
0.7643212	15.700866
30.512848	-37.21227
-3.2440188	-21.967083
-26.207512	22.703064
77.41761	10.351156
4.5778656	15.461347
53.4028	64.16679
17.099144	-58.651775
-70.67104	-48.39584
81.646774	-6.8536253
7.274477	68.44984
-30.366632	-82.079895
45.345127	-7.8597846
-72.78175	-47.464283
69.90964	55.882515
59.155136	5.638477
11.333844	-22.757786
-37.336143	37.41552
-43.011158	-28.901957
-20.396585	38.5315
-44.744343	-5.8469286
16.760233	-49.760456
-10.03179	46.393246
-24.448221	28.568552
-73.94238	-39.802536
-40.468815	54.033268
23.337822	42.25125
9.716703	62.91352
-20.76141	35.395107
50.882484	60.52049
-32.079033	6.8233943
20.258268	-67.12306
-18.98682	28.321003
40.757053	45.266045
-81.395874	15.331473
-38.955032	-37.45998
-14.333359	54.811188
-31.954306	-19.27104
-31.62457	47.405552
77.29448	27.590023
-26.180534	41.34103
-51.576122	-75.31576
-17.62983	42.57135
-30.069237	12.880059
-23.023418	28.667114
-27.556253	-26.228504
-38.561234	-2.9804027
-6.160238	-4.1556954
-21.89632	37.519173
19.284752	-41.9644
59.386707	-15.340732
-82.03787	-11.756655
-40.3549	15.596209
-29.863106	22.884161
6.039797	13.09417
73.58842	7.4762034
-38.255955	19.077278
-76.96301	-8.336762
-37.01595	50.048172
-28.168224	24.936884
26.69802	-54.976166
65.273735	69.28878
22.483814	40.11061
41.170208	78.48503
-21.983727	-80.453094
9.923839	3.7268932
-56.98739	-54.77819
20.172453	-58.113632
-16.010798	-80.91797
-40.3603	-23.464134
-2.3531141	-16.65687
-27.414425	10.653265
61.501537	-4.169745
36.784916	55.078526
5.3824983	9.021735
51.39596	20.288704
70.46921	60.474533
18.973906	-23.798374
-52.26399	-63.417316
57.68355	28.981007
3.4757981	-70.45373
-28.180117	35.8861
44.72781	46.464317
59.23874	-1.3884531
32.576725	1.2058864
-10.6547365	52.962048
-55.802486	-41.592278
3.3673651	5.3327136
17.534796	-50.640537
70.44775	53.50447
69.46457	56.126823
16.647873	-63.801434
76.70333	-12.074874
29.568512	-60.145466
70.18435	49.331078
0.4236036	-9.734774
-57.989666	-50.038467
3.593389	-59.61402
17.148617	-1.7040629
55.33397	-12.70089
-0.21640767	56.748
45.736702	-8.656842
-71.5978	5.1009893
-43.89428	41.527225
-47.96743	-78.70933
32.86745	64.4825
42.250484	77.83725
-32.236794	52.924957
-28.61268	11.3961115
46.14395	52.12961
50.511635	50.04811
18.717737	1.234124
31.97335	-34.39778
58.562313	49.283604
-50.014236	-57.046356
19.37926	15.324304
-28.008158	26.299898
19.721832	7.4718876
55.558544	53.37684
34.089863	-19.45938
6.0955834	1.4296106
16.482843	32.096664
24.987198	80.34208
-52.558453	-58.32217
11.811268	-14.606797
-41.465687	11.8459015
68.667496	-8.652605
-39.619755	10.012378
-15.586165	35.88314
82.88616	18.938873
19.656391	50.98876
32.52728	-25.82146
-38.80543	-34.73234
-0.3722443	61.994724
-45.182755	44.94701
-72.92339	-44.81842
-47.75873	-16.219587
-46.431892	-16.79858
4.2412367	58.140156
0.8855723	-14.76293
-78.237595	-24.37618
-52.40849	32.91679
38.641098	63.374462
83.05591	31.998476
60.16882	-5.696222
13.36938	0.5165379
51.040836	19.773584
39.200874	72.710655
-26.544178	-87.801155
-26.117651	-78.76692
-25.9978	-89.26564
-3.253417	-25.807669
32.65431	15.320107
-70.65306	8.324205
-8.519903	45.04187
-2.536779	-5.3908963
-10.317598	37.6194
3.179253	13.736791
6.944548	-72.27234
2.0358279	-9.639536
-53.868816	38.010242
-20.363888	23.283285
7.6701565	64.50233
-35.09818	2.3366807
-39.112686	45.13983
-6.8288484	-82.30221
-31.15136	-15.01045
82.57925	-6.431967
27.71872	26.562094
18.068531	-8.478102
47.053467	-9.449522
-35.58895	5.2384276
14.15374	-63.783966
46.198647	65.46022
22.665596	54.715134
28.188932	-59.74169
-29.548796	22.460003
23.03029	14.13067
62.568607	68.67933
25.90312	18.700579
-21.573427	51.508976
-8.63337	45.077164
45.89397	44.336544
51.37554	63.732246
-31.855059	-15.650834
-8.587933	34.067707
-28.166107	14.627608
39.571407	41.42243
-69.05824	10.015238
-16.978704	59.687794
-2.6611037	-80.47401
-43.848057	-3.9908254
21.924387	-5.1985846
22.781986	-50.96355
-6.172749	-3.990435
-26.762796	19.790184
6.806035	-61.248104
45.905266	52.76281
45.999443	67.855865
-3.5853348	24.2946
-13.917917	14.150075
-43.97851	-14.038529
-3.401468	55.314144
-17.958733	15.370059
59.0553	56.928886
21.133898	-7.8735614
22.691124	48.158363
62.145573	59.699425
19.955439	-60.585796
65.66391	54.950584
-53.076206	-52.264427
65.24777	-11.396935
-24.42689	-79.36612
55.5049	65.33862
8.734111	-69.99861
-27.728941	31.584488
41.63023	3.6506875
38.79808	79.59102
-43.835342	11.045258
-12.405686	50.98819
7.3600574	65.81517
12.634634	-11.029422
8.118223	13.926959
-69.49855	-49.765854
-33.266556	47.09839
-64.80119	-52.304142
-36.003784	-15.727824
57.739964	-39.933704
0.6463716	2.1411285
13.791858	52.345425
56.90929	12.140218
-22.09832	50.49915
-50.814278	-21.459976
-53.405975	51.085796
10.830225	-28.613085
28.301607	-18.606924
3.4747167	61.09462
-72.05177	-48.33135
-0.4005308	-78.51755
29.009907	56.746815
3.10779	-67.7976
12.448654	21.412485
13.80916	-65.89192
-49.3494	-27.552814
6.9511495	-64.72484
-41.088192	-31.973574
23.987537	6.995995
-71.003044	-5.503781
4.6235948	-2.572711
55.261692	-0.33405176
0.07606894	-3.4933362
-77.30263	-13.615919
4.374607	-75.0285
-83.333435	-13.959921
31.127274	-0.92443705
-73.14836	-6.8335385
-64.87529	-44.14874
16.660357	-11.855191
-6.247073	-82.08959
-72.40495	-44.68862
67.00625	23.871058
16.068764	3.8628623
-82.74767	12.710053
50.95921	47.752026
65.09335	68.25632
30.060837	11.899711
33.721405	5.949551
19.208138	-19.775238
45.52919	69.147804
80.19407	13.550982
-34.480667	-12.687568
68.915276	1.1979761
-16.533497	7.411698
18.066029	-4.390219
40.708263	76.74444
-56.747517	41.071735
-36.386833	-42.32426
-19.23976	-64.64914
-82.64315	-12.9800625
16.24075	13.087288
-20.82818	59.2335
-8.644997	29.37709
-24.706814	22.095903
-1.0400194	-79.20169
-5.7710795	6.0769463
-6.950441	-23.032736
-56.473286	-49.581547
-56.954838	39.838306
13.664946	-40.220375
16.837496	-19.538198
-48.15774	-29.215506
-38.270527	32.119312
43.30585	-14.54859
25.10292	54.323605
22.440899	62.426247
-36.072914	-26.888216
-8.885585	-85.12644
0.9408626	-52.910786
27.94869	-52.14748
-39.66641	-7.0830383
38.62056	62.362698
-49.10098	40.874645
23.72839	-9.198771
-48.842297	-59.13733
15.68709	12.044329
-26.666521	41.414482
65.309586	-15.603768
-39.73875	34.58199
-57.145515	-52.700405
17.984055	-0.12541929
-54.818233	42.75096
-42.629257	-4.5917087
-3.1108525	-70.70492
30.976473	46.587334
41.14861	18.30015
-50.89388	-76.064644
71.30862	37.158295
29.771076	-17.32777
25.665203	-11.141322
-25.929039	-80.33361
-64.71203	-44.218018
61.256824	25.476284
-27.502724	50.542683
20.183748	42.00123
-21.630281	-83.115776
-72.80998	-1.193928
60.7115	53.91196
40.31489	73.124535
69.546875	20.45724
10.034888	41.74188
15.373762	23.37045
-23.30406	-89.177734
-0.48193067	58.122295
16.407524	17.261578
-8.838706	30.765491
-56.392853	-50.408665
-13.34901	34.206413
9.947639	-65.40123
8.639367	-70.816185
19.699224	-0.7928168
61.243053	20.095585
-3.106187	-72.41556
2.5782564	12.577894
19.353905	29.474848
-61.245335	-49.363697
5.069342	-58.011898
60.347607	53.90289
71.82621	-13.18669
-5.700047	-81.25647
53.5376	-0.97048545
-37.830647	48.94665
41.42015	22.958172
13.089552	22.804153
-33.721745	-22.319952
14.246719	37.952816
-38.658405	34.731834
-38.851315	-35.863995
52.775227	20.42566
7.2819715	-76.21564
-51.69132	38.887165
-24.1991	22.406515
15.723615	-33.70266
50.031803	69.747505
-25.144033	23.19567
-32.889988	-21.248663
9.926425	-37.513424
59.51093	55.373943
11.659941	-3.3305135
-68.0479	4.8411126
-7.39035	-20.945477
29.379393	59.601086
-33.551655	18.413107
79.13037	-2.818547
6.8266187	-69.314644
35.21652	52.34638
53.435066	-1.45478
19.637651	-62.10234
64.67688	22.649666
-10.171655	29.765738
-44.67111	-24.949175
48.642582	76.43308
53.96651	58.727386
-6.7129674	3.1794984
-20.92172	-48.419575
24.268694	-31.578497
10.046999	19.891478
57.627586	23.357565
72.90262	36.976463
-21.648628	-78.84599
52.53045	41.757843
13.986555	37.83525
51.117535	70.26927
7.021073	60.12518
-13.193365	23.128801
62.752613	63.43226
68.06132	-8.817752
22.376554	22.314978
4.182745	7.584922
-36.13386	16.873693
19.01467	-1.2534535
30.617409	60.09149
16.292906	-24.098501
57.1863	21.891115
8.451744	-32.520737
1.2510451	-13.41644
20.755693	54.358932
25.17057	-54.24061
-15.905863	15.241072
22.29356	-40.61834
51.887127	23.43742
-21.935547	35.897186
37.34825	75.52614
-31.56148	25.031424
14.164451	-26.516876
80.29008	32.410336
19.659546	-1.1498896
-56.76131	40.855885
18.634356	52.03455
-65.077324	-53.7379
-17.26111	47.33195
66.26616	27.60379
24.188486	13.433243
5.674048	13.12433
-7.525007	31.518587
45.12607	37.00585
-25.962164	30.334593
52.9284	2.9618344
-10.782182	55.461487
-24.509178	27.951475
65.94019	-5.2191777
6.177153	65.24568
-31.357065	25.420485
-40.81298	15.18146
22.646326	-72.86953
31.783758	-3.2941644
-37.39854	34.356262
12.874986	22.300295
37.361446	3.3372552
1.6365185	-10.420082
-26.611782	19.791607
26.858175	-29.572618
12.700175	-53.406487
-32.131573	19.268826
-35.86229	-27.496891
13.061459	18.67391
-46.684036	-16.301676
38.4271	62.536777
59.339073	43.526203
15.357918	8.408738
10.878515	45.61312
66.97912	4.770615
61.835426	23.60147
22.41663	79.535065
-54.25694	-63.95251
-10.175865	50.07235
1.402116	-0.24727683
2.9051142	-60.22984
10.197925	-30.248196
27.812756	65.61787
-35.79746	55.627773
-66.46731	8.662206
-43.66298	-67.12855
4.639286	-70.742004
5.0372643	-8.959876
52.500446	27.112333
19.205828	16.252851
19.755945	-34.668846
34.31022	-20.058697
62.539192	-12.865409
36.804317	29.287386
-42.443962	-3.2990742
14.557792	-59.794827
-5.125843	-55.87391
17.725407	-64.63098
-37.596245	21.80779
54.35603	57.786625
69.12055	0.9188393
-41.450977	-2.6423008
6.6660585	-75.4074
32.09011	79.08457
14.740521	9.281234
33.585682	47.40968
-24.231136	-79.10999
28.633173	-18.336548
61.380856	57.131992
18.945969	62.250084
9.971263	4.4153996
2.4766269	11.394882
2.1258407	13.192621
-42.937912	-24.353785
17.634481	61.89291
29.278162	-23.378765
-52.035557	37.30539
-45.283943	17.109842
-37.175407	-22.994314
-65.39393	8.577146
-39.658688	-36.118073
-36.007225	-32.1215
9.819028	67.17222
66.3074	-1.7047483
65.94239	-4.1381965
-14.310578	35.91959
64.55018	25.867922
-33.147625	-29.52142
3.337851	-59.650856
-78.55515	-24.405664
-20.947496	28.485504
35.316303	66.47633
-39.67877	-23.652544
-48.305965	-24.158852
-33.212936	-82.8657
32.41225	-0.59208536
-19.13651	13.9862795
63.859806	-30.523811
2.449565	-15.843325
-36.411175	-21.413418
44.511898	45.095387
66.426674	70.69163
-23.807495	25.093477
24.809673	14.78646
55.826866	51.23227
30.817093	46.43422
-17.822191	59.165184
20.734318	28.66917
30.036842	-44.261406
-72.38535	-6.4923143
34.47616	-0.0141232
67.49248	64.075096
-24.118738	-85.51454
-59.067963	-49.76412
-39.62902	-16.530972
68.91423	56.253998
15.934437	26.855755
38.679703	75.6876
62.494877	28.880291
70.83005	58.30338
18.020075	41.352135
-36.10354	-20.311407
31.131525	48.41746
-2.2859986	50.226223
-25.5109	-78.19744
-68.053925	9.657774
-16.075901	59.304558
-9.6480665	36.26984
16.298054	-57.722305
67.53117	-1.9333653
5.830202	64.82995
1.6503159	-70.82522
26.99378	37.019516
2.1381521	-53.973305
-13.978943	14.1680975
47.469265	26.021456
-48.183907	-23.593548
3.9899964	-56.720337
80.8271	-7.7758284
41.7807	77.60118
19.26326	73.937874
-21.323195	-81.96667
-42.024345	-32.089695
-13.015956	54.8576
6.3815827	-21.67692
-29.55476	-82.80161
2.8140414	62.235504
69.0999	62.164692
54.071705	55.381886
-56.16126	-57.2561
49.168766	73.90637
18.94005	-22.076262
54.394814	65.61643
-15.398087	48.057636
-62.087204	-51.70738
-1.2336197	19.969973
-3.5566232	-14.096353
-32.702297	54.144527
-0.7973313	19.262354
-13.845217	62.664555
5.1064816	8.459317
-54.820297	-44.881596
29.912004	3.2495093
12.041229	52.5608
3.663417	4.8040085
-26.69872	20.36116
-31.468575	-83.81771
14.314583	-4.9654303
5.438777	-7.609984
46.977417	78.61875
-12.937731	62.37455
-68.60034	-47.29356
16.199348	-33.986034
4.130728	61.15523
-39.382233	45.32236
-27.114832	49.034126
72.302	15.739761
17.017485	-20.115055
-3.119905	-6.9607577
19.593212	57.028248
3.0415063	-66.24393
-44.469692	-23.91958
30.406918	-25.454603
-25.849403	15.6301565
-41.18942	14.888973
-23.125313	41.609344
-43.186016	12.4644985
5.2244663	-69.965225
12.163729	62.793156
20.730852	44.849648
-41.193962	-25.803265
-43.374763	44.426468
40.800053	23.526619
32.653748	-30.51716
2.9484558	15.433134
-14.544326	66.23327
-26.331985	-89.25484
10.834169	-63.351814
-38.91899	23.628521
63.67681	58.314903
30.21039	-29.39096
60.338215	61.242252
12.346851	-46.48968
17.835909	10.329931
-43.395668	-15.364149
-1.2278991	-17.867956
27.646164	-31.507132
-38.102356	-34.102596
-68.75618	-48.14018
-34.181602	52.133167
41.347275	59.093025
-12.054306	49.655556
-68.12014	1.5274862
33.448395	30.647268
9.723786	-45.296017
27.897158	-53.697803
27.071825	-8.580914
59.366394	27.037489
11.177875	-28.244898
76.55591	-16.058935
28.076298	-41.3721
9.866072	47.775158
-33.09602	-30.011011
69.47845	-0.5725564
18.996593	49.973217
44.907078	62.549683
64.47348	18.731293
-64.96536	-54.03703
-67.14777	-48.898384
-15.300282	36.050507
53.04121	-2.4208686
-18.02263	61.052025
1.4902949	-49.002323
35.000893	65.059616
27.425602	-10.371147
-43.07453	20.309898
83.69253	-7.2231965
-2.95287	-7.28303
55.618847	53.336662
12.494328	-16.704868
-51.984818	40.075066
-10.947407	38.227337
27.771646	79.07892
-80.73802	-10.095939
-21.229603	41.42306
0.37987602	-48.49014
-14.863214	23.588573
1.4979061	-10.826067
-65.4926	-51.56786
20.001411	61.744915
15.05302	-55.619663
34.983376	49.894775
56.03101	13.770735
-58.74786	-48.23027
29.817074	-42.94565
5.5609717	66.43787
-37.452717	35.479527
14.919001	60.368332
32.886787	-27.335375
26.79965	-46.67999
15.39949	-67.72447
-52.025425	51.978283
9.82987	-37.31617
16.845636	48.74271
-52.537006	45.036274
-37.52866	33.552567
67.635414	51.465797
37.70055	31.095224
54.151115	11.403741
16.751553	-66.713844
78.145584	33.362038
21.972906	-57.131737
4.3124876	-57.40547
-38.47514	9.674838
-21.991959	-79.62187
-51.444275	-60.485703
-11.873032	36.569572
-52.463455	37.41776
57.672344	29.892412
49.561047	64.64409
-78.61306	-10.038065
-67.77399	-53.458218
-36.489685	19.079456
18.877321	16.71796
23.71415	79.07864
-49.155647	-23.801596
59.853073	28.708529
-32.237034	-19.421812
1.512583	63.165596
-37.94747	34.476757
26.329235	-69.56811
38.282047	-5.6802526
19.697086	14.384047
18.006311	71.04008
-51.239857	-58.829098
-0.46639124	61.951797
-81.06979	13.907427
-6.746255	-53.301636
-55.10618	-60.12969
-3.0526772	25.85974
-69.8621	-50.21581
-51.21231	-54.76095
-13.262757	20.189548
-1.5834999	50.23506
-67.137665	8.148976
2.9515138	-63.44672
42.7891	63.617466
-68.27857	24.95615
31.56314	75.91147
11.637114	-25.320171
27.670052	-8.223694
38.185432	76.626
-8.472521	-81.90588
4.6081085	-72.15578
52.522354	42.394356
48.865047	45.550793
16.958288	-48.575382
-34.159245	-13.31525
-53.5051	-63.69093
7.913464	-19.336094
-16.941422	31.852222
31.5814	-21.208818
4.2500997	-77.3221
32.288467	32.17016
18.937323	6.901463
9.902257	48.599537
71.10921	-2.6736665
-52.79135	45.968258
16.689735	-34.004364
17.67628	1.5155448
-70.982086	-5.311663
-11.263306	-52.693832
-45.788563	-9.950253
6.939991	-28.66509
-38.403015	13.395173
33.050068	46.918453
63.49612	68.47267
70.79518	59.26076
25.293446	9.553578
-78.09783	15.147248
-13.852576	-78.846085
8.035667	-28.098885
-26.31774	-87.162674
-6.2834387	-26.812832
-49.528522	36.382156
-53.207615	-57.025455
17.654762	-41.989494
48.28911	61.573803
23.25064	-39.408592
-69.74533	8.496768
-42.070835	26.518576
-49.83914	-78.78419
-35.995853	51.099976
18.09271	15.749305
78.86698	14.725583
24.301062	-31.083466
6.6585946	60.158073
-58.897396	-47.090862
28.978024	-0.03344326
-32.56871	53.350857
20.464676	-40.90131
-34.596943	-11.664668
1.4625617	-20.570427
42.56597	59.807697
-6.8946924	-53.515846
57.607018	50.657715
-41.66145	27.866835
66.867546	-6.8160224
-40.12904	-26.318785
0.85297203	59.197178
19.46093	30.26249
-11.54753	58.038963
-42.0875	-29.952702
44.865498	37.45038
26.852503	-37.210514
30.110268	-16.832369
-46.905293	-15.303979
0.6711422	-4.3006134
81.501274	-3.6428733
35.13794	30.47554
20.631517	-20.44225
-53.992085	50.502983
26.095709	37.205555
33.14543	-35.325356
-69.16528	-52.818604
17.673641	-3.6675878
16.263279	-60.967396
-54.135704	-63.897793
4.4865336	-7.4744596
16.784864	30.227737
34.8534	83.29517
13.45051	62.04509
-6.974102	-23.355783
23.749998	-51.089615
29.000765	-53.114437
-76.21492	6.196062
-37.87168	36.910175
-8.75892	-25.708282
44.42444	69.60273
76.1927	-19.779602
11.993445	64.35033
39.17219	55.735584
51.011974	18.736307
-5.30462	-81.61168
26.097527	37.662334
-9.25534	-75.68286
-35.84314	29.38583
-4.1476245	-20.72983
61.41746	25.237888
-79.5315	-9.517681
77.13662	11.5471945
66.15008	-6.4629025
8.39756	64.020775
18.971819	28.941994
34.760868	58.92037
29.676756	-7.837764
0.83197266	-46.530914
28.8129	-40.657238
3.3290708	6.4138865
9.181508	-62.340076
7.418512	68.871056
19.849836	-6.8757057
28.325325	-30.387499
-5.733457	6.27143
45.36041	34.28443
10.521389	-43.026142
-8.228263	-24.794422
-72.57638	-9.284426
41.566204	18.388567
28.218445	57.719997
9.219931	-69.671844
48.313545	75.576515
-41.77434	0.9579188
-43.15577	-16.540617
-9.644143	37.591545
24.148195	32.921204
17.406364	-35.850563
-33.650627	20.969788
52.0628	1.906944
63.375793	61.356556
-80.118065	-9.918494
16.081572	13.351189
63.80587	-15.599672
0.6161381	-1.7990559
15.853006	49.218822
36.508366	-19.730953
79.09631	-2.8196924
-7.439242	2.527997
3.5823936	59.63657
73.894714	37.703484
16.193	-43.58489
17.875818	50.80486
15.637892	-26.412605
60.97613	-4.1796894
-8.505417	32.02507
25.155552	17.93063
-44.10976	-28.520744
20.555264	-62.98673
29.192085	-65.289894
-13.055896	30.339794
51.144703	-22.980904
-26.294125	47.813885
3.099999	62.87426
6.0797625	3.2188532
16.047117	39.189114
24.678782	-12.358792
-27.2046	27.860975
3.0295932	2.6405194
36.04853	67.39198
58.589813	27.649199
25.179487	17.613531
13.383408	-24.982706
-43.685772	-67.10268
20.022991	51.733524
-43.935833	10.063603
70.98893	-2.7714698
-4.696293	-81.69282
-42.187756	42.04545
-1.5132722	20.781149
-35.657204	-15.014333
-31.76374	-33.200916
-42.15014	-31.47833
32.82694	34.45774
22.354338	25.205769
24.03469	47.654594
-51.326843	-20.17294
-53.56638	36.46614
-5.6060224	5.3138485
29.547215	-23.638918
15.9953165	10.295055
73.11813	7.5060916
13.616417	58.19424
-35.829506	-81.328865
10.477666	42.27069
14.611477	-9.988902
34.084892	6.232878
27.560081	-40.926952
9.575892	-62.79978
62.808014	59.108364
-52.340927	-58.63264
-36.31308	-1.6418353
12.046468	-15.664271
9.44187	-30.656488
36.899506	40.898727
61.443077	69.17895
-38.862473	9.053459
19.702993	-6.8641195
-35.152565	-80.28009
17.108795	-65.72548
-14.261698	63.524384
-14.713183	43.396988
3.2237308	-55.712543
-53.89768	-63.068325
-28.203842	-24.586548
-54.011345	-62.28139
-29.319832	-26.080956
-46.003597	37.624386
23.512497	33.384487
-80.36366	-10.73189
-10.177128	-27.921604
55.90653	68.7789
29.696444	76.74518
-27.286884	9.970754
46.907154	71.86339
24.200356	-68.54637
22.142076	-58.060482
-70.68195	-48.126266
11.761555	-25.4316
1.9967686	64.12129
28.091272	57.386383
11.827611	-45.73502
17.837395	4.0258703
-24.157236	52.941784
13.200921	60.01863
-31.781536	-33.340675
22.524433	32.888756
-26.688019	16.326109
24.012112	8.781139
-36.89171	20.134256
-42.999477	48.145996
-59.252502	36.63418
3.849687	55.21749
-58.93092	-46.701176
-12.024927	-78.93906
76.22991	-19.651945
36.139046	65.745026
-9.201149	39.3157
-38.038815	36.922783
59.890976	41.262638
-56.096806	36.88141
55.19952	0.22584298
72.06237	52.987263
45.045544	-8.784079
-50.46558	-53.976265
-55.539368	-51.001358
-58.405087	35.032722
-0.22698209	-45.794685
55.968445	74.88212
10.834688	-63.857662
79.9541	32.973278
30.971878	-15.989207
20.637804	48.4264
-32.75825	-82.79662
-35.855145	-36.24644
66.71167	-8.756894
31.748049	77.41598
-38.25995	-14.531989
36.48742	-30.239985
7.886998	47.65692
-33.79586	22.925217
5.386376	-75.9193
30.662203	-53.657833
-26.495056	-80.32414
-70.81552	6.927143
30.677671	-36.991306
9.636199	28.880886
23.806917	-61.45297
-83.28778	14.940287
19.311457	72.5811
16.925068	-39.675972
5.7112184	-23.254814
14.083325	45.018635
-9.504579	31.920301
29.498583	2.8399136
63.54766	-30.271324
-70.02042	7.725677
-71.41758	3.111062
-56.21945	36.552387
15.273053	-17.447086
11.357963	-8.030052
32.084923	79.09537
17.376156	6.3358307
33.202045	64.98258
-35.980225	-22.649828
79.070724	9.913864
-3.287857	49.822174
-7.066293	48.338284
-37.836243	17.266714
-40.02427	-0.90556014
26.277668	-70.18183
-28.22916	-24.743437
29.199322	-33.03531
38.070183	78.68867
-69.123055	5.0600452
-70.09029	20.766018
17.919306	4.9263597
1.3717448	-47.825775
47.075935	71.83421
-40.03539	-19.280264
22.47782	14.087751
5.1656365	-7.8513603
71.238976	-12.572186
-68.44163	-46.47469
-14.327544	44.878635
68.71274	50.67581
-34.327145	6.1546984
-43.893726	-2.0924706
-28.269135	-25.364641
78.761375	-10.323592
-17.666956	-83.87805
-46.090958	15.42804
12.520918	-50.190105
-10.469863	-80.705315
18.31835	10.67302
22.119093	-8.679517
44.108646	36.16145
-42.798378	-26.76975
21.920994	33.53448
21.206202	61.993546
23.964373	-68.30152
13.830076	60.09214
3.113767	16.929432
-26.71122	49.1493
-17.49731	43.539124
-27.99816	11.746072
53.989273	2.9057245
10.780482	61.96766
63.888855	70.67909
-38.876083	-17.054878
8.52201	-32.533997
77.43085	34.120472
12.031002	-3.7233672
-8.474051	44.62157
34.57363	6.766322
7.9059873	-19.334805
-38.22711	13.515564
79.17809	30.796198
22.249836	18.562136
-31.182692	-81.36245
-11.554844	39.31943
-29.7183	41.462013
63.415188	70.36329
33.502357	-60.924057
15.943504	39.224583
24.698063	80.66113
17.276308	-2.7738948
80.160866	57.88922
-35.29106	-19.997084
32.41458	-22.165808
-37.559746	30.078424
14.343127	54.270397
-13.464997	20.659212
30.508497	-14.996392
54.280334	56.387115
36.272827	61.123436
19.6701	42.372932
10.461131	-67.05126
71.33672	36.791534
23.963963	-63.40818
13.757463	63.083874
25.943068	-69.86446
-37.955883	48.81469
-8.259176	27.546066
23.291372	14.925335
63.257965	-12.0402565
-6.8096128	-26.224115
-47.98394	36.658756
-2.6790001	-72.550285
28.347998	-10.600691
-44.692398	44.455673
-2.5027125	-73.17015
14.563076	62.789856
22.69328	18.180449
-44.593796	-25.55739
-55.29987	-59.686813
12.725772	-69.64241
11.215825	20.530895
-16.996712	-82.61972
-12.688067	47.322735
0.30776107	-53.44441
63.117542	-3.5396047
50.50262	38.40687
-55.812016	48.311855
54.124146	63.46202
-9.4297695	-75.75307
39.332703	-28.89146
18.98094	62.317406
-59.424923	-48.7003
78.26806	-15.235561
21.734852	-33.38365
46.25741	42.65804
60.898323	60.26853
-25.489779	-77.6109
-28.332315	-80.59692
82.991425	-6.670682
3.1835296	-61.417683
-11.713398	26.315496
28.88647	76.72216
11.702876	17.710135
23.481443	25.211782
-57.029087	36.549862
2.1617994	-9.156608
-27.196486	16.317993
-41.3848	-26.737951
-30.712313	41.09985
-50.099773	-29.050203
11.540912	12.838689
-3.5674548	-65.07934
66.20662	69.88493
45.150673	54.182404
-44.041912	-11.709978
-53.9982	-46.95492
45.675144	52.13343
19.749052	-68.4633
22.93268	33.352566
31.69221	-35.906475
66.03059	22.81976
22.339077	-50.79944
-20.034008	28.4614
-41.454773	-22.449118
-38.35174	-38.815506
-50.919205	35.833435
-42.16668	9.179381
-27.042175	9.6408615
-86.80836	1.8211877
77.75006	29.902721
71.8936	36.81135
-43.340885	44.191593
31.629364	2.3945005
6.310711	3.4567878
19.030243	-17.287987
-20.987698	22.85636
31.125711	59.523552
-3.0961673	-18.225924
-32.858707	18.861559
-26.877337	47.196983
16.124596	28.259045
16.716917	17.17208
15.324215	26.088287
-1.3419149	-16.57955
0.38479033	-49.53982
45.28225	67.32806
19.5126	55.621056
-40.90773	-24.321775
36.60224	74.859215
72.04621	-15.472624
-23.5973	41.89798
31.033012	12.606429
27.666748	65.67671
19.582853	6.4565587
-36.27614	-1.9466447
-21.84568	-87.36316
-30.603844	-80.33548
-68.96459	-48.71491
11.432521	-48.2379
60.335724	65.21672
17.590841	-51.395363
-30.513515	35.03555
-42.113483	20.85012
-49.82183	-77.53076
36.669296	-6.4863997
64.33054	15.918255
-26.120481	48.350224
64.39962	18.589258
-68.51379	-53.65783
20.132227	56.529076
41.16672	58.187534
-42.43076	8.17524
-24.23821	25.168966
-72.624214	10.613551
1.7512431	-0.749731
-57.894035	47.789093
-7.429639	-82.670334
-54.340313	-56.67513
65.42092	67.71404
-19.666618	55.591656
-6.050366	-21.397612
36.732002	-30.298101
42.416855	59.776848
-15.094509	21.415447
21.928059	-4.296867
7.6267877	51.568855
-33.525604	-30.857885
-36.877274	13.499485
73.14619	50.249798
48.711174	25.269894
21.370792	32.879562
18.881859	-39.302647
28.64441	15.030921
-60.083317	37.209312
-30.014997	-88.66788
22.08133	-39.12017
1.6830183	53.12304
-42.882248	47.845676
13.9680195	-28.822418
50.087433	47.90043
52.63246	41.356976
-54.387386	-47.906403
29.375006	-30.046993
10.023892	4.4424286
-37.71606	-82.667786
78.09744	11.865545
62.575928	61.3865
-43.334526	41.940285
22.42702	-59.66853
2.7724736	-77.1918
-32.04786	-27.999138
-45.418484	15.747666
-42.832176	-84.96791
74.41652	30.594893
-26.430626	21.166952
14.337553	-29.575811
29.438421	4.181399
-6.94567	-4.8498383
40.580284	45.15891
22.34141	62.381783
27.500301	65.70135
-5.8018093	22.894033
-18.76177	6.7090735
-46.44531	44.691666
20.51228	58.891624
12.228013	-5.1254544
-18.475119	-81.05481
34.880875	83.24798
-56.84649	-44.48569
44.232468	37.480118
-34.77654	0.07727591
-67.94131	1.176474
69.96921	61.27879
40.13964	78.13452
-36.772667	52.299507
22.255009	16.990885
-69.50592	11.091198
24.07968	-39.405273
-58.893185	30.305283
49.85765	47.71093
76.37578	-6.4902096
1.603296	0.9903198
43.04267	68.803535
-103.289734	5.63621
-54.82013	-45.75317
-47.259914	42.403156
-20.052446	35.939426
55.068474	75.46552
36.074306	8.275215
-0.46292305	23.706879
-15.306	34.7008
76.17633	8.944706
0.6048655	15.055067
-45.328568	-2.4842467
-36.52644	34.130928
61.667374	57.379673
66.264015	-2.5564106
-73.52322	-40.10948
-40.742077	20.45503
-37.16432	-41.876427
24.966812	-41.98246
28.781195	-59.122303
40.235138	75.02135
-34.101105	-23.122934
-54.470516	-44.926018
16.549053	-59.99221
-36.850143	-26.724213
14.351118	60.639484
36.094055	68.55348
3.5587626	4.153595
8.2538805	-65.00313
78.66648	34.942135
20.55243	47.608185
31.786497	13.611359
26.915134	-39.252712
-24.410664	-86.434326
18.088455	28.751745
-27.640373	10.790643
-26.844748	26.233288
17.360815	72.189186
-52.982876	42.613293
20.084515	-20.097939
-40.159775	-18.708015
71.09771	53.931282
10.20395	-50.317154
-10.169157	-27.629173
59.828182	61.290585
56.897923	68.62588
2.9249356	-63.159866
-44.180004	41.07243
16.052902	-59.55613
-40.707184	20.556648
42.367912	18.689625
13.867899	29.717985
-37.04593	-35.902733
-72.51268	-47.6674
-26.693367	-82.1568
40.46102	-57.126328
-3.5910604	-14.051927
79.354485	14.664555
10.983033	-44.886814
-70.1129	20.722475
-38.5141	-16.662643
-52.079514	35.38719
15.20812	17.733648
1.7421303	54.119804
-23.278723	21.113392
36.6038	54.53081
-1.8135221	-0.78045857
0.89657146	-49.883034
33.658535	63.990734
-34.467274	21.67363
-40.721138	-1.5592184
-27.686363	40.822617
70.870636	54.606926
61.846985	-13.757466
-17.060844	47.453697
33.26439	-33.93601
14.517131	-39.04317
-54.83567	-48.823517
-28.819653	-81.20046
16.713829	-18.548363
12.381823	12.490627
-39.278965	29.137846
-38.137604	-82.81557
-70.27079	-8.221156
46.805058	75.68047
-56.581646	-53.489246
-52.19199	34.70203
13.79847	11.591348
52.08657	-2.8820732
-70.04368	-47.173683
6.3996177	-21.993052
-39.113483	0.6824781
82.63214	-5.293582
16.23038	-24.859861
-2.7848923	-20.22172
-14.324996	44.685547
-31.902845	-21.304766
17.506258	-64.30524
34.095707	-26.717457
-20.531698	-88.50669
-52.894875	51.410362
40.184814	42.827457
69.80843	62.963593
-65.40671	-47.077652
-39.639683	9.48508
-34.909996	-16.999199
38.54153	-18.851168
-52.718163	43.887436
36.410698	69.54583
20.96772	25.7052
-12.644136	58.745407
58.825245	24.144005
-3.9778116	-7.176212
-18.054369	57.747116
54.70614	1.2259804
-52.31247	41.878407
22.84172	24.357521
54.144184	58.18438
-54.44923	-64.84554
-68.88948	-43.341988
33.611958	-29.201935
39.530922	78.18351
-22.794958	-89.01394
9.37314	-13.211142
34.393814	-26.657639
-1.7087535	22.02456
-56.25029	47.27927
47.053017	24.994883
52.967533	54.05639
7.689571	-28.241064
38.97036	56.676514
63.40909	63.541588
5.294558	16.005768
13.273188	-9.261948
18.65896	55.69459
29.250977	-33.17651
-47.93346	-18.425144
-73.018295	9.91825
-102.650604	6.4252133
78.96416	31.909235
60.30532	12.844117
31.849625	-60.981503
-49.192776	-27.003708
14.796009	-31.38648
-4.2191677	-3.4445648
-60.037365	-50.254356
-33.56135	-13.950498
-37.481663	-36.44985
-12.580776	28.772903
-21.015291	-82.41166
-46.481644	-2.81096
21.89526	41.969917
-5.5174937	4.7519326
-75.01058	-8.171912
-39.664936	54.84072
17.100721	-46.914043
11.14999	-22.518572
34.783432	1.4779813
-72.55463	-9.320826
-18.724743	-81.218414
-41.527733	12.173591
-58.432995	35.22019
35.268738	-29.28734
16.1934	-43.09059
-68.53539	-52.972103
25.09726	57.02045
67.50635	-25.106493
-71.48107	-8.708483
78.10113	15.114067
-5.2104273	52.56288
34.918484	82.37732
65.054306	70.2152
83.964	-6.1286964
38.338135	-16.301638
20.58011	-68.28183
-6.2391357	49.88863
27.760391	-64.08909
12.580709	53.172054
-30.312319	35.934967
-3.3582587	-72.13276
70.29412	56.140965
-14.546701	66.246864
-49.537895	38.714672
-48.923546	-22.467196
15.90948	47.10907
17.185293	-36.185658
-20.726742	38.62955
-38.530724	-24.099989
29.883999	-26.623886
12.830541	-13.385159
46.646076	62.030807
-21.079842	-76.67637
31.507963	13.303415
-12.302727	48.207832
38.583736	-5.5618563
-32.21235	-24.25242
-44.056942	-27.467289
64.7445	-15.565147
-40.17639	54.281578
-7.7343802	37.611546
32.91269	77.05758
-12.006678	39.694633
-40.31431	-29.124763
58.44705	28.654608
6.815267	-8.967678
72.124916	62.065308
8.94952	48.640327
67.96249	13.388417
0.737024	-19.947098
60.217873	70.01253
-1.9317493	-6.2745333
1.4022368	-14.352812
12.639847	-63.63837
-70.072075	10.378142
-10.550191	-84.17436
-35.267223	22.658443
-54.44014	42.949673
4.1658983	-47.618122
-51.65739	-57.780293
-56.416504	42.525677
-35.85221	-14.108231
-65.42151	-48.938282
79.393936	-8.678741
-64.90101	-49.34662
-43.181564	46.550137
5.945814	-75.21366
11.183431	17.152405
22.628101	23.30725
-19.664686	-85.6161
-1.3638455	-17.304974
-4.400216	49.870804
69.67667	27.993868
13.541565	-47.634586
4.5634365	-71.29903
-36.693314	6.507553
-54.505104	-55.965435
82.53587	18.49959
30.464958	-26.707228
-17.262722	-82.99752
-36.44218	3.9564657
-38.03276	24.447779
-43.814724	12.151674
-38.17474	23.452276
-59.90315	46.835697
15.412082	11.477338
-1.0522114	62.287094
-78.33551	-2.9018157
28.410936	-63.193718
-39.08982	-22.11182
-42.976414	50.518745
-80.287125	14.43318
39.095695	65.09508
38.07683	68.86288
-32.929394	-15.348811
82.90699	32.217896
-43.31359	-3.1713617
-59.297718	47.186977
9.659586	-13.027391
-3.6384938	-65.04179
64.283844	25.15557
6.6715264	-58.250824
3.564241	-9.357813
-55.90791	-44.386776
68.47349	24.157999
35.639244	60.25076
53.157936	77.252716
-56.923508	-42.9731
59.3806	-5.5514193
32.60512	32.92594
19.080551	-36.56913
-16.078327	15.363027
-47.625645	-18.44983
24.151531	16.420921
-14.3985	-76.04155
60.591373	64.8627
64.28523	-11.4250765
-17.682302	60.197758
15.275454	38.306408
-72.53173	-1.2906219
32.599266	80.320595
26.63251	-8.415381
23.961044	6.516583
-36.078842	51.85605
27.839462	-53.10142
-32.844234	-23.588425
-50.901344	-57.840054
40.491936	74.344894
-47.175125	15.507338
-40.070602	-3.4339662
-68.5054	4.6737695
-24.87986	-84.31874
-0.3923781	-19.688368
36.934196	25.226091
44.434364	62.971424
51.271088	66.687225
65.94693	55.225655
-29.69685	31.762398
26.410826	-41.598095
-4.1113954	-25.431776
26.238405	66.55478
-36.96087	-82.52703
46.385403	45.970665
38.4921	-18.928652
17.521275	72.876854
19.200453	-17.25468
26.105	-41.101776
-76.15041	-7.473477
24.43067	-12.5343275
64.93887	-10.160047
20.766941	-41.684616
53.106422	54.283386
11.272665	-31.096258
-10.65694	46.64092
-41.43197	55.048847
-37.459267	17.907911
24.722303	-38.21359
16.913744	-40.108303
-59.132378	35.140347
-107.50669	7.536181
-27.048393	17.863953
10.994829	-65.91391
-21.871714	47.778553
-40.497375	28.299154
16.034342	-52.023922
16.438007	-41.486504
-67.204575	-47.51355
23.003193	24.857162
24.302938	-35.322296
-42.57413	21.20292
3.424241	62.320316
-45.550144	-3.5908687
-38.534203	-40.46689
28.073229	-64.106415
-9.832289	30.323664
6.401506	6.6484356
-51.618298	-55.251026
13.929863	-9.825008
16.377434	-19.515959
45.977943	34.637127
46.684242	47.44851
16.582407	-1.4152235
-55.01465	49.133194
1.0646816	-51.910255
-25.362627	-89.98106
50.186855	39.342545
-72.63025	10.875333
6.2007055	-75.98981
21.519934	-50.621155
-8.326802	-84.03213
4.890185	56.924183
25.224394	-63.13124
21.32588	12.937098
-44.067738	-14.167298
10.963628	12.945774
43.572857	71.29596
7.19833	-20.562393
67.48829	22.147488
44.602028	22.219727
-26.1847	42.819824
-20.62092	15.9018
-30.435108	-15.188632
9.709717	-65.99709
32.57289	15.097224
8.30415	13.924735
21.050703	-67.65375
-37.120655	17.436918
44.475506	-14.476698
-63.379097	-66.15082
-51.715015	52.21582
-35.544556	-19.010654
3.9476547	-67.656425
-53.383217	43.314384
-58.318066	31.097416
-41.121216	-7.463244
33.750668	-60.911087
27.77842	-55.581417
-2.1322143	-1.969345
18.651707	-36.70082
-36.51922	-35.413864
-39.469723	-0.28627387
13.282731	-9.893003
-20.480375	55.378513
-30.39347	-81.96827
-11.153152	-21.690624
20.171444	-70.669655
50.23843	34.743248
-24.139954	52.34037
10.831604	-25.877224
78.933235	-9.284097
-37.22795	-32.61044
-25.111069	-84.580185
59.16672	-1.3236915
-30.086958	-88.18452
20.02863	72.14251
34.386913	0.9304044
-1.4299864	-2.0297697
49.58445	69.006874
-25.751116	-80.68945
4.1657987	-49.909477
43.05218	71.93001
62.18112	-3.118402
82.84647	22.740957
69.77154	-27.772076
68.94999	-8.185134
60.106876	59.195698
-14.018546	22.292738
-15.491687	-57.999634
78.31145	17.283123
-12.71777	55.50192
20.458391	-50.036526
-49.805016	-81.35242
22.045303	40.86183
23.72709	9.83514
31.192003	48.734562
50.66431	67.477875
19.58605	53.830074
67.65389	63.094654
10.305888	-74.66384
-51.31679	-76.09381
-29.181454	36.1838
34.36433	-20.252668
-3.586037	55.1414
-55.302555	36.180378
13.301005	-66.02964
-16.147394	33.131687
6.992269	-74.08149
19.869646	-70.57363
4.4532366	-73.46784
40.04342	73.56948
-42.60482	-3.99316
11.920984	-47.25992
27.261885	-30.05493
52.482307	36.169827
10.018675	-38.825966
66.0385	55.131584
31.541264	-26.905958
-1.2021526	-7.231471
-19.072718	28.333603
7.6573906	-72.09524
10.451758	-62.04147
1.3245674	-48.396698
17.149876	-10.293245
-43.093853	47.52321
55.276817	-1.2197721
13.271554	30.096252
35.653484	-29.194288
13.951998	-23.105453
-82.21731	15.142589
48.21139	45.3004
-50.38618	-83.40467
-38.86978	29.448523
16.835054	9.33791
19.04009	-42.732834
20.347174	40.891605
45.93074	43.419815
-35.259735	-80.39541
-12.284423	61.641106
13.143791	-64.11532
-13.140834	36.079693
-37.39006	7.397504
1.0836827	14.700772
-59.502773	29.56733
-59.36026	36.482296
44.38179	37.82834
6.589408	-72.79909
13.286811	-53.228863
22.551004	-59.805073
-16.955902	58.34313
27.215538	77.53676
9.5714655	65.424164
12.28768	-3.7056746
26.75332	-19.592993
-15.31288	42.09283
-28.41391	-86.87938
30.264929	-52.924328
-11.503495	-21.857376
45.715046	-8.681322
-38.617188	-19.429556
17.925785	13.040432
65.59988	-9.440258
-8.461862	1.9327674
19.366764	-57.874043
47.42178	73.094536
-19.96642	15.68961
-28.295813	-82.635956
42.07828	73.6032
77.02355	34.570854
27.493881	-19.172848
16.086205	-29.449598
-42.25106	9.783492
9.979183	46.48025
26.789879	56.53785
-53.18431	-59.2761
-16.784433	44.42773
13.99563	57.320423
-14.942242	57.388718
24.501375	-50.949116
-47.38236	2.193835
12.015251	50.394215
-35.347862	-23.000513
-4.692626	-14.997793
45.41173	69.29966
-21.95066	-86.48689
-51.594433	32.507217
9.702873	44.0731
15.285027	-25.697561
10.522743	5.520491
-29.677752	-87.6715
56.578453	51.13041
-38.441975	-39.639656
-13.332502	-79.27736
59.271805	41.29607
78.48056	18.561373
-49.406185	-27.105284
81.098656	-3.202498
27.141716	-22.25587
28.61993	-61.228428
5.410706	7.4330397
-11.535163	60.924088
23.54503	78.58557
-57.18687	-53.983665
27.974384	-55.07355
17.29292	40.666798
80.378845	-8.180092
12.346862	50.92303
14.337018	-62.42385
2.7109804	-49.083557
59.450703	42.049847
-63.971134	-51.9422
14.955452	48.534832
-48.46421	-16.58266
21.366377	-6.556673
13.117462	64.174446
-4.4001465	-27.060366
69.154335	0.04996672
65.22776	-10.232834
-80.791145	-11.091911
-5.0384297	-26.722666
-26.571547	-83.15566
5.8559093	-12.006063
-32.54507	47.871582
-68.14167	9.92902
-38.521107	1.705222
51.41855	36.187927
43.785355	69.58788
33.995167	64.127785
52.555195	75.80655
4.499575	57.596973
-68.18639	25.087412
-15.1561365	23.695742
15.785636	-58.580067
63.229477	22.176903
11.597825	-50.251064
-12.961059	-78.52334
-25.447386	29.745272
2.6065247	-59.980778
52.649487	31.95503
-44.942272	40.126663
-35.442806	17.552927
55.18842	58.943047
18.248081	6.2332664
49.02164	46.446175
24.411015	79.665215
25.188257	-68.5993
-49.72232	-23.621874
50.961304	78.03009
67.83417	-1.3390243
17.080774	7.403942
31.865688	-22.123838
-23.232605	-83.51154
9.613821	-27.31136
16.714369	-18.207106
32.12772	-30.985636
78.41837	32.51595
-48.907314	36.535614
47.45313	60.005253
10.945042	44.167767
-32.735424	48.172264
-45.839138	37.65945
8.529742	-74.4409
30.154194	-60.647495
-66.025925	-52.129738
49.732124	39.87015
51.59708	64.242256
10.62556	27.662668
1.7296945	-6.7450957
13.138601	-14.589438
55.105076	69.31838
-42.486755	11.18667
44.777424	61.78657
-22.799133	54.557472
12.704914	-26.814579
-56.32745	-43.127758
-51.398956	-59.880283
48.974167	74.68133
-35.97546	-0.6622049
44.118446	46.695747
17.200846	49.868935
5.3334193	3.2276757
-20.799255	-85.93507
79.09586	33.769886
7.310928	-64.278145
-40.499825	26.448927
23.253012	-5.1969028
25.085403	-62.481987
52.635822	75.736046
67.23471	27.186218
-36.706158	23.580217
-49.640167	2.2141964
19.718243	-62.759132
-74.84198	-6.340818
48.298878	26.464813
-28.377836	14.373342
-47.693695	-15.3297825
17.921568	-21.04109
61.271286	60.979084
29.276375	-55.57278
22.697298	-58.627125
34.82539	68.340935
-30.886757	-82.60902
-4.911956	50.975792
65.56938	70.67138
26.439472	22.33702
-36.42144	29.419764
-15.571129	44.431175
62.049652	64.7781
61.326824	65.475174
-27.965864	50.601902
12.756958	30.219276
10.996628	-12.422272
27.629158	-52.273354
-30.044003	27.94167
-77.6343	-9.0666895
22.565168	10.087599
-0.5050698	-3.049788
-28.438326	40.84249
73.95227	37.764336
-2.8194952	-20.056993
19.11269	50.60897
-47.32835	4.278771
-73.75506	-39.57878
31.424221	-20.97269
17.028875	-48.23865
31.863647	-2.2612338
15.3663435	3.3705573
-54.04303	35.657154
-23.893593	49.577694
14.389829	-39.790462
44.991768	52.293583
-1.2985377	23.560993
13.64427	-46.457016
-56.398155	-50.802452
14.956495	-28.935116
-10.615856	52.167034
13.983973	17.135847
-0.15706185	54.58992
-35.921234	-23.855764
32.793243	80.49091
-52.003204	-20.595634
-18.101145	58.52135
-75.314644	-6.860584
-45.04054	1.9077121
-13.368316	35.27858
-6.6635437	-20.082092
47.536762	47.254257
-9.906354	45.872066
50.0948	22.817131
-13.550629	-80.56892
-42.680294	-27.993069
-42.631454	43.2785
-29.464827	42.587036
51.57882	66.30425
16.323841	11.391262
34.244255	81.814476
-66.70974	-53.43899
-13.697586	33.193565
-13.611769	45.196075
25.287373	80.1287
14.5519085	38.710537
-24.115625	29.442354
14.382544	56.52282
36.46418	30.346441
-72.234116	20.517311
17.757803	-52.131382
7.1090474	-63.13742
-27.511532	31.468527
-34.69574	-11.360546
46.974266	77.38468
21.23725	-33.437447
0.38936192	-78.24917
-55.500008	34.07886
62.791595	44.201622
-57.933582	-49.876682
32.80751	33.231102
-23.339441	-7.542463
38.60551	75.66968
-12.397873	-78.52745
-50.025566	-77.23203
25.359821	9.430516
-8.423269	-21.207092
12.883605	57.20369
52.06549	-2.8903794
3.4725916	-11.084266
2.608067	-14.62361
