2.8776362	-8.3685665
-3.784566	1.1718528
9.967341	-2.485105
10.060677	-2.4822786
10.709404	-2.6063526
9.952969	-2.4860976
10.039371	-2.508508
10.4056835	-2.0595376
-4.7676005	2.5222788
-5.2108526	-8.689081
-2.7777836	0.6407491
10.320121	-2.1044035
10.336573	-2.022523
-4.127395	1.1874452
10.115831	-2.2705054
10.658743	-1.7683374
-5.444505	-6.7072167
10.005876	-2.5040867
10.086868	-2.498844
-4.143435	1.3693819
10.1803875	-2.201268
10.472426	-2.2029624
11.412622	9.789418
-5.2868342	-8.743991
-5.2806945	-8.747716
-5.324079	4.162837
-5.124863	3.3279245
9.924554	-2.526787
10.3089695	-2.0475025
-5.6770034	-6.894708
2.7465672	-8.28373
-5.400026	4.2532406
-5.140488	3.3815784
-4.912693	2.9268963
10.437475	-2.0539143
-4.9315505	2.8426576
10.222013	-2.1987052
13.732798	-6.1028104
10.752662	-2.0961804
13.720055	-6.1188445
10.353193	-2.0535874
13.731122	-6.1173477
18.193491	-1.2952526
-5.2806735	-8.743665
10.304552	-2.6167324
11.412243	9.790393
10.441304	-1.9979079
10.657476	-1.7385428
10.621036	-1.6064565
13.703235	-6.137805
10.659284	-2.533051
18.161394	-1.2741208
-4.1324873	1.1714864
-5.377446	4.223737
10.990534	-2.398109
10.956511	-2.5996063
-3.4773307	1.1362076
10.1006	-2.5010793
-5.007793	3.0178518
11.593771	9.612597
10.574434	-1.6976241
18.478514	-0.9027629
-4.173576	1.0152985
-4.1393256	1.148202
11.59886	9.606838
-4.9668956	2.9089072
-5.283011	4.074874
9.807221	-10.915754
10.027158	-2.4285672
-5.237235	-8.699364
-3.6337984	0.82890975
11.005713	-2.5304208
-5.2205777	3.8245559
13.706586	-6.1307054
-5.398347	4.2496676
-5.3878593	4.2333775
-5.2957187	3.9949765
-5.4116764	4.258394
11.405751	9.797374
11.0249	-2.5270267
2.888816	-8.389622
-5.319488	4.166871
10.335575	-2.0242283
-5.429672	4.286322
11.400596	9.801564
10.650659	-1.754219
-5.2810326	4.0723166
13.712966	-6.126671
-5.3548765	4.193212
-5.367444	4.219028
11.619083	9.589492
10.005128	-2.5006754
2.8924882	-8.392301
-4.1500645	1.1501515
-4.1603894	0.9325254
18.476982	-0.9043705
-3.2165353	0.8949112
-5.323302	4.129968
10.631647	-1.58167
-4.9786096	2.9360552
11.5952635	9.612107
-5.168926	3.4216928
-5.2321362	3.8436596
-5.7542105	-6.9566274
-5.3820324	4.2028575
4.429387	-1.9940617
9.804682	-10.918144
10.6366625	-1.5959178
10.804012	-2.4864402
13.732153	-6.1113157
-4.651318	2.2139297
13.733126	-6.1162148
-3.672508	0.8119169
10.606268	-1.5973119
18.47829	-0.9028946
-5.122855	3.3576958
13.748629	-6.1370935
2.481624	-8.442233
11.408243	9.792776
-5.448146	4.314248
-4.524073	1.9117498
-5.2907867	4.0856786
9.985355	-2.5068197
-5.2987685	4.110983
-5.191213	3.5706415
18.183468	-1.3108591
10.659813	-1.7988435
10.690016	-2.2215927
-4.05449	1.3380144
10.669873	-2.1400356
2.8190799	-8.344119
11.569204	9.638144
10.779175	-2.562458
-5.431189	4.293905
-5.2532682	-8.720722
13.718738	-6.122856
10.892434	-2.508633
-5.294709	-8.754023
10.020233	-2.498202
10.427209	-2.4399066
13.733884	-6.1038027
10.297604	-2.1746902
10.911735	-2.302076
11.62083	9.583095
11.581404	9.625708
-2.9369419	0.822893
13.709573	-6.1290803
18.160751	-1.2756189
10.266338	-2.602177
-5.7311344	-6.9308395
10.626305	-1.8377494
-5.3533034	-8.81433
10.771256	-2.6521556
9.816765	-10.925059
-5.396886	4.2244396
2.7659793	-8.300683
-5.6750827	-6.886973
-5.2919083	-8.753241
10.849798	-2.4645007
-5.367404	4.215298
-5.3144727	-8.773667
18.476719	-0.90452254
-5.2664633	4.044143
13.732915	-6.118373
-3.783379	0.62982076
18.164373	-1.28383
-5.3058934	4.014226
18.186623	-1.3052305
10.658581	-2.365427
10.641379	-1.6271499
10.637491	-1.7214875
13.712149	-6.1270823
18.47823	-0.90298134
-5.385116	4.2018466
10.775505	-2.262856
-5.2216725	3.8040109
10.0923	-2.4616292
18.167547	-1.2858089
-5.236349	-8.702923
9.807818	-10.914133
18.189074	-1.3073956
18.173733	-1.2928551
-5.2730055	4.0640306
18.21395	-1.2335935
-5.3694425	4.179292
-2.8260846	0.7238275
-5.2528434	-8.714613
5.704641	-1.03647
-5.24745	-8.704342
18.187735	-1.3051666
13.708101	-6.1329165
13.67845	-6.162834
-5.476361	4.336993
10.645222	-2.254392
11.588668	9.614654
10.796326	-2.5761442
2.8832073	-8.404331
9.933596	-2.5812607
10.556303	-1.6456424
4.368518	-1.9768692
-3.955781	1.0989679
10.37023	-2.0869753
-5.4293184	4.2726736
-4.5105386	1.8460848
-5.336986	-8.797407
9.809257	-10.918046
10.072074	-2.4180105
10.574015	-2.18945
-3.6693668	1.3896936
-5.3322005	4.1725907
9.80992	-10.920183
-4.942187	2.8546734
10.351777	-2.10104
-5.266933	4.043902
13.737284	-6.100646
-5.4057994	4.2543344
10.932723	-2.5105922
10.38774	-2.0139182
10.975005	-2.3992
11.413002	9.7900095
10.523253	-2.2835476
10.096711	-2.347148
10.664775	-2.322437
9.810241	-10.915002
-5.1214976	3.3159473
-4.515089	1.8796808
-3.111666	0.7843769
13.73187	-6.1038322
10.975648	-2.5215683
10.1120615	-2.5189414
-5.2044606	-8.679058
10.042501	-2.4237366
10.227802	-2.1946607
-5.3493733	4.2106886
-4.871698	2.825701
10.977596	-2.3976889
-5.114901	3.2812028
10.566027	-2.2451382
-4.718262	2.4051197
10.400696	-2.0377243
-5.218345	-8.691352
10.763652	-2.3682213
11.567925	9.63964
11.567693	9.640429
-5.375252	4.1902037
2.86363	-8.365161
-4.1594453	1.3451924
-5.711354	-6.917085
-4.1211977	1.4041803
13.729948	-6.119826
-3.686898	0.91372997
-5.307253	4.1059217
-5.293356	-8.749135
-2.8951452	0.7617988
9.812073	-10.922927
-4.087418	1.2936411
10.193681	-2.4471958
-5.406082	4.249838
10.706409	-2.3704963
10.784152	-2.663444
-4.2573204	1.3555039
10.553914	-2.2407725
10.682423	-2.406453
10.740403	-2.6163146
-5.2647567	-8.733326
9.810311	-10.920134
-3.0165994	0.42795864
-4.1846056	1.4804528
2.8963077	-8.39735
18.481459	-0.8993725
11.5588255	9.647346
-5.252999	-8.712537
-4.7366376	2.4857318
11.398321	9.804137
-5.276341	4.0456314
-5.499683	-6.7596083
-4.289406	1.5082692
-4.002955	1.0589497
10.06613	-2.4012477
10.638762	-1.7050548
-5.3782463	4.2237754
11.007291	-2.5405135
10.626157	-1.6730062
-5.1213756	3.3644345
10.476092	-2.0426974
-4.764195	2.5296948
10.756896	-2.170582
-5.700746	-6.912766
18.136393	-1.300091
9.808928	-10.914134
2.7788064	-8.294889
2.901208	-8.390386
-5.1892953	3.5613356
10.726722	-2.2338457
10.680237	-2.6775799
-5.1187644	3.3113399
-5.2039227	3.7646487
10.444827	-2.0608494
-3.981415	1.0919387
10.755345	-2.456994
10.664539	-1.7714939
9.82782	-10.937033
-5.2195053	-8.69084
13.732042	-6.111632
-5.3043027	4.1227374
-4.222128	1.4057558
-5.12298	3.3128111
10.9361	-2.521919
-5.0536947	3.1410038
13.695244	-6.1441326
10.749046	-2.6527653
-5.391612	4.2338653
10.608287	-1.5734142
10.61373	-1.5949242
10.741421	-2.6466866
11.399504	9.80213
-5.3307323	4.1653957
10.245765	-2.2036157
10.797334	-2.6085799
-4.228272	1.4817544
-5.430332	4.2852206
-5.271069	3.9320784
10.420159	-2.0536969
10.380646	-2.0754478
11.498715	9.706976
10.330265	-2.0447266
18.18103	-1.2938347
-5.1329823	3.3636212
10.81163	-2.661653
-5.49093	-6.7498436
11.409847	9.790541
10.61719	-1.5774435
-3.646206	0.52217686
-4.010344	1.4521075
2.7559676	-8.310598
-5.44125	4.3068867
18.477188	-0.90415764
11.397211	9.805137
10.606149	-1.5779897
10.715482	-2.6412392
10.987432	-2.4459102
-5.4683194	-6.7329297
-5.4638834	-6.7305303
-5.240061	3.771669
-5.3029246	-8.764459
-3.6187673	0.74410355
10.673484	-2.3483458
10.463342	-2.0725577
-5.1448307	3.3750546
2.8453493	-8.385332
2.8584392	-8.363802
2.7622871	-8.288066
-5.4310246	4.2837987
-5.118926	3.3002346
13.746025	-6.092204
-5.389919	4.212468
-3.9374588	1.3957771
-5.2808633	-8.744516
10.021182	-2.506801
-5.2803864	3.9353414
-5.126744	3.348943
2.855659	-8.377551
10.822524	-2.5541263
-5.355805	4.190939
11.553933	9.653038
-5.1610928	3.4288073
-5.4703064	-6.728136
10.995049	-2.5492768
-4.0927763	1.3198979
-5.3830733	4.2287555
10.618301	-1.5952215
10.67097	-2.198427
18.478344	-0.90293443
10.736935	-2.6026866
-3.691499	0.86681324
-5.2199173	3.808627
-4.2639356	1.4717723
2.8547173	-8.366821
11.403754	9.797942
2.9452717	-8.427872
10.628312	-1.6274415
10.626996	-2.6009414
11.586487	9.613545
-5.1052065	3.273756
10.557288	-2.2787585
-5.259471	-8.732131
10.709021	-2.1870143
-5.2274375	-8.696128
-5.27643	4.0657716
10.154776	-6.072912
-5.3015757	-8.762803
-5.69752	-6.9092283
-5.2314878	-8.698411
18.478325	-0.90277845
18.48294	-0.8966993
-5.2379346	3.7323759
10.20606	-2.2216406
10.940103	-2.5090137
-4.2042627	1.1879047
-5.1109433	3.3199606
9.817694	-10.927344
10.497043	-2.100316
11.435148	9.767365
-3.9686353	0.40659162
9.950483	-2.4694524
-5.1440215	3.386182
10.062805	-2.4003654
-5.238046	-8.700996
10.751997	-2.2616644
13.726153	-6.093807
-5.442421	4.296911
10.914484	-2.5112286
-5.2685447	-8.724102
-5.347285	4.1710324
13.718952	-6.11835
10.776718	-2.6245112
-5.28235	4.066569
-4.04525	1.270683
10.222297	-2.2009487
-4.2745204	1.4511378
-4.2523646	1.4292223
-2.9845707	0.4979365
9.805995	-10.91498
9.785152	-10.912956
-3.5303438	0.9715534
2.8427234	-8.384949
18.466887	-0.91670275
10.0349455	-2.4857543
11.40451	9.797704
-3.3702223	0.898058
-5.275824	4.066739
-4.97885	2.9458325
9.811055	-10.916086
10.753605	-2.5569038
11.402919	9.796586
18.47682	-0.9043878
10.558863	-2.382374
-5.645064	-6.874296
-3.018822	-0.7626988
-4.7521915	2.482872
10.667856	-2.573706
18.18076	-1.2937294
-5.3046603	4.104125
11.401884	9.799875
10.712531	-2.1136258
-3.6734574	0.8747323
-4.479041	1.8133415
-5.2273808	-8.69701
-5.4070516	4.25198
-4.807156	2.6339269
10.795051	-2.6585462
18.186077	-1.3052272
-5.470157	4.332209
18.198874	-1.2537916
18.477915	-0.90312254
-5.3469634	4.1803966
-5.680243	-6.897945
10.6037245	-1.5743109
10.753975	-2.2608733
-4.226131	1.5087912
10.661348	-2.3659954
10.943484	-2.6265645
-5.3585606	4.199767
18.189789	-1.301802
-5.409913	4.2563453
13.7353735	-6.101964
-5.3358684	4.1444125
-5.47786	4.341504
-4.983266	2.9648678
10.940656	-2.3634548
10.671657	-2.6668437
-5.4269223	4.281894
-5.316073	-8.780927
-5.246878	-8.709301
-5.7041445	-6.9146786
10.688994	-1.8384936
13.717957	-6.117579
-4.192416	1.481891
-5.703292	-6.9124317
18.47861	-0.90257955
10.486503	-2.2669923
10.401967	-2.0452213
10.641455	-1.7847143
-5.012225	3.0231497
2.6664538	-8.316477
10.1664295	-2.5084658
-4.178808	1.366922
-5.6793394	-6.883839
10.960423	-2.5343037
-5.4451146	4.3122106
-5.2075467	-8.681108
-5.3828382	4.224945
10.701588	-2.143027
-5.2718043	-8.741657
18.185791	-1.296659
10.252257	-2.1878345
-5.276615	4.070043
11.579666	9.627442
-5.259054	-8.718709
10.093069	-2.3773494
10.998425	-2.5594275
18.478466	-0.902733
-5.414846	4.2630773
-5.315817	4.143009
11.553973	9.652785
10.248926	-2.1641648
-5.2163496	-8.686184
11.394411	9.80917
2.8354812	-8.360564
-5.70036	-6.9079556
2.7868242	-8.315714
10.680924	-2.0109138
-4.9919534	2.971561
10.7033615	-2.4157531
10.312114	-2.1301742
-5.4038024	4.2491117
10.592809	-1.5649837
-2.8285952	0.7120686
10.422976	-2.32981
13.732499	-6.10278
10.399954	-2.0874104
9.806534	-10.915862
-4.094811	1.4055291
10.889325	-2.6337712
-5.4258113	4.2797594
-5.295174	4.082241
10.996949	-2.5568492
9.826537	-10.937833
-5.4077845	4.256976
5.5963697	-1.1392797
10.976048	-2.522544
10.6977825	-1.9473295
-5.3975463	4.2248287
10.35852	-2.102888
11.405201	9.795047
-3.0335062	0.87007004
-2.7663617	0.6763063
2.877601	-8.361002
2.8401132	-8.381848
-5.3586874	4.1774383
10.691989	-2.2160132
9.809272	-10.913767
10.980173	-2.485364
2.7600675	-8.265762
10.296711	-2.0992317
9.8060255	-10.915303
-3.7654977	-0.21254799
2.833891	-8.361944
10.985911	-2.5776045
10.044862	-2.4313278
-4.1732306	1.4538382
-4.1940093	1.2487054
-5.4265904	4.278534
10.147268	-2.272145
10.826938	-2.1968474
-5.246814	-8.710928
-4.2419047	1.4131675
-5.2525	-8.710604
5.7224975	-1.0256188
-5.2177925	-8.690561
-2.8389466	0.7449806
-5.508148	-6.76823
10.617538	-1.5982004
10.439319	-2.0587628
10.752294	-2.0908158
18.17735	-1.2668462
10.893781	-2.2926786
11.009639	-2.529303
10.185537	-2.5524466
10.617265	-1.5958406
-4.2113137	1.5044595
-5.175523	-8.652389
-5.2054853	-8.684482
-5.0499053	3.158526
-5.721154	-6.9322333
10.666034	-1.8650775
10.1049595	-2.4891772
10.777506	-2.3757083
-4.2683687	1.4511722
9.80945	-10.916645
-4.2770743	1.4742445
10.77891	-2.4072733
-3.0024047	0.4118579
13.721323	-6.1233487
2.7908313	-8.268332
-4.2010183	1.4943943
10.98065	-2.3606236
-5.719153	-6.923011
10.36937	-2.1411006
11.5757065	9.631154
5.751655	-1.0300677
10.06448	-2.4980392
-4.237499	1.403955
-4.1210647	0.89513135
9.972835	-2.495008
-5.3436294	4.1614437
-5.2895026	-8.751182
-3.6827464	0.9894201
10.765315	-2.099628
-5.722209	-6.938893
-5.2698293	-8.71974
10.388223	-2.0675514
-5.2029996	3.7875571
-4.998759	2.9924064
-4.4920993	1.8623165
9.807257	-10.9170885
10.334735	-2.1286747
11.406153	9.796724
-5.3006406	-8.762333
10.524279	-2.3292403
10.604788	-1.576068
-5.2907615	-8.7513485
-5.351747	4.1896114
9.80764	-10.916607
9.785115	-10.911941
10.0553	-2.4659116
10.699257	-2.1931992
-5.747068	-6.953159
-5.172362	3.5784192
10.961602	-2.5256033
10.627963	-1.5860891
10.35598	-2.1698563
-5.15723	3.418307
-5.1099396	3.286481
9.810902	-10.919066
11.406378	9.793561
9.813983	-10.923013
18.165228	-1.2831511
2.824287	-8.356832
-4.992944	2.9741817
2.9118211	-8.413864
-5.2941475	-8.757535
10.966533	-2.4910688
-5.2877502	-8.747501
2.7977908	-8.35484
-5.4401383	4.297581
10.35406	-2.025819
13.77561	-6.141885
-4.2631974	1.4263488
-5.2936974	4.0785284
-3.7359767	1.458106
10.570742	-2.2090354
2.853604	-8.378514
10.891527	-2.558516
-3.514026	0.5489983
2.8892756	-8.392518
18.425966	-0.9701285
10.7172785	-2.5999572
-5.139246	3.382517
-5.280645	4.088461
10.334666	-2.0165174
18.176802	-1.2962819
10.679054	-2.5774772
10.010419	-2.5009432
-5.2331567	3.8126867
-2.9679732	0.62585264
18.187271	-1.304163
-5.295518	4.0858874
-3.594726	0.52766293
10.770307	-2.41275
9.80691	-10.914928
-5.1206326	3.339204
10.336581	-2.108875
10.873146	-2.4761589
9.963414	-2.4812388
10.440204	-2.155042
-5.312688	4.075112
10.432168	-2.0629659
-5.7152	-6.923373
-4.9732556	2.9273546
11.404808	9.79741
-5.2934723	-8.754795
-5.2580748	4.046334
18.478645	-0.9025635
10.62778	-1.6453884
13.729845	-6.1175923
13.73286	-6.111663
18.189768	-1.2937917
10.966272	-2.353555
9.810623	-10.917486
-5.2289934	-8.692002
10.733885	-2.2400115
10.61218	-1.5950106
10.735356	-2.6207302
-5.375994	4.201534
10.311871	-2.6475577
9.808333	-10.915163
18.478407	-0.9026934
10.063834	-2.4112413
10.939692	-2.5478768
-5.403191	4.249228
13.721077	-6.117337
-5.7232594	-6.934923
-3.6462095	1.0427748
-4.7666745	2.5312607
10.022117	-2.4690692
-5.179195	3.5245686
10.413807	-2.6312594
2.8815312	-8.385959
-5.217696	3.804334
-5.2584615	3.8861554
9.977963	-2.4854813
-5.2931876	-8.753841
10.305748	-2.0663722
11.405611	9.794515
-4.1128573	1.4428346
-5.4095316	4.2593293
-5.7357173	-6.9398813
-3.7527537	0.9107334
-4.1562204	1.3677549
-4.1505113	1.1441509
-5.4408135	4.3042784
11.588537	9.616986
-5.0508757	3.1432452
-5.2789316	4.070276
2.896259	-8.390806
18.474747	-0.90664405
10.592518	-2.2919996
10.218101	-2.2103748
10.910422	-2.4672344
10.683257	-2.2573352
-3.9623377	1.1251284
18.28707	-1.1441361
9.803313	-10.916024
-5.3111296	-8.772164
10.30192	-2.1038451
-5.2813807	-8.747656
-5.205393	3.6208763
-4.1618614	1.1717354
10.352804	-2.17424
-5.4148884	4.2464128
9.815495	-10.92468
10.105971	-2.486858
-5.333763	4.170147
-4.8036537	2.6298475
10.36184	-2.0407119
-4.5494347	1.9853648
2.7178023	-8.296926
-5.7225146	-6.925921
-4.0273824	1.0952582
-5.4335866	4.2928805
9.815526	-10.924438
9.981259	-2.4805408
10.415141	-2.0921917
10.621674	-1.5996766
-3.981081	0.8055603
-5.228716	3.805586
-5.3026576	4.1188064
10.443835	-2.6255264
-5.4855747	-6.747317
-5.389182	4.2064066
-5.4459953	4.3096337
2.8647597	-8.404132
10.828871	-2.1748827
-4.217245	1.4489994
13.707027	-6.129959
10.709916	-2.6033883
10.578627	-1.5616297
10.037733	-2.4844298
-4.263371	1.4575815
10.541424	-2.3226063
10.578502	-2.3435462
2.799284	-8.326731
-3.6028383	0.55914336
9.811052	-10.921402
10.612767	-1.5935173
-5.2255073	-8.695058
10.604062	-1.5781476
10.946925	-2.4200795
-5.3125772	-8.77349
11.568112	9.639393
-3.8080852	1.418449
-4.998914	2.9917672
13.707075	-6.1339283
-5.648504	-6.874968
13.738756	-6.099004
-5.3817024	4.2282643
-5.439331	4.304359
-5.284937	4.063057
18.187838	-1.3059126
10.045461	-2.4938664
2.885481	-8.388934
-5.709894	-6.9178834
-5.461544	4.3152733
10.789025	-2.6629503
-5.2889233	-8.750318
-4.1236234	1.2085952
13.734914	-6.102434
11.589177	9.616107
-5.126777	3.3282516
10.6178875	-1.5947645
10.657023	-2.1923046
