55.13842	4.372651
-29.765423	35.77681
-29.749933	35.12674
-30.144987	35.676414
56.45157	20.59344
-9.941998	-12.122314
-9.9800205	-12.084986
49.052086	28.433514
32.62966	33.97953
50.512833	35.030594
-40.34523	35.445263
50.69717	35.02865
-40.999924	35.326508
29.234562	29.745031
29.87151	29.823477
29.881323	29.817984
-14.223745	39.533154
53.16769	26.008863
36.92306	29.383453
37.20272	29.206612
-71.39851	-0.10962356
-37.3063	-1.3097432
-37.023098	-0.7563108
47.85213	8.115941
48.76147	8.263418
-40.97427	2.592188
-34.226368	-18.54489
-34.7201	-19.099253
-25.723091	-18.51056
54.037827	4.4852676
-33.79687	-12.58089
-31.331398	33.54865
53.856003	7.6556892
-41.574936	0.49459997
-42.61151	0.9465329
-40.66498	0.16056249
-42.686184	1.0931234
-41.141098	1.2697041
46.113533	9.586828
-37.075287	6.8370023
-36.24784	8.2087
-35.456955	6.6988773
-35.334972	7.7534094
-36.24912	8.279284
51.97658	6.530702
51.92599	6.1531644
52.14168	5.8612823
-40.192204	0.62968814
-79.68281	3.0479338
-79.12451	3.0640545
-70.48472	-0.16432765
-70.87074	0.48479068
-35.841503	-8.582695
50.239204	8.182013
50.860893	7.63393
-38.163975	-0.95848465
-39.17282	0.22079933
-33.141533	27.327312
54.168377	24.829248
45.551533	28.745052
56.95503	7.668488
51.606743	11.639261
40.430706	30.726955
-34.645294	8.613491
35.987206	32.14216
53.359295	27.793129
52.72121	27.553402
53.049637	27.369747
56.259964	28.527407
48.624153	30.688808
-14.167712	-11.031278
-36.07462	9.934632
32.165817	30.760687
-9.176113	36.815872
48.647785	25.605026
-35.140694	12.417274
-36.671352	11.729802
-36.92769	11.64552
-36.005455	11.188979
37.96482	31.319813
31.735289	30.417007
51.159744	4.1136003
-34.755672	2.6596775
52.291008	26.515722
-14.0315895	-10.408527
52.130363	24.96297
46.918385	25.797674
-32.3226	29.244171
-39.425385	-2.1942275
-38.172035	-3.1253943
-40.10515	-3.3811276
-38.599407	-4.2685738
57.30785	15.521108
47.566868	26.221643
-74.09457	7.8528433
-40.423912	2.306643
48.588467	26.957153
39.28123	29.790741
-31.134876	-1.1290039
-31.748446	-0.7854563
-31.846367	-1.2170988
-31.52365	-1.5490364
39.06329	33.46099
40.486336	28.7444
54.632866	20.589289
-31.8229	27.190767
-25.374557	3.9735053
-36.976227	4.481554
-37.62766	3.2141056
-42.344734	17.98481
-29.485807	6.6368704
39.30412	30.329268
-39.86022	-0.39710426
-74.72339	-1.1400838
-77.30156	5.8346515
-78.52668	3.6142201
-78.34204	3.8849523
-78.77091	3.905316
57.05997	9.220501
51.087307	6.713669
54.183895	7.3362894
53.410103	6.9952264
36.04162	18.23783
35.90809	18.081535
35.84771	18.003792
34.613438	34.163876
33.780518	32.798218
20.409506	21.607254
31.677902	38.26191
19.288942	24.818512
19.08428	24.60542
19.763702	25.57333
19.184599	24.907179
19.948837	24.73162
29.10211	39.651703
24.512064	35.385094
25.275654	35.469353
25.371397	34.811356
24.846292	34.696472
-5.398557	21.694708
27.14466	8.437766
26.956459	8.213336
26.680157	8.618047
26.196163	8.195819
-21.439531	21.046991
-21.656301	20.542284
-30.769953	17.917788
24.61318	33.725388
-31.097082	28.821419
-30.144007	28.179485
-29.285389	28.491344
32.035828	18.324312
32.3254	18.452524
31.876879	17.794933
-20.802267	27.883068
-24.347563	28.198805
-26.575733	27.818766
-23.483997	28.27658
-20.797647	27.811163
24.019463	10.814602
-25.603115	13.948275
-24.717205	15.103303
-22.342047	17.445604
-20.948984	19.036444
25.819565	7.1119523
40.71584	11.782843
-28.5721	3.1814303
-26.450855	12.545828
-26.7578	13.710821
-31.308561	18.250082
-80.75458	5.6148067
-23.176142	21.43176
-23.701145	21.655405
-80.50756	5.5756097
-80.59518	5.489425
-24.40879	21.602728
-28.691244	19.322002
-29.702873	29.448069
-44.333607	-23.838627
-28.170519	29.029425
31.315273	16.738716
30.998413	15.553022
-15.374256	25.787397
45.21694	7.7434583
44.50979	7.082405
-37.324997	-16.10247
-43.315704	-10.848787
-48.140766	-12.37257
17.920763	1.9686546
-33.00235	-12.533505
-48.871284	-13.813493
41.566444	9.796063
41.220825	9.773536
41.174175	9.762236
30.648932	7.7036753
-31.630804	0.9674243
-32.026352	0.9944598
-30.941303	1.2926971
-20.227076	19.664835
-28.258076	27.078777
-29.362051	4.7909875
-36.36596	-2.2418816
-37.083916	-0.11118769
-36.188194	0.8415815
-35.6915	0.49640152
41.850872	6.027519
41.86145	6.683975
42.443157	6.4872365
41.86379	6.0351396
41.68258	6.6576047
-35.112	-11.096244
-35.816605	-10.97148
-47.300255	-12.08755
-49.88141	-11.838751
-34.536194	-11.4815855
-36.12363	-10.2176075
-36.89596	-12.884453
-38.582302	-10.800376
-37.59904	-10.369498
-41.223705	-11.285849
-41.801025	-11.086931
-47.9974	-14.547855
-47.010216	-13.179414
-40.606056	-10.946058
-41.52495	-10.786776
-46.802055	-13.468817
-32.3871	-9.91721
45.760475	7.3401866
45.531075	6.206084
-36.760662	-5.446781
-34.717926	-0.19246101
42.80374	7.1976476
-48.720757	-11.806826
-34.750603	-0.33726186
-46.020264	-11.162309
-35.563114	-4.8107696
43.517956	9.415553
44.21427	8.861135
-50.14625	-16.19376
-50.149094	-16.181278
-28.266293	6.129148
-29.286015	7.316291
41.087795	12.474587
41.478024	13.796087
-30.08609	6.785923
-79.46573	6.2434945
22.723978	9.64107
-26.93318	21.182877
23.18626	9.070069
-22.501394	18.983479
-21.673153	19.010445
-29.78897	3.636574
-37.273457	1.9073607
-37.53629	2.1790137
-37.781456	0.9176824
-42.855087	-9.885953
-45.494335	-10.198625
-45.358887	-10.541862
-48.24561	-10.684016
-35.553513	-15.905188
-35.633728	-15.87
-76.45862	-5.508836
-76.43649	-5.4746847
-32.367466	-13.171345
-42.865	-11.902045
-47.810448	-13.687256
-78.39506	-5.7583723
-78.382904	-5.7702417
-75.290085	-4.6728525
16.163067	1.7049913
-44.363853	-16.586676
-30.348394	2.2573934
26.602415	5.9336066
-31.955431	29.879814
-23.391005	30.529081
26.51578	11.130995
-26.73762	29.061174
-71.49733	5.934813
-30.171688	32.270283
30.513664	14.566029
26.578468	43.144196
26.50577	43.483624
-20.870998	34.905212
-20.502659	35.25049
41.307953	11.143829
41.904873	11.901701
-50.428516	-8.875234
-22.40638	2.603518
-39.92929	15.904145
24.224419	32.83288
-20.85845	1.2552713
-29.730421	18.622332
-51.635605	-9.5958805
-50.88302	-7.235482
-23.61461	20.52481
-25.513697	2.9300325
29.009792	23.230375
-29.640064	20.570839
-29.584637	20.43974
-30.329903	29.282295
-20.056416	31.520247
-20.804132	31.915245
40.00422	4.3039374
45.866356	-20.71175
29.052504	-21.257193
-6.4130135	-7.6809607
-52.422413	-20.310432
-53.146435	-20.362532
-52.832615	-19.74726
-53.261303	-20.180471
-52.6635	-20.006296
-53.316097	-17.458239
-53.933037	-17.578667
-54.05159	-17.109312
-53.678276	-17.248411
-53.4341	-16.818445
-52.339474	-18.644434
-23.981184	25.12531
-23.524065	25.469404
-23.917942	24.613258
-22.842417	25.35544
-23.02894	24.69754
-22.858866	24.152992
-22.085983	25.000605
-22.036657	24.233871
-22.154772	23.7405
-21.635744	24.788525
-21.227226	24.44121
-21.42736	23.37726
22.820004	14.072004
-20.898455	23.771265
22.80685	14.085648
22.851377	14.352623
-81.824905	3.1215448
-81.89723	3.4397109
-47.791294	17.398504
-83.369484	3.7946537
-82.55226	3.9437943
-83.04581	4.0644565
-82.89349	3.2211068
-83.167465	3.2978535
-48.8546	16.46196
-48.75975	16.36908
-49.099243	16.100323
-49.17876	15.738131
-49.285027	15.423307
-84.3565	3.141517
-82.95892	-0.30633524
-83.03425	-0.0409063
-83.11666	0.44857967
-83.31723	1.1114407
-83.32236	1.646748
-2.5428426	-1.6535784
-82.54153	6.0692587
-45.367905	22.374874
-82.35311	5.6004753
-37.752525	19.509762
-37.10588	19.679077
-36.572544	19.732687
-35.53012	19.733696
-34.951244	19.76731
-34.32076	19.940006
-33.640484	19.98403
-80.89024	4.2854323
-25.12122	18.335114
20.040417	-13.346085
20.121313	-13.237572
19.679276	-13.21744
19.688923	-13.199617
1.8045161	0.17318909
-36.898335	17.21651
-36.974705	17.46162
28.22419	26.068441
27.991852	25.656664
20.99185	-19.155085
20.966146	-19.025633
-24.939156	18.385292
22.317495	10.795387
-41.814724	26.135862
29.23472	25.351046
29.119543	25.612114
28.968657	25.769081
-33.20462	21.303225
-19.879013	26.345282
