9.503364	8.388382
4.049724	9.124108
4.464455	7.8018017
4.968072	6.2421546
6.711249	5.4009833
8.548218	6.8190417
5.028188	7.3062487
8.331118	8.131252
6.819996	6.24394
6.6774106	6.479634
9.980347	7.210701
7.9213696	5.99569
8.769498	6.361893
8.980093	6.7299256
3.956647	8.480325
5.966097	6.470289
8.94806	6.930318
2.9459536	9.15602
3.5050707	8.428889
6.9120827	6.2499123
9.752524	7.7994213
5.187082	6.9564037
9.61306	6.782268
7.3192034	6.259147
4.341806	8.651375
4.650504	8.416831
4.8757486	6.7369685
7.961663	6.6686225
6.141569	6.098446
3.9134994	7.716433
10.242627	8.24264
5.048479	6.497189
5.590941	6.30144
6.457075	5.3450313
8.816529	6.3710213
6.39324	5.1608076
8.855713	7.096319
6.318438	5.974554
6.450379	5.345747
5.9765186	6.599866
5.3940067	6.2718496
6.5697794	6.279478
9.16335	7.9511223
4.9455647	6.863366
5.709777	6.7719088
4.8591847	8.402658
4.118254	8.410964
5.463004	7.234518
5.288163	6.4352956
9.869416	7.519207
3.4621308	10.22442
9.886497	7.694062
6.049039	5.1826534
4.7515845	6.7122188
9.991661	7.317148
4.7509527	6.252048
4.842254	6.232366
8.266649	7.114221
4.2496996	7.0844703
9.80465	7.018028
10.027732	7.802551
4.1590533	7.6269536
4.3086705	7.253793
4.0616255	7.124328
6.1547604	8.727745
4.278339	10.221569
6.140745	5.94402
5.1667185	5.566288
5.5767207	5.6097684
4.525885	9.553414
4.266702	7.088341
7.0572333	5.6373653
10.226684	7.6559997
6.9245677	5.9653425
9.951699	7.416004
10.019634	7.9579306
4.1427193	8.614395
4.150447	8.035221
6.912183	6.4727087
9.014283	8.040011
6.315452	5.227766
6.6923585	5.1994777
4.0748897	7.747776
3.2823358	9.933751
5.765531	6.6050243
3.8808296	8.671212
8.883457	6.9968286
6.2559905	6.428537
6.6149774	6.6971025
8.853161	6.9408164
3.197343	8.522038
6.993288	5.902517
7.29373	6.6199627
9.029141	7.9324217
6.3726344	5.4879184
6.225642	5.120942
10.467734	7.987908
4.8366485	6.4920845
10.242036	8.59678
5.433095	7.3373938
7.326595	5.935135
8.923135	6.321155
5.3485603	5.4288464
5.4424005	5.731317
6.5448065	5.9795804
9.239478	6.902527
6.4344325	6.477133
4.775488	5.9008794
9.514737	8.287103
9.559063	8.525077
3.0334723	9.486551
3.9629157	10.036303
5.0120263	6.611985
4.1014433	9.216321
5.309548	5.835046
4.56871	8.661703
8.382363	6.1764812
4.1036897	7.507499
6.734111	5.5994096
3.0335696	9.391686
3.2341528	8.856532
6.86757	5.988458
8.543782	7.4570775
9.304894	8.400898
6.625203	5.9900646
3.7741055	9.083218
9.483287	7.409647
9.838825	8.088703
6.038839	6.109573
9.162891	7.2152486
8.811681	7.5172706
5.689515	5.9314938
9.767885	7.82349
4.60215	6.444743
3.585364	9.241505
9.838609	6.8705754
3.7388887	10.300396
5.9551415	5.2379003
4.0970244	6.9214716
3.80208	7.286084
6.1982837	6.3309793
5.500731	6.346764
5.6797285	6.377161
5.7407265	6.3718224
6.806243	5.9828787
6.1859274	6.7092485
6.0220194	5.919532
10.208638	7.6346774
5.2991147	5.814344
6.3430223	5.954646
3.8012576	10.26351
9.8884325	6.9030538
8.8219385	7.0612
4.208093	9.361856
5.509041	6.1678505
3.4349349	9.628242
3.743291	9.401363
6.1825376	5.731595
4.990239	8.851773
4.9727554	6.9170704
10.130635	8.359612
9.452833	7.223859
5.760214	6.7641416
3.6219	8.519813
8.572726	6.600293
4.505645	8.570162
4.1470556	7.5294604
6.8649697	5.4402485
6.1001053	5.8347363
9.3864565	7.572381
4.561718	8.463773
4.2233434	7.0620317
4.628003	7.0732336
9.585562	6.9396343
4.2339416	9.719564
6.1724405	6.2513566
4.5306435	6.8178983
4.0629563	8.116463
7.662537	5.9579353
3.8480275	9.546712
7.0184917	6.0478354
9.307308	7.486294
3.9949005	8.001439
5.301863	6.121823
10.12228	8.357708
3.518026	9.895354
6.2224145	5.506755
9.988661	6.773386
7.049308	6.514763
5.9136	5.2362366
5.82676	6.8323135
3.1589897	9.450923
10.1275	8.485174
4.0928154	8.980575
6.4757447	5.4004307
4.434372	7.6646414
3.7884564	8.172858
4.299638	7.419883
8.184305	7.1769423
6.158682	5.343329
6.383524	6.7285037
4.764418	6.408711
10.049407	7.32248
9.146445	6.9346986
7.4380975	6.7424574
9.9668255	7.589921
3.60634	10.039706
9.27127	7.1034164
3.6657116	8.307991
6.5588326	5.1693463
8.319424	6.0853286
3.9310482	7.841207
5.1911287	7.5341406
5.0763063	7.304027
9.544695	8.083785
3.9226813	7.3367076
6.116989	5.147544
10.204304	8.432423
6.129232	5.6924534
4.603576	6.525975
8.575858	6.5522842
4.116646	9.113971
10.03054	8.373603
7.8759174	7.234564
10.070306	8.083592
9.111981	6.811429
4.761102	6.3275747
5.694944	6.7174478
10.141763	7.587516
4.3283477	8.961943
4.494559	7.6419497
3.3703396	9.380192
7.518847	6.5836997
7.2139797	6.131977
9.538839	8.334157
6.4250927	6.5577087
9.704172	7.706531
4.9218006	7.630573
3.4914825	9.518323
5.2626925	6.4669094
8.326652	6.807629
7.132642	5.2635565
10.385378	7.47246
6.205641	6.5122747
8.767122	6.623717
6.7192955	5.444664
5.968327	7.178775
7.1307087	5.340211
5.487563	5.28294
4.750916	7.6326065
8.1650715	6.1064367
9.069754	7.808714
6.2182174	5.041014
9.679216	7.9257746
10.211871	7.621497
8.451992	7.7343087
10.391412	7.816277
5.611327	5.881192
7.2091928	5.567705
4.183685	7.7670865
8.853937	6.5947027
8.857185	7.8185563
4.43085	8.319301
7.550954	6.4219766
4.121978	9.083407
8.420827	7.9376907
4.2138405	10.235017
4.291956	8.975333
7.1072884	6.7485657
6.2856736	5.9906483
9.49988	8.933915
3.9031734	8.093866
4.9931846	8.226724
4.0138645	7.959806
4.5963936	9.9989395
9.344488	8.322292
10.120072	7.420257
3.970365	7.505324
10.486016	7.901878
10.2774935	7.3769255
8.538381	7.468867
9.821097	8.344969
6.6231227	6.3134193
6.543967	6.138706
4.570656	7.4606347
8.547595	6.620776
8.4024105	6.3360953
5.227502	6.9977794
3.5294144	8.695534
8.57329	6.825037
5.3750777	5.6158767
6.551456	6.030112
3.8294444	10.289902
6.600557	6.2291894
9.414873	8.166889
10.188997	8.45921
9.63691	7.950339
6.5453095	5.1456017
9.181017	8.944285
9.724392	7.901577
8.650542	6.414716
4.7413874	8.112972
8.606015	6.352794
4.8347797	8.187671
5.320134	5.7213902
6.7209206	6.2554154
4.3370214	7.475683
3.1746075	9.9438
7.513164	6.3627844
3.9095924	7.109699
9.2179165	7.183737
9.976707	8.253566
4.7378144	7.902755
7.2790446	5.7306156
4.3155813	8.917051
3.6798613	8.509093
4.306965	7.8347263
8.172348	6.7820306
9.660369	8.536642
5.0525284	7.524412
6.403804	5.278913
9.912087	7.5140133
8.07277	6.3362904
9.932044	7.7871895
4.4123936	8.877745
6.588275	5.4408293
4.8531303	6.997697
8.447295	7.2108006
9.977761	8.767689
4.847633	7.0326653
7.7698655	5.5753207
6.5774875	6.8149433
4.590832	8.866144
5.624782	5.260764
4.3887315	9.095503
4.845716	6.315493
9.62227	8.895849
5.9641156	6.0316
4.4214454	7.337187
4.4060383	7.3332133
4.797492	6.520189
6.0772657	5.7620277
7.23909	6.559447
5.713966	5.675617
7.1693053	5.5900054
4.819943	6.555684
10.278282	7.7867026
4.3461027	9.7218
6.998503	6.215169
7.8200607	6.677352
3.482306	9.915524
6.8692727	5.443813
5.0214434	7.164227
4.037889	9.596328
3.0285876	9.306875
9.94513	6.9436812
6.4111743	5.6993437
5.011301	6.370091
8.72268	6.3824844
9.757932	8.762239
6.2129726	6.7086644
5.224459	7.5758204
3.5131764	10.037806
7.6995	5.84134
4.8851748	8.133792
10.045617	8.408857
9.2927685	8.621063
3.0268238	9.304336
6.6065917	5.0936985
4.543523	9.058784
6.5043416	6.167639
9.115235	7.2775493
6.0846887	6.1250196
7.70805	6.0189013
6.463297	5.118668
8.369392	6.7825155
5.0285153	6.1422114
6.4954667	5.408288
7.098958	5.4038663
6.5404186	5.845282
9.497527	8.733739
3.2213588	9.697171
7.418995	6.4643874
5.307125	7.1532435
9.985461	8.274572
3.7122629	8.5686865
4.775846	6.68191
5.6624894	6.9747505
9.175529	7.5106134
4.26584	6.5279617
4.555334	9.638856
6.7861214	5.3052154
5.8640785	7.1655283
6.077961	5.629854
5.8288684	5.9197016
5.4000554	5.646613
6.557914	5.8463182
9.677379	7.372942
5.095712	7.1484933
4.6707993	8.529342
10.101641	7.917409
9.241955	7.6718493
4.6847486	6.4695396
6.3580923	6.5052624
9.454098	6.749386
6.5432057	6.168164
7.5812283	6.7324276
4.188803	8.965037
8.474725	6.788627
4.5479827	9.234365
6.878226	6.481038
9.735715	7.544221
4.3673344	9.907386
4.950656	6.367525
9.930975	8.727821
10.199009	7.4191966
7.6158495	6.4793663
9.214758	7.71347
7.77366	6.2740808
5.2344413	5.496934
10.052128	8.614056
4.938602	7.379965
6.744069	6.1177354
5.0664945	7.839896
6.6137915	5.959063
3.9807725	8.298805
9.800154	7.8314238
9.705245	6.7169847
5.0903935	7.1422944
6.1218615	5.75407
6.859194	5.3504467
8.010628	6.1965723
4.615816	9.358754
4.3909507	8.605067
3.3604417	8.717086
6.196777	6.1393905
4.0230184	10.293569
6.4390855	6.617324
3.6301184	9.606704
8.349749	6.006089
6.918189	6.3652287
7.124684	6.110899
6.267038	6.531565
5.7904906	6.439414
4.872583	7.5273347
4.883065	6.6732726
9.397676	7.374451
6.195126	5.052066
6.4675527	6.614116
9.810911	7.642532
5.874923	6.5625033
6.485801	5.587136
3.427517	9.631108
5.9192433	5.235961
7.33446	5.593579
3.4621289	8.53073
4.261774	9.244575
8.867839	7.492683
5.566306	6.528396
9.238265	6.7387233
3.9475303	8.350857
9.448366	7.2704716
4.128955	9.396491
5.6270094	5.951355
7.671249	6.88755
3.1878605	8.864131
5.497521	6.415771
10.052897	7.95303
5.4585767	5.3763566
6.0497146	6.318552
3.4923499	9.994113
6.533141	5.6617894
3.8718731	7.80624
5.924493	6.489915
9.371371	7.327435
4.352114	6.9490557
3.8248403	9.35292
8.5966	7.104368
3.657479	9.813373
8.19667	6.207598
8.450691	6.6316967
9.49088	7.694931
8.699119	7.1163063
8.154648	6.892735
4.3176537	7.217537
9.740446	8.154383
3.4786575	9.078103
7.0778537	5.875402
10.357181	7.360405
5.237092	6.1307106
4.9709764	7.1597486
4.1674385	9.032877
3.3616242	9.3255625
3.9297206	10.082849
9.701969	7.3621874
4.5853963	9.29598
8.373717	6.383378
9.1975765	8.152566
5.3494425	6.0956507
4.4213324	6.621812
3.4709086	9.525822
6.5063887	5.4173617
9.347932	7.542531
4.5762863	6.2688117
4.6861653	8.849347
5.739921	5.284624
7.99799	6.2544494
10.409011	8.393378
7.663053	5.993486
7.787001	6.7268467
4.016729	7.5424476
9.449815	7.846762
8.920053	7.210855
9.830733	8.434035
4.5764008	7.580298
6.4752173	5.5502152
9.790107	8.694999
6.372047	5.5134006
10.272188	7.365108
9.276351	8.826482
4.257579	7.228526
9.729094	6.734741
4.662741	9.605118
3.8199313	9.850369
8.53617	7.604811
5.3053975	5.8399544
9.279997	7.077444
4.464294	7.9916496
9.086192	7.9376197
5.856807	5.1535
5.7920136	6.197672
7.7871294	6.2068415
3.9657013	9.5139265
6.4510727	6.334088
5.844406	6.308605
3.6337392	9.369556
3.4436927	9.35944
5.9247527	5.993932
4.2481456	7.2423005
6.383543	5.144662
6.599696	6.1991878
9.856531	8.523177
10.175014	8.726515
9.149825	7.8922133
7.69954	6.5190415
8.341063	7.1761045
9.051981	7.6641064
8.363908	6.5565524
5.8563876	6.2604403
9.481396	7.0576963
4.711845	6.5584326
9.718659	7.3163924
5.632727	7.0634418
3.4546616	10.077912
9.355434	8.770927
9.114984	6.604427
7.22525	5.8753576
3.4757907	9.501613
5.8386493	6.040647
6.173105	6.1436405
5.103646	6.161103
4.1684403	9.660891
9.950477	7.6805787
3.5649092	7.9134636
8.763833	6.8926034
8.329442	5.9401784
8.396116	7.6036777
4.0899153	7.7364254
7.2827544	6.244186
5.690891	6.6239448
7.540996	6.437539
5.086166	7.6940193
3.9671388	9.119141
4.5936213	8.40018
10.408717	8.383364
3.600624	10.237779
9.9324875	6.6982293
7.1700196	5.902543
4.6183267	8.83766
4.039754	8.471415
5.030109	6.655054
5.53861	5.520315
5.044714	5.8717594
4.7441382	8.2487755
6.191954	6.290386
3.3102884	8.703068
5.104273	9.452613
6.1224546	5.2722955
5.0146565	7.7638674
6.369292	5.4143615
5.6563244	6.487717
7.1732955	6.5958867
8.916144	7.6476417
6.4841003	6.0286903
6.8904147	5.962183
4.2010355	9.213621
5.653432	6.966298
8.127545	6.254081
4.824635	7.484272
7.9589972	6.9125223
10.38498	7.9662538
4.5447903	6.7697034
3.495272	9.80153
4.1178656	8.23394
9.142806	8.577477
8.865592	6.808763
4.5999207	9.633728
6.191158	5.409273
9.183322	7.150127
7.626132	6.8095713
10.125333	7.2698865
4.404577	9.444693
6.2050276	5.5839243
3.7494512	9.631704
6.6997037	5.3176594
9.304649	6.7534738
7.615644	6.2226377
4.876356	6.475652
4.358542	8.181499
8.640543	6.492414
4.329354	7.7428284
4.832712	9.409664
5.4496427	5.862802
8.689825	8.132164
7.846238	6.37742
6.620613	5.167928
5.086342	8.2324295
5.842277	5.4268713
10.241664	8.055358
3.5749032	9.226605
4.4901443	7.7645497
4.1867323	7.838456
3.7580044	9.2716675
7.4156575	6.3101597
7.8789034	6.6776137
6.650974	5.134129
5.967567	6.328769
4.476148	8.316621
3.8395796	7.782839
6.7038474	5.9463115
4.856934	8.027455
3.6801484	8.166856
3.734539	8.985009
9.564911	8.635256
8.169656	7.9480124
5.0756717	6.4782467
3.2416053	8.645618
8.365025	6.382464
6.492029	5.821301
8.914386	6.316005
7.582678	6.0671844
9.383267	8.85886
5.794541	6.737041
3.8241854	10.075333
7.877244	6.9415255
6.5840077	5.166298
5.582138	6.5853395
4.523149	7.9193025
3.8088064	9.022893
10.209203	7.991824
9.77833	7.414211
5.649354	6.2437963
4.817623	6.2401853
5.173945	5.81726
8.200007	7.428583
6.570316	6.3482537
4.6453204	7.4158897
6.0705175	5.25296
6.4200835	6.3472524
5.264476	6.054455
3.8899243	8.555985
9.727904	8.190115
7.5264277	6.946909
6.317736	5.76946
8.149083	6.8366823
10.31592	7.2448554
5.015238	6.701488
5.6742067	6.6148047
6.967108	6.541955
6.847954	6.2634454
6.4134645	5.926612
5.194067	7.2158265
6.203337	6.232736
3.297887	9.841815
4.0768805	8.266552
5.623298	6.1506214
4.0227995	7.970126
9.541988	8.026053
4.473859	9.432137
5.803861	5.1373253
8.9755745	7.179747
6.3340917	5.7686124
5.048234	6.0032954
7.055905	5.719356
10.299294	7.912925
6.037108	6.171149
3.5367448	9.604844
8.611534	6.4497657
7.3251414	5.436321
5.5683064	5.37681
4.015581	9.617536
7.9189415	5.9228377
4.29273	9.066655
4.3146534	9.744139
4.8653727	6.220999
5.49697	6.4666634
4.8836937	6.581635
7.63691	6.382972
7.392526	5.4998145
4.5091453	6.543684
8.274341	6.7978864
5.667506	6.8129325
6.8003955	5.3941474
6.581363	5.889249
7.816834	6.033728
5.803356	6.742244
6.3019266	5.3737683
4.5218644	7.7719464
4.80155	6.8806334
3.8954508	7.6878123
4.0514293	7.2251005
8.059722	6.960718
3.923139	8.54345
8.222207	6.605876
5.0521073	6.436555
3.7246866	9.399885
7.6542673	7.4049425
5.1637225	9.351239
9.806863	7.7769504
6.092791	5.9724565
4.309483	6.8557043
10.022294	7.0832005
8.767774	6.3448415
9.839715	8.607984
8.538345	6.811707
9.396044	7.592329
10.030727	8.228252
5.9259443	5.7403793
6.7925696	5.4662886
5.2256694	6.2754045
6.1242423	6.566902
10.138114	7.7471256
6.1787868	6.566027
4.73331	6.051988
7.7672434	5.575225
7.469601	6.967529
6.564336	6.114082
3.5810513	9.910233
4.374151	8.338971
3.853754	10.056284
4.454251	7.734562
3.5377874	10.187157
4.0132923	9.690971
5.666139	7.8027787
9.975686	8.524667
5.7243943	6.058077
8.637271	8.29087
10.597418	8.0152235
10.013693	8.126334
4.128835	7.038085
4.465576	8.368196
4.299498	9.517335
6.968734	6.346325
7.5427895	6.2406864
6.121472	6.5342536
5.303644	6.274324
8.465276	7.137051
6.5232773	6.233173
4.0033674	7.547441
8.0372095	6.4481144
4.292191	8.746362
4.7189035	7.3096633
6.879835	6.4913077
5.5443935	6.9538584
6.3412204	6.4859548
5.399543	7.1032853
5.423915	6.8698883
4.2131953	9.71814
7.1202025	5.5136685
7.7266564	6.2611647
4.2454834	7.3822827
5.9931726	6.209069
4.228039	9.572132
8.642845	6.4392896
6.4233017	5.0533996
5.874085	5.492499
7.732054	6.589873
7.9333177	6.158616
7.602118	6.825352
7.1040835	6.2880116
3.5180125	7.9906206
4.228056	9.477881
6.593598	6.304654
4.5523233	7.8015103
9.44416	7.2337365
3.440579	9.639923
10.068614	8.734763
7.377996	6.0824113
10.271732	8.242977
4.772536	6.3643794
6.2610884	5.93833
4.485481	8.008941
3.621747	8.65942
6.9297733	5.178802
8.238711	6.064361
7.8829265	6.283329
5.126048	6.817464
7.4471703	5.87897
4.521222	6.7757936
5.12919	7.419839
5.009666	7.122336
3.6683779	8.326512
6.6801443	6.095612
5.9215245	5.293447
8.840903	6.548793
4.2964435	8.418324
9.544139	7.210644
3.9506352	9.299651
8.719046	7.4358683
4.8511734	6.1034575
5.7641625	5.1317425
10.443143	8.08412
5.014407	6.9109273
6.997992	6.3866343
6.099577	6.7322416
3.9428182	8.639199
4.3215775	9.287516
4.854467	6.691389
4.3228188	8.929526
6.007071	6.5231156
4.4757514	9.369938
4.7427416	8.515296
5.6363544	6.852128
4.986913	7.825961
5.6714554	5.7057533
6.2812624	5.2623386
5.595638	5.9056153
6.477661	6.6377993
8.675666	6.935086
3.037173	9.463369
3.1432207	10.014491
4.258013	6.756416
10.092498	7.6022835
8.716383	7.584291
4.4600616	8.047143
5.7689486	5.9006763
10.160902	8.41885
10.107429	7.6136136
6.461755	5.374437
4.4438925	8.175693
4.2476473	6.9274797
4.5522614	7.372921
3.0579076	9.116484
4.3852725	9.655198
8.722694	8.046712
9.045745	7.591781
4.2206717	6.8914065
5.351641	6.2707486
3.0888257	9.74397
9.015071	8.622122
9.637081	7.815895
5.3927484	7.0881643
4.107587	6.8224273
3.217354	9.906976
8.398832	6.616256
8.783241	7.090973
8.550296	6.317161
4.046631	9.595245
6.5236506	6.6710095
3.8787153	8.714368
9.313915	8.596264
3.426109	9.2413435
9.86883	7.479653
3.7149835	9.855392
4.1047688	9.67859
3.7784116	7.4718814
10.333925	7.5406027
4.2565236	10.279254
7.3741436	6.7010837
5.4762483	5.287708
6.773681	6.1864605
3.9779942	10.083711
5.6700163	6.358972
7.4827356	6.504372
6.241983	5.3683796
9.463169	8.026258
9.173878	7.677226
4.370457	7.4870253
3.5739777	9.045341
8.716075	7.033212
9.608053	7.0699115
5.4647427	6.152005
10.143536	7.8181095
5.4923277	5.725161
5.149345	6.718147
9.723542	7.419584
4.7018332	7.8720093
4.2544217	9.257941
8.549955	6.8495517
6.0741625	6.130854
9.298846	8.637292
8.799932	7.5446424
7.302576	6.42685
9.530549	7.8149757
5.0730505	6.0304284
3.6789474	8.718251
8.69508	6.699822
7.6516123	7.1587286
9.600223	8.354473
4.1277475	9.434322
3.0202243	9.953125
4.0905066	10.307675
10.045073	7.154997
8.258689	6.309968
3.9719174	7.6323557
8.784332	7.1041546
5.8926682	5.420914
9.354691	7.110686
9.365871	8.090583
5.031674	7.3953133
9.481365	6.801526
3.2313087	9.441358
4.8017087	6.0937405
6.0415626	5.3666415
3.75953	8.24729
3.710543	8.254752
8.7464075	7.188241
5.359474	7.097593
5.12623	6.4945235
4.4432545	7.4405904
6.787199	6.1340666
7.8548765	6.249872
4.068482	8.557278
6.1483927	6.157598
2.975137	9.529576
6.5588117	5.4786334
9.2860365	7.9339504
6.626317	6.1247115
5.588187	5.4661393
3.727504	9.973795
4.1049757	9.0569
7.652214	6.5634885
6.4496017	6.3415685
6.3525643	5.877395
5.495577	7.0158315
3.9392552	7.181452
3.506483	9.550146
9.217645	7.6068797
5.1134906	7.3868375
3.4599557	8.198382
9.537015	7.017079
6.3754897	5.9572663
7.113802	6.630587
9.366553	6.434084
7.3154073	6.1657414
6.081118	5.4392
9.864801	6.8223157
7.3252482	6.1126204
4.030957	8.637189
9.662689	7.345976
9.137778	6.839351
5.347693	5.989652
4.253107	7.9418783
4.946555	7.802279
3.3875668	8.401883
4.1752706	9.7975025
6.3191404	5.4016867
3.65538	9.319228
5.996122	6.213953
3.7072763	8.679197
8.136461	6.326895
7.7234797	6.4830985
5.127318	7.171897
4.565284	8.343982
3.2656004	9.541551
6.644656	5.5687547
3.6735203	9.61491
9.556821	7.698487
9.809725	7.8201833
7.6900406	5.7996664
7.999291	6.172453
8.206898	7.01394
9.94195	7.803845
3.3111975	9.29123
7.0112395	6.5567594
3.7266455	8.784903
4.2504344	8.263516
9.643327	6.9855285
4.8265347	7.9836287
9.618159	8.36647
5.6653776	5.9738383
8.59715	6.4671845
5.1334243	7.3421516
4.2457223	9.203117
3.6885612	9.025548
4.307379	8.073822
4.1655383	8.212218
4.6350913	7.344539
8.261187	6.503999
10.126293	7.821468
5.988596	6.273537
3.1392076	9.605297
3.5419	9.064478
3.7142215	9.76069
10.4235325	8.372083
10.041932	7.0480003
7.8864045	6.097045
4.402394	7.588211
3.6156673	9.522993
4.2667055	8.859806
3.4437418	9.944042
4.2559733	8.529364
5.005781	9.512441
6.1221247	5.4544616
4.74687	7.98496
9.822695	6.947469
8.294204	6.650647
6.9555917	5.6840496
8.281625	6.2545266
5.135754	5.7082257
8.172502	6.2687426
4.5043945	9.219475
5.3410096	5.675833
4.0760264	8.719885
5.275133	6.63832
5.5784373	5.159618
6.5379133	6.3464856
7.0853634	5.860806
4.3555284	7.457551
8.204409	7.112381
9.81267	7.385197
8.98621	6.9999394
4.296458	8.076217
4.8510733	7.9375257
5.4386525	6.0922937
4.380194	7.0688357
10.099924	7.3235006
6.719847	6.484943
6.498875	5.452427
8.951731	7.1310344
6.8639903	5.6670837
3.3088565	9.682736
6.933989	6.019373
3.6890934	8.096421
9.875144	7.061637
5.85681	6.3067317
3.8167825	10.173184
4.8002644	7.361675
3.4507735	8.359632
5.3396	6.764134
5.581269	5.4064894
6.0885787	5.729967
7.0447874	6.6376266
6.717124	5.282888
5.243115	6.7248807
9.485665	7.936495
3.4226677	8.50777
7.174652	6.5078773
7.0322104	5.6564717
8.522642	6.263521
6.29943	5.5665994
6.638054	5.3255525
9.528582	7.7553473
9.2929325	6.7429166
3.5125194	9.378274
4.323576	8.379359
5.125294	5.9471245
4.7036624	7.353821
5.49181	6.4122496
6.228686	5.712644
4.4612217	6.553075
7.840279	6.617768
5.6825957	6.7933774
4.62791	6.7674074
6.8713193	5.7106004
4.515935	7.1248
6.3761883	6.573299
3.1228075	9.237624
4.0486727	9.054575
6.1103425	5.8187046
3.4526312	9.587029
9.591298	7.8492765
6.500368	5.639456
10.310311	7.5230308
4.758715	9.000845
4.107865	7.8884807
8.256805	7.161597
3.6141887	8.180639
4.9589777	9.123301
5.3186884	5.8300276
5.665435	5.537103
5.3417144	7.13377
9.96078	7.729738
6.626275	6.6052275
9.858258	7.791702
5.968631	5.8262095
4.1635284	7.5034666
6.5594616	6.438721
5.3446455	6.708837
7.607165	6.2053804
6.5182633	6.3144803
7.8738194	7.1329675
8.764611	7.926955
4.237677	9.305033
9.2708	8.691352
9.1475935	6.8628616
4.61584	8.042242
8.460129	7.1176624
6.7749605	5.9262133
8.639544	7.2329946
5.3925056	6.4989886
7.432301	6.6664658
10.194807	8.364982
4.211834	8.723393
9.9094	7.879525
8.224569	7.797618
10.121268	7.4683504
6.9127975	5.3138795
9.142512	7.282307
3.5715604	8.005435
4.2225103	6.955989
7.526455	7.3968563
3.1613512	9.773975
6.5176697	6.241611
3.812638	10.314988
9.069903	6.650958
3.9021816	9.423894
3.8681793	10.286014
8.977403	7.896198
7.9325776	7.411233
4.7589006	7.8556304
5.830284	5.872424
5.2330256	5.952485
7.9603186	6.0371685
3.3345299	9.2805195
9.263435	7.8156514
9.611327	8.564248
4.532451	7.972154
9.652992	7.830931
5.3373904	5.6819487
5.521239	6.6711855
10.043987	7.4731455
4.99376	7.1552243
5.540725	6.608918
3.0149376	9.167443
5.270295	6.4672427
5.8883004	5.3498726
4.6948886	6.0485153
3.3735445	9.667459
9.51197	8.273109
3.197986	9.525539
10.387465	8.061325
8.286524	6.706863
3.4906597	8.5410385
8.182653	6.510818
5.39145	6.0785375
3.6963813	9.881995
4.174986	9.19393
5.2235045	6.0809464
8.343456	7.583781
3.7956395	8.348985
5.863099	5.7364798
10.004249	7.609642
7.621316	6.1815443
7.0470862	5.2851696
5.8406577	5.5768805
5.8051043	6.062522
5.3787313	8.983652
3.3775828	10.133278
4.6403637	6.8798614
6.0572796	5.5733685
6.148786	5.170019
3.6507053	10.058026
7.464985	6.4138937
4.2337947	9.3402
3.5125437	8.789227
6.8202357	5.278979
10.282669	8.352431
3.2311065	9.239831
5.03131	6.638449
5.7538667	6.063145
4.3869805	8.508464
6.5136747	6.1810446
4.5528154	8.551551
9.15454	7.661209
8.765041	7.342844
9.76452	8.298337
3.247918	9.114106
8.753621	7.8746967
10.330827	7.67491
6.5057864	5.882951
8.797801	6.87926
4.7686987	6.9917445
6.2821393	5.281587
8.598391	6.299847
5.2924857	6.297236
3.7063382	7.8996263
5.3086557	6.08425
7.329707	5.796657
6.105937	5.372167
10.60712	7.994065
3.2573676	9.221111
9.914776	7.441623
6.460858	6.7713513
3.879214	9.098918
6.425074	6.5669336
9.805896	8.269238
9.753691	7.492165
8.711968	6.717681
10.183631	7.9344177
9.06278	8.356642
6.2635727	6.3801684
4.7952204	8.338595
6.320088	6.018102
9.138987	7.9960413
6.1118355	5.6517053
10.050327	8.553619
3.5835192	9.4840145
6.1049433	5.4439263
5.6302595	6.3374815
6.934669	6.3759356
3.4321275	9.020976
3.912687	7.889525
4.9244146	6.532495
8.18846	6.6117325
8.327395	8.015378
9.362542	7.261583
4.7065716	7.7561073
9.930655	8.453152
9.4654255	6.9697366
3.8429594	9.220458
6.0530996	5.2680416
4.9384046	5.891057
5.068685	6.3254147
9.571154	7.9358077
5.032638	6.655907
6.0970507	5.101565
4.1544194	7.3906407
7.953457	6.5532303
7.927408	6.1735616
7.859754	6.4191756
7.555641	5.3172035
5.652022	6.665435
5.9240623	5.486929
6.4372306	6.183608
5.1322427	6.1113186
3.1467226	8.598423
3.3570836	9.482751
8.8067875	6.8129773
9.453445	8.61303
4.111629	8.253907
5.037653	7.5247264
5.871282	5.4149394
3.6832314	9.499879
9.90447	8.292411
6.456681	6.0173383
5.4256897	6.7023625
4.346519	8.382459
8.858345	7.7409554
3.7953866	8.169797
10.250023	7.118114
3.779924	10.17312
7.6634035	6.8093204
3.4138918	10.297886
7.407262	6.2753797
4.422331	9.960533
4.830902	8.063872
6.3490076	5.485697
9.793701	7.221528
3.705866	8.678417
10.350169	7.536171
3.866224	9.388263
4.6450644	6.788441
4.849584	7.140021
7.266564	5.575677
3.6236336	8.76185
5.366628	6.7433395
7.536593	6.6241856
3.7136776	8.924345
8.000495	6.771358
7.537258	6.1005344
7.7476125	6.355342
4.905787	5.800915
4.5269465	6.3153
3.617582	9.79888
6.929876	6.9238806
4.6105447	7.0382757
6.0695543	5.5821953
3.555541	9.006678
3.5350268	8.888456
3.3779879	9.602313
4.2570734	8.678998
4.7545514	8.384798
9.453052	7.3417196
6.8157177	5.6885414
6.3555675	6.202517
4.164113	8.637164
9.182199	7.1565976
10.154419	7.6992025
5.4527726	5.5704365
10.150395	8.233643
9.990737	6.8536553
8.5263	7.3488097
4.001468	10.173062
3.8852625	9.976009
4.7957044	7.6772313
6.7287154	5.1143074
10.447626	7.9387507
3.8615623	9.713063
3.0074434	9.312852
5.3180013	6.7716293
8.485244	7.2279644
7.5097127	6.3808136
8.567209	7.2927
4.575668	6.4131327
10.144687	8.128281
5.8501163	6.8273544
5.94174	9.424861
7.8884525	6.807405
10.508001	8.186678
9.293964	7.5685897
3.9567564	10.246354
10.024895	7.734607
9.534699	7.3950243
4.8810897	6.7956767
5.9235406	6.5225487
3.333294	8.670583
8.963102	7.282981
6.7667866	6.0056305
5.944791	5.4613895
6.3158317	7.1098967
6.0559006	5.8212442
3.9547925	9.725422
8.499793	7.8129716
5.1264834	6.1803074
5.792268	6.262617
9.799714	7.7750096
5.776691	6.4229617
7.7875357	5.867222
5.1068788	7.437638
8.523342	7.0387096
7.111958	5.5427628
9.390452	7.060825
4.297705	7.7469015
5.9378266	7.1828294
4.6104136	9.086583
8.252858	6.0785623
3.3269722	9.336797
4.387972	6.5424647
4.312751	7.3785667
9.174891	6.53698
7.0846934	5.988543
10.562466	7.928332
5.922785	6.1483836
5.0765333	6.663233
3.850894	9.940948
4.978452	6.739651
5.7998405	6.092635
8.314749	6.763313
7.314327	6.3006177
6.210803	5.896363
9.408981	8.841564
9.330129	8.163539
9.852252	7.659166
4.102469	9.244201
6.88765	5.838033
3.2093072	9.878022
5.7436304	5.7987742
4.3434963	8.416968
5.805923	6.5453625
4.493734	7.5082703
6.064561	6.2260475
6.5585256	5.8234863
9.987705	7.9069443
10.194916	7.7039666
9.4513645	8.113805
4.5965285	6.4299874
4.6174703	6.831898
4.22949	8.581504
5.0730457	5.9749813
4.416607	8.885856
9.428327	7.187796
3.414367	9.553845
6.6166625	5.2189713
8.766036	8.125825
4.5729423	8.50732
4.059772	7.79043
3.8847075	8.873265
5.6280637	5.728348
9.720378	7.044536
10.297027	7.479503
3.5168674	8.39759
5.1265497	6.419723
5.691494	5.9245176
7.4247274	5.7102404
3.277447	9.345613
3.4455624	9.310362
6.874663	5.5379252
6.051578	6.1627316
6.845287	5.506736
7.552756	5.7300825
6.3597856	5.528113
10.525605	8.117538
4.496933	7.873375
6.013062	5.307698
8.144241	6.8277493
7.06707	5.3305955
9.4162	7.6541085
8.606951	7.1183887
6.246082	5.716161
5.607206	5.9409437
6.510844	5.468267
4.615633	7.0875077
9.055065	6.8529153
9.291077	8.037905
4.6293736	6.990551
9.082278	7.337481
4.5120726	7.5028234
4.750932	7.154388
6.7037272	6.489004
7.633708	6.75046
4.8854885	8.39175
4.0902734	7.320083
6.4277744	6.7845554
9.022926	7.293263
3.64822	9.941933
10.098201	7.1979876
9.330521	7.1710124
4.845864	6.0565
6.8318763	5.569178
5.736703	5.882312
7.2598696	5.7573657
9.075103	6.567397
4.3094935	9.431547
9.873934	8.504605
6.983124	6.4855905
9.1479845	6.3725367
7.275286	5.5311537
10.109347	7.337369
5.929145	5.7767134
6.3136353	5.229408
10.577385	8.293531
3.6041317	9.5208235
8.815728	6.7401648
5.3622565	5.733516
5.6970983	5.938772
7.469045	6.0273905
5.784176	6.955968
7.5597386	6.6777205
4.917937	7.383322
5.354647	6.9145
7.1138215	5.312421
2.9671268	9.869775
9.150803	8.173593
6.0940766	5.4043407
9.139837	7.1377425
3.2769606	8.649756
7.0138526	5.8872943
3.860103	7.961857
3.7351274	8.590224
8.658042	7.3897266
7.6527963	8.6269045
8.0312395	6.6154804
7.4993563	6.411312
5.239435	6.5258226
7.1597576	5.9144106
5.59853	6.628633
6.553745	6.3895946
3.742358	8.277938
5.592487	6.3486457
5.0578985	8.000905
5.92413	6.604693
10.563608	8.224274
7.663161	6.6243887
4.5502872	6.3681397
6.299617	6.525225
5.1928916	5.8849845
3.8636441	10.281678
4.554249	7.279757
5.8446655	6.174395
8.440905	7.810516
5.048183	7.5827146
10.411518	8.468588
5.908742	5.27041
10.069383	8.737764
6.3450627	6.124356
4.0982213	8.997455
6.5990286	5.847308
4.152219	9.116333
6.649049	6.173912
9.371245	6.872344
9.501345	8.227688
7.074065	5.7837625
3.6525927	9.153585
5.929503	5.3954215
4.2328935	7.4323225
6.504107	6.046901
4.8025503	6.32541
6.3167415	5.6335106
8.160177	5.9202876
8.841271	6.611322
8.594673	7.9015756
5.9950066	5.167448
6.756414	5.9952936
8.088174	6.7790027
5.575501	6.838575
4.6636186	8.570113
3.6134977	9.566008
8.201956	6.2967324
9.928762	6.8979125
3.651411	7.7935863
3.949294	9.595363
9.331023	7.4181385
3.526902	8.169183
4.174926	8.528525
4.7569623	8.403537
5.7804317	6.711819
9.553569	6.522154
10.730347	8.021083
4.3939013	7.8961525
6.1445637	5.797644
8.650142	7.3293552
4.449796	6.6743474
6.453558	6.7013164
6.8889055	5.8000164
3.3423643	8.653924
9.802127	7.023445
7.420052	5.9634395
3.2654412	9.274863
9.900069	7.0861907
3.6256948	8.808812
7.5752263	7.051763
7.1821632	6.4302053
6.973339	6.301276
5.778532	6.3292727
8.041035	6.1695557
3.423031	9.689478
3.6816041	9.566595
6.148865	6.7143183
10.177144	8.418625
3.2576354	9.854742
4.347347	8.413511
3.1654906	8.97308
6.2212358	5.881935
6.421826	5.9735913
5.090253	6.979449
6.50694	5.146515
4.5301867	7.9899883
6.697017	5.3076773
4.623334	7.051594
9.742231	7.1658535
9.440066	8.577772
10.548557	7.5090714
5.444962	6.358617
8.133301	7.0836926
3.1286595	9.528841
6.161792	5.195173
3.7316694	9.56199
8.455792	8.157521
6.535116	6.3572764
3.7010164	10.036103
9.638276	7.1772065
5.7410583	5.641294
8.489781	7.03801
4.108971	8.248236
9.706457	6.946917
10.197979	8.240671
10.050525	8.478618
9.657291	8.744746
3.020733	9.68208
5.4338	6.1986475
6.2832603	5.562599
8.861813	6.49267
3.1632612	9.789784
9.411284	7.7774687
8.870945	7.163058
9.500234	7.811465
7.5160375	5.7334747
6.3662615	6.5435233
6.104314	5.125883
4.595657	7.783225
4.80321	7.7966375
4.973052	7.683148
8.804461	7.639043
8.880221	8.313936
8.432256	6.7523284
5.665822	5.6944175
7.7906485	6.7962794
8.065838	6.029125
8.152988	6.241725
8.85057	7.224249
4.723439	9.23042
10.381941	7.852922
3.077812	8.960104
3.9956627	9.465282
3.8576934	9.111414
8.192922	7.2013664
9.103322	7.0345426
4.196844	7.1335864
4.957009	6.2131248
8.442959	6.3414984
5.33531	6.050929
9.880617	8.787417
5.9689336	5.393847
3.3902066	10.262351
5.166527	6.536679
4.6579704	8.872838
3.8988092	10.234975
4.7620263	7.8845897
4.1227503	10.151478
4.5035143	6.518632
10.493374	8.019733
5.3201113	5.4681892
5.6349177	5.830199
5.0038095	6.582983
9.334525	8.74037
3.737787	9.841071
6.5218997	5.241869
5.604308	5.6527476
9.077166	6.7440896
6.471153	6.023789
8.201344	7.096625
10.422411	7.5331273
9.42063	6.325594
6.071719	6.3987975
6.7231655	5.17187
9.500194	7.2698083
9.932577	8.427701
3.4332778	9.763377
7.989192	6.242752
4.084683	8.126681
4.3019085	7.6571226
4.6601057	7.0132475
6.7053647	6.132263
4.6845045	7.7576776
3.3262959	9.124163
4.781691	8.080795
5.9022813	5.903844
10.087735	8.292826
6.6195683	5.442044
5.2829933	5.937359
4.3273215	7.0199704
7.1552515	6.3788347
3.4462879	8.226004
7.109703	6.621194
5.268202	5.9043875
7.4812737	6.242224
3.7533655	8.423915
6.5005	5.5884786
3.8582911	8.646444
8.567349	7.2952623
7.066119	5.4522448
4.537496	8.273131
5.168714	7.050612
6.2182775	5.178258
4.153454	9.690028
4.4262795	8.640547
5.8515306	5.282761
3.3362663	9.686335
3.457211	9.7800045
3.1172764	9.747858
6.516067	5.830552
7.1109867	6.1651707
6.743537	5.340715
6.0945015	6.281085
3.5480175	9.531915
8.580141	6.8895273
10.226135	7.6309333
6.114599	5.827238
4.829625	8.5678625
3.6284142	7.969938
4.4366083	8.357375
9.611276	7.549132
9.300463	7.716497
4.647492	7.343116
6.355053	5.3819537
8.284183	6.503603
3.3581295	9.59282
4.627479	7.8748364
8.555132	8.342659
4.0649705	7.1699543
5.5809593	6.4664927
8.254007	7.1966286
3.6893656	9.341598
3.5738997	8.843512
10.398863	8.008651
6.4106464	6.713914
7.5006676	5.7878222
3.154715	8.907887
4.999347	7.6926246
8.7188225	6.748429
7.306068	5.4064283
3.5807195	10.148179
5.990218	5.399308
4.79359	7.0708485
4.9651785	6.569946
3.7248323	10.186155
3.348033	9.090379
3.4633336	9.161575
10.213484	8.298645
8.93765	8.116666
4.9186087	7.110991
9.5392065	8.661557
4.2591176	7.7226434
3.6313686	8.742045
10.28438	7.899177
5.5189447	5.587365
6.769367	5.888735
5.1768556	6.6571417
10.033736	7.621649
3.8961432	8.912325
8.5875225	8.965395
3.455065	8.791654
5.5719433	5.6226134
9.003441	7.4785843
4.6881795	8.365943
10.341068	7.295319
5.718052	6.142524
6.1009483	6.518584
7.950439	6.650406
3.9651206	7.2521734
5.187272	6.8999715
4.5789723	10.178395
4.6011295	8.389306
6.7672143	5.7373924
5.542476	5.9626017
4.9667716	7.808896
7.193112	5.4480367
3.6098876	9.646709
6.55559	5.9102345
4.6971936	7.4599323
9.645571	6.726048
6.872275	5.5242496
7.415862	6.096478
8.640645	6.960615
4.5401454	9.602523
8.497846	7.0952744
6.291697	6.3064175
8.282313	6.3852534
8.495966	7.325941
7.0867357	6.1239305
6.571636	5.393296
7.915133	6.8932505
7.594702	5.908394
4.336571	8.336212
4.300574	7.808768
6.2531867	5.9750414
3.1090941	8.8407135
4.212659	9.371476
8.985823	6.989075
8.588513	7.663953
5.361055	6.794874
8.00424	6.783542
10.490894	7.873971
5.2131634	6.7720413
7.7063613	5.911113
9.204424	7.745897
10.378565	8.006321
4.323612	8.169388
5.7807198	5.782517
3.066764	9.683993
7.8522797	6.614833
4.961401	8.038143
4.9933825	6.161838
4.8458066	7.42142
5.7531877	6.041816
4.5785284	8.485115
4.5347853	7.165773
3.2938602	8.812317
4.7713294	7.135008
5.7439713	6.114611
3.7191663	9.5662565
4.9017105	6.9031644
6.500986	5.953878
6.1312175	5.342514
4.146097	9.874293
4.6930566	8.320135
6.2670407	5.5216537
8.948851	7.4842343
7.0695996	5.93399
7.759671	6.2325573
3.5560338	8.920155
3.546156	8.904573
8.780329	7.1857257
8.42631	6.7925763
5.2339087	6.667967
10.027624	8.310397
8.929512	7.585216
6.355355	6.1694903
6.2687917	5.144164
4.963969	8.259821
5.858625	5.213901
4.4101906	8.34299
8.645434	7.5167556
4.827269	7.9980154
8.420567	7.237996
5.3053074	5.7309747
3.3043292	8.198529
4.551793	8.465685
7.8387313	5.918362
9.576936	8.056535
6.0182757	6.666624
6.7984595	5.4316397
10.046991	8.665325
9.523876	6.6286507
9.893879	6.9966974
3.3874273	8.783863
6.48779	5.616659
4.2927585	6.8774505
7.1151905	5.5314813
6.7458878	5.8300633
3.8222005	9.732241
5.2514234	5.660941
4.68778	8.187044
7.0570545	6.647358
5.9105506	5.5163937
10.50728	8.132482
9.849599	7.660948
3.4033475	9.394604
4.022438	9.095789
5.1032724	6.7461386
5.350119	7.144445
9.084343	7.8263106
5.827225	5.5875177
4.159214	9.772112
3.127702	9.219005
6.3957396	6.728092
4.41062	10.043094
4.725145	6.1155596
9.282819	7.6376896
6.024831	5.9490166
5.882167	6.048678
5.8399944	6.6482925
10.483672	8.171894
3.2983694	9.301141
5.9161906	6.486088
6.191905	6.6009507
7.1673903	6.51011
5.9368324	6.1427493
5.159163	9.01039
9.389833	6.6429067
8.846411	8.273238
4.2911863	9.932574
9.959203	7.6003847
4.572935	7.667177
4.400738	7.4956737
9.391976	8.506439
6.9825106	5.6813607
6.7543592	5.4829736
4.075071	7.3039145
8.414954	7.437998
4.423024	6.9816704
4.0248957	8.310114
6.0263853	5.095323
7.363803	5.8297014
9.112973	7.3047137
9.720895	7.5577965
3.6055439	9.071546
6.069578	6.1296606
2.9502456	9.2590885
3.3009505	8.614051
5.620684	5.522833
5.9569197	5.338468
7.848861	5.9463444
3.8472714	7.601226
10.159869	8.004062
7.380709	6.1561356
5.502537	6.344464
4.9587092	6.846253
4.2541904	10.136156
4.730564	7.6989045
3.8678916	10.343482
9.577096	7.3372464
8.729975	7.3363338
6.07231	5.381135
9.973341	8.806675
3.9792883	9.849791
5.5887666	5.383345
10.079861	8.380656
9.985185	7.8076077
3.652957	9.468804
9.07659	6.963695
3.4102728	8.98621
9.745916	7.2724557
3.975034	8.63566
4.0627227	8.139143
4.3970933	9.499262
4.585081	7.506321
4.62574	9.032212
3.4738214	10.031445
3.6685479	10.111228
5.57237	6.1371536
9.993991	8.192758
7.3801136	6.004103
5.114024	7.0246763
4.62487	6.521961
4.643737	7.054364
7.3434424	6.671292
4.726593	8.243155
4.523532	8.895349
4.8202357	7.125613
5.3261595	5.76372
6.2847695	5.6329575
6.0797935	6.570067
9.274957	8.305348
5.2058673	6.63534
4.447002	6.6280475
5.2985234	6.0942073
6.289399	6.4342456
6.528046	5.331995
9.185126	6.924648
7.3064833	6.4896927
4.7215257	6.2551293
6.208841	5.629284
5.3941097	6.735569
10.037715	8.510862
7.347443	6.146946
4.6310916	8.406524
6.4153624	6.249956
7.192116	5.90636
4.120092	10.364965
9.7312565	6.8645506
9.727596	8.930788
9.492227	7.231241
5.394047	5.494492
9.63689	8.672246
8.408897	6.9137425
6.362169	6.2539015
6.1404524	6.7052913
5.4923024	7.902726
6.455427	5.407885
6.7405505	5.7801023
7.7213078	6.622586
3.69725	8.390368
9.496832	7.0150857
6.3558598	5.9126177
8.048374	6.1182013
4.221329	8.163655
3.7034981	8.594834
7.2093706	6.8913045
4.1939054	7.2393885
8.234428	6.2253475
3.6867237	8.723262
5.615151	6.6600404
5.089559	6.80567
4.473856	6.9761953
7.365235	5.841485
9.739818	8.862166
4.7486043	6.3093176
6.1068444	6.340849
4.131879	7.758713
8.132087	6.163285
4.4312115	9.874204
4.0327663	9.575128
7.233777	6.5021815
9.627105	7.459124
3.9770155	9.626376
5.7791786	6.2628627
9.378433	8.222909
3.044562	9.109886
10.2211895	7.1492963
4.0894194	7.8409424
4.342764	7.3546104
7.750651	6.637675
5.39587	6.5267653
9.28276	6.625451
4.5980268	7.098705
4.5470414	6.4379253
5.330276	7.0450926
7.492146	6.1535826
9.423969	8.000257
6.962438	6.3437405
8.00801	6.068484
9.847951	8.629016
10.135862	8.530376
4.3291883	6.771209
5.027035	5.685383
7.156542	6.678806
8.559286	6.4322596
5.6817937	6.3306036
9.826938	8.000618
6.9671097	6.3125844
4.849098	6.7446427
4.0097384	10.1468725
6.385112	6.651384
6.812221	6.313757
6.126623	6.2313104
10.083639	7.968077
6.1860695	5.7674713
5.3614454	7.4280915
5.212013	6.009615
7.9746842	5.6608405
6.2432837	6.0702868
10.192347	8.205114
4.0344777	7.5699987
8.8638935	6.748651
10.433342	8.334628
7.079617	5.40721
4.773405	9.506199
5.4228683	7.2534723
6.8041615	6.372767
6.0419893	5.398757
8.210423	6.663809
5.587572	6.14884
6.0085387	5.2936454
5.1959476	7.222433
5.01337	7.793212
3.9868135	7.4378877
9.515904	6.86354
4.1928897	10.308095
4.621465	6.8440814
9.996135	8.168284
3.8211563	9.838457
3.2510428	9.390733
7.995594	6.467445
8.629462	6.4517446
6.589753	5.2864037
5.095674	9.19727
6.228928	5.94146
4.0658503	8.850025
5.491707	7.091048
4.734952	7.8897886
4.7153606	6.3963246
4.487884	7.2094145
4.196494	9.503086
7.324631	6.395785
3.5268931	9.820825
4.2509737	8.462425
10.338437	8.134522
4.1774616	9.030063
9.383429	7.2727656
7.8895493	6.3420386
9.629454	8.196242
4.0004554	8.942545
9.25936	8.170417
6.645765	6.0876317
8.118733	6.990983
6.9836125	6.2577486
4.582026	7.6880846
4.189381	10.000252
5.9797835	6.175501
9.973119	8.343284
4.39147	9.350629
8.604031	7.498598
5.918012	5.6329107
6.4891686	6.306583
9.053518	6.2913456
6.6096435	6.778655
9.712062	8.1693535
4.4227657	8.024893
5.3512692	6.9772115
5.0715647	8.066354
8.6844	6.572444
7.8281293	5.954109
4.3675175	8.632259
6.61397	6.4352503
7.295269	6.068743
8.194972	7.2896
9.873023	8.369263
7.1596727	5.9420233
8.415964	8.117954
5.382263	6.7478075
5.529996	5.975637
8.298659	7.382673
3.8790705	8.572871
5.3549643	5.4088993
7.808771	7.059287
7.8924255	5.8450994
8.160207	5.794494
5.797079	5.2701473
3.3367329	9.099028
3.8329797	8.700138
9.852412	6.7581134
5.0045004	6.737115
8.974768	7.682653
6.9979296	7.0062037
5.4005604	5.7714286
10.018467	8.3428
4.022438	8.557353
6.0290513	6.2845693
8.057785	6.1910944
4.2228456	7.199193
3.3765545	8.706243
4.0664763	7.283315
4.380556	9.802415
7.9748664	6.801444
3.1227329	9.2883
5.4169583	6.6261835
6.1884127	6.222815
7.5261393	6.25384
7.40565	6.1681385
9.440967	6.333892
6.1124263	5.7135053
10.256018	8.457228
3.8797944	7.609198
3.5049229	9.216012
3.931637	9.464996
4.0704646	7.7755523
5.1280646	6.6299887
6.5616803	6.682584
8.039015	7.0427895
7.111039	5.766395
7.6152153	5.9381876
4.5947247	7.6380687
10.216736	7.2381787
4.9165344	8.15645
5.5548735	6.8377705
3.7049158	9.274776
9.94179	8.075701
5.643694	5.312772
3.6912944	10.210856
9.37927	8.70445
7.6377563	6.5824947
4.3908863	7.6046095
4.645333	7.845276
3.6959748	7.842008
9.106084	7.7979045
10.526603	7.9455547
9.716637	8.604878
9.82788	6.9910407
4.916689	9.102636
7.3125696	6.8501725
4.5549498	7.3511252
9.784334	8.014014
8.958093	7.5675244
7.2438073	5.737084
10.384211	8.2472105
3.3517106	9.186521
6.8712234	5.2390885
7.1060014	5.4183903
3.941331	9.568995
4.3364916	7.4788885
5.401787	6.2279067
5.2529297	6.3735304
7.959068	6.5948668
3.5058053	8.946129
4.348352	8.070744
6.1413865	5.5386
5.8674307	6.7371755
7.0610013	5.7719026
8.683844	6.646612
6.508355	5.096806
6.377499	6.0259914
8.663409	6.4526606
4.0606737	8.829617
6.2374496	5.6526937
8.0781	6.0115037
4.7471356	8.78845
4.325619	9.172327
4.5268598	7.896493
9.958213	7.411846
8.679336	6.7404075
10.245322	7.2757545
5.175633	7.1489553
6.951685	5.3046927
10.246347	7.2824316
8.639859	6.676472
6.7389417	5.8993936
6.0514092	6.080767
8.063527	5.982224
6.574235	6.081987
4.3780193	8.726507
5.7818904	6.4104238
7.1510706	6.9295554
4.431861	8.0346365
8.208605	6.579717
9.462633	8.289737
9.99329	7.1192727
8.728288	7.8189926
3.8378046	7.991325
5.065938	6.1004796
9.063998	7.369858
9.389294	7.7228775
7.8671184	5.7933054
3.358852	9.147861
7.649553	6.652204
8.604417	7.418367
9.023788	7.8934717
9.451447	8.453445
3.9982746	8.600141
6.8992157	6.7514434
3.7845666	9.365765
5.473383	7.0457973
5.1604776	5.510699
9.871067	8.493198
5.321891	7.4218726
10.463601	8.079802
5.3097253	6.8598905
7.6031165	5.753032
3.3388162	8.732002
5.9878435	6.3319745
3.8273892	8.298634
6.9042854	6.1383886
4.594938	9.103466
5.8676324	5.8337936
3.532192	9.096992
3.259552	9.66987
3.4246757	8.371374
4.524342	8.314774
9.980575	8.7004385
3.4976313	10.06592
8.740328	6.9503427
9.035466	6.500991
9.034569	7.34709
3.855303	9.054386
8.440873	7.00309
4.028089	8.919853
3.8777726	10.08255
10.621732	8.000726
6.487515	6.0804377
8.513993	6.5306764
4.0979066	8.096928
4.0486107	10.231295
4.3083167	8.026601
9.040654	8.166584
5.2296963	7.1176357
4.405132	6.8213243
8.326219	6.4721503
3.996524	7.760213
3.8141334	9.681595
8.030556	6.5375223
6.1346107	5.4488125
5.7945175	5.884825
10.129926	7.2690177
6.258379	5.501315
6.5943184	5.603885
4.072698	9.590847
9.320765	8.590704
4.124291	8.809317
4.4647665	8.024473
9.229895	7.409233
3.8278506	9.107455
8.691671	6.7370505
9.750294	6.897861
9.771819	7.5657187
6.223586	5.907218
7.3945155	6.3308625
3.9866002	9.189592
5.99769	6.4209094
6.117826	5.869807
6.098446	5.5675325
6.4344993	6.3769217
6.147259	6.5952773
3.4061148	10.252137
10.361979	7.4669275
8.578399	6.5568695
6.897842	5.6527114
5.407643	5.9180675
6.4345627	6.006202
7.2219844	5.431695
9.146938	6.422949
9.180467	7.0370126
5.9387107	5.432219
7.00622	5.476936
10.352137	7.6993217
3.794604	9.304505
5.3518257	6.1071315
7.713892	6.6752844
6.6672225	5.2907367
6.496076	5.554509
9.078384	7.621204
9.64353	8.49064
3.7433546	8.184453
4.7249184	6.9544973
7.633744	5.801284
4.71753	9.334494
7.0695515	5.3678083
5.078747	6.329352
4.1658525	7.6732745
5.3579144	5.700143
4.433095	7.807738
7.0793085	5.96003
6.314727	6.7871504
3.1720188	8.754089
6.5470386	5.319861
6.1983376	6.0921245
9.530886	6.659508
9.2439375	7.6328835
4.734076	6.148979
6.511728	5.855311
9.889496	8.419595
9.317372	7.684811
5.058849	6.3984666
7.2507114	5.451293
6.2480545	6.295437
9.6475115	8.374183
4.4455028	8.590548
9.7161255	6.95263
8.93804	7.646256
7.9713545	6.4314594
4.882126	8.123382
5.855285	6.4819946
4.861172	6.777287
6.3199973	6.595718
9.57466	7.125032
3.1788876	8.770255
3.4092274	9.102575
4.0274997	7.0458508
6.1121902	5.83537
5.302938	5.4947853
8.838471	6.5869384
9.507632	7.1384535
5.972375	5.3462005
5.2780113	7.1829467
5.775519	6.4535184
6.1520357	5.84653
4.926601	7.464989
7.8436413	6.7953677
6.9558015	5.8441563
6.7787895	6.470758
5.141439	6.949929
8.303327	6.870697
4.228023	7.62953
4.5681024	6.830057
8.475608	6.76109
9.055185	7.7437873
6.563718	5.7822833
10.524045	8.235853
8.971788	7.1079345
4.7720323	7.5574813
4.44188	8.586487
4.394445	6.9718294
8.727102	7.2105074
5.176444	8.979286
9.147257	8.026175
10.079632	7.229078
9.308518	7.9708586
5.4220285	7.035474
6.9488063	5.6162868
8.579267	6.3209605
5.720139	5.64261
5.6862	6.0749545
9.357198	7.8982735
6.940177	6.2554927
10.062123	8.338445
7.8335643	6.9082723
9.541444	8.226855
4.5185394	9.503272
6.8366413	5.7546964
5.807803	5.3072667
3.7404943	9.372659
9.99179	6.903036
8.792879	8.0622
8.915912	6.737816
5.506489	7.4548426
5.300404	6.887255
9.003387	7.3779454
6.8770595	5.4269514
7.192632	6.443091
6.9749365	6.8596396
3.9129648	8.905139
10.080076	7.1318083
3.6002567	8.766509
3.530046	9.641031
6.836926	6.5530267
6.513763	6.5733476
4.5614023	8.705911
5.0867357	5.8156962
8.174614	7.7757716
3.963328	7.6615105
5.998332	5.622932
6.1128654	5.969924
6.8561177	5.9520144
7.9420633	6.342887
9.947219	7.287328
4.4593744	7.515578
4.0470667	9.804467
4.008286	7.313041
6.21048	5.989521
4.869084	6.912611
5.829021	6.3745027
4.8414173	9.002436
6.805369	5.2052913
9.391276	7.093424
5.496776	5.613317
3.015986	9.690588
6.054382	5.520329
9.312851	8.383929
5.3788195	5.68027
8.461381	6.1488004
3.8802762	7.713966
8.061424	7.098599
6.675948	6.3454037
6.852156	6.2498317
3.3031678	9.849195
3.6301017	8.071008
4.981851	7.325479
5.001887	6.4451137
4.433294	9.557588
3.4762168	8.423807
6.188882	5.6842213
5.945839	5.479072
4.651489	6.43795
8.913918	7.4646354
3.350337	8.817108
9.85936	7.221151
9.231768	7.5701156
3.8988423	9.496236
4.536589	6.8154306
4.4217873	7.650425
7.484441	6.6939397
5.4039226	6.269774
10.207233	7.911893
5.460821	5.9391294
3.4893703	8.7652645
3.8634267	8.46568
4.0412173	8.044895
4.797512	8.453444
4.4058237	8.20754
4.846492	6.2952976
5.55202	6.2239966
9.514123	6.8413925
4.3642135	8.886458
6.6145153	6.0652027
4.65631	6.3713603
9.301893	7.338333
9.20221	7.28082
5.54361	7.1882315
4.4802523	8.752557
9.121198	6.6261587
7.5683613	5.9305973
7.419291	6.5350757
9.628448	8.120172
6.595403	5.908467
8.326297	7.4646573
3.2549193	9.105813
3.2555392	9.86102
5.8975787	5.566306
8.03478	6.2579613
6.7599487	5.971397
4.837433	7.386681
7.559629	5.99421
7.370921	5.53652
9.964513	8.486788
6.451121	5.78688
9.622762	8.359072
4.841116	6.383228
3.8172097	9.718993
7.192625	5.4841976
5.3718696	6.4258785
4.853393	8.203715
5.945786	6.016414
6.9918904	5.895094
9.002298	7.595515
5.383634	5.6462965
6.4786735	5.2790294
5.9758673	6.0623064
5.812732	5.587859
2.9579442	9.3373995
5.0676146	7.3838243
6.5251226	5.401243
4.7594523	8.056182
8.222844	6.138053
4.975105	8.346379
10.097578	8.257226
4.0056267	8.6199045
6.282242	6.250564
9.273352	7.923688
9.830751	7.0543723
8.274737	6.9047728
9.997051	8.239765
4.367552	7.804043
4.3305974	9.726653
3.712059	7.777673
8.084119	6.4376707
5.577413	9.240856
8.759609	6.6138315
6.438104	5.7055454
5.381055	6.9224257
6.055034	6.2150393
4.5010147	7.401064
7.203874	6.557696
3.8614593	8.156298
5.958903	5.418008
9.403703	7.565172
3.2381215	10.22821
4.839623	7.5355816
10.043534	7.765835
9.365569	7.239638
4.941138	8.101975
5.5285773	6.6164603
3.4597318	8.599165
10.390725	8.133944
5.073004	6.2451897
9.071619	7.9301233
6.8904834	6.5836744
9.96559	7.206777
4.9599094	7.1402893
10.190106	7.1190743
3.8792396	7.324455
3.9825559	7.879565
6.9819713	5.4420896
5.993482	6.562903
5.9462066	5.584637
7.3991656	6.3920875
6.846117	5.7654533
9.17642	7.46546
8.615187	9.045486
6.6894274	5.4049263
7.1070447	6.065773
8.045164	6.417133
8.634215	7.4087996
9.403232	7.543358
5.9390903	6.283357
4.8270082	6.473256
3.5689895	8.826525
7.046264	6.5469685
3.4440958	8.788245
6.943409	5.7607408
8.245508	7.213853
6.2395096	6.274252
4.2136927	9.917306
7.547367	6.5516143
4.565198	7.7477326
10.309794	8.325456
3.4282806	8.61951
8.076848	6.532962
5.93781	5.373873
5.736321	6.481242
5.006333	6.998461
9.557125	8.405757
8.277907	7.0737457
7.30045	5.6142645
4.027414	9.589007
5.92922	5.062272
8.742096	7.564198
10.239842	7.418627
8.819309	7.6830883
10.281522	7.6712813
3.7805738	7.762955
4.937372	6.8398223
9.891132	7.599148
9.32848	6.9016957
3.822242	9.38308
6.8155923	6.6033816
5.4706683	5.871864
4.30249	6.860231
7.7804937	6.907496
5.5143557	5.3748317
3.1245599	9.433744
4.7815914	7.327654
10.128428	6.987925
6.7356353	5.540879
4.64617	6.896146
9.624445	8.748987
9.09768	7.3087006
4.468851	8.249028
5.121549	8.777731
7.0837483	6.1179667
8.736081	6.91678
6.034662	6.7908993
3.9837992	9.575989
6.416373	5.649376
6.389663	6.0715904
4.411307	8.628684
4.012464	9.912343
3.4468222	9.882539
5.7069936	6.3923054
5.5377164	6.1795006
5.8209434	5.2151413
3.0492437	9.026442
4.7880836	6.622677
9.203097	7.1321797
7.142307	5.602765
6.262726	6.1720448
9.7009	8.161899
7.243405	5.860871
5.934153	5.3838744
6.6056046	6.6179533
9.064295	7.5707474
4.575492	9.0236225
9.480646	8.704644
4.9351087	6.7432127
5.0122557	7.0232105
6.9946036	6.0064034
8.682797	6.513104
10.210223	7.176728
8.9082985	6.9393387
3.862385	9.388939
5.5809927	5.368233
6.2577176	6.3877835
6.273475	5.3161693
10.085198	8.545626
5.6023607	5.974011
4.4045687	7.2653522
7.366372	6.6939797
8.764949	6.752535
4.200216	8.154769
4.982316	5.8976
5.2772713	6.696755
6.327172	6.1737328
7.9059343	7.3148675
3.4045706	8.901613
7.340799	5.8753157
3.2319796	9.573694
5.8441744	5.369141
4.766915	7.3406672
10.214873	7.5631323
10.054316	8.28159
6.0230613	6.1764755
3.936089	9.549349
8.0659485	6.2237673
9.738659	7.152038
6.6430798	6.48246
4.265273	8.600517
4.725273	7.361129
6.7298737	5.667726
3.5267215	8.791341
4.4373016	8.290251
3.9450595	9.325172
6.8659463	5.7831154
5.5943313	6.605383
4.194299	7.690136
9.129959	7.5940013
10.175775	7.5132165
6.154698	6.6876817
6.6766396	5.9422197
3.989702	7.865304
3.3225307	8.836672
4.4792213	9.402968
4.679217	7.0467362
10.2475395	8.156159
3.4511802	9.742988
5.269138	6.7902956
4.5573735	9.058738
3.382003	8.703032
10.534749	8.041403
9.145179	6.9771338
5.0511465	6.0147862
10.163379	7.9047465
5.7704453	5.880325
5.144769	8.043756
3.868591	9.519551
8.866617	7.0184426
3.860833	7.772218
5.7865543	5.447838
9.37107	7.384983
4.9444604	5.9308653
10.306624	7.2600203
4.5443134	8.532145
8.355665	6.73537
4.0998826	8.122397
7.681924	5.5029554
7.556317	6.767029
9.001097	7.4022675
4.328332	6.7483964
6.4720964	5.5043583
3.7694268	10.128267
4.4137487	7.8316526
3.40502	9.293164
4.2831926	7.429776
10.160295	7.8029637
6.83981	5.552701
5.9697385	5.69089
6.8099527	5.849674
6.0124497	5.9867353
8.702224	7.7046366
8.210965	7.7727985
9.658164	8.449022
8.6238	7.022352
6.972721	5.7549314
4.302927	9.584442
9.414656	7.148319
6.3669033	5.751746
8.728198	6.6092463
7.2690916	5.741127
6.041412	6.3989487
9.680645	8.024133
8.404299	7.674876
8.581592	6.6757994
3.4796257	9.2403345
3.7911794	9.881439
3.949988	10.06036
3.723407	8.429146
6.012833	5.8330936
4.3308563	7.1541343
7.582853	6.00165
10.326166	7.8312516
8.109722	6.202669
10.410812	8.098768
7.620141	6.5944343
3.419772	8.321107
4.475211	7.3291807
6.622149	6.637362
5.5119624	5.630851
8.710666	7.9331064
6.643694	6.0507846
10.373529	7.919383
9.766375	7.131994
4.402372	7.8641768
6.0278034	6.3321433
8.357282	6.860232
4.821426	8.429589
3.755208	7.6848283
7.8950257	6.6226068
5.9215136	5.6555214
6.740876	5.496648
10.331707	8.082824
5.6986766	6.1862226
9.360471	8.070901
9.298172	7.0283775
10.125831	8.066518
6.0413485	5.383561
5.965578	6.017716
7.7474227	6.383888
7.553573	6.1046195
7.7575045	6.751032
5.7324014	5.554508
5.71735	6.0792685
3.5475402	9.545328
6.1939363	6.20773
9.419829	7.530303
6.857458	5.495775
5.9255953	6.37148
9.469017	7.6075306
4.254839	6.9283814
6.8785	5.468228
6.9690733	5.7454324
7.521401	8.669537
9.222209	7.60823
5.1931267	6.181983
7.8891554	6.6846113
9.995585	6.9327865
8.376995	7.547778
8.565435	6.752788
10.333332	7.99439
7.7032886	6.001463
9.268477	7.8914213
6.6473594	5.789076
5.2141867	6.2518334
7.217455	5.4359794
8.017406	6.3924313
6.527082	5.8406835
3.6785	8.810546
5.3565865	5.854267
5.4065394	5.4991555
4.1750555	8.118015
5.118924	6.628466
3.0044549	9.235779
5.076721	7.0010185
8.806825	7.377545
4.858198	8.18078
4.5348034	8.806331
9.936175	7.8799295
6.174872	5.3702197
9.999896	8.439551
5.4381576	6.3817744
6.2900214	5.391494
5.723352	6.9707794
8.17237	6.1785274
5.738683	6.044066
6.6790705	5.3198867
8.960533	7.418912
9.711373	7.9285636
8.714062	7.1630735
9.045625	6.629248
5.230472	7.056976
8.15689	6.2962456
8.720452	7.979444
9.366709	7.6307287
7.5182986	5.836582
8.7183485	7.248904
7.4992814	7.0052195
3.287773	9.800642
5.585189	6.0294013
8.071606	7.864416
3.0549638	9.822314
10.293519	8.276536
6.4453654	6.444947
9.729164	7.393189
8.337359	6.9271903
4.6330357	6.8451943
5.0930505	6.4044676
7.645532	6.7898083
3.2736309	9.064632
5.5820537	5.3704233
8.777904	7.3438497
6.67689	6.5038795
8.015459	6.8069324
6.671066	5.6088705
9.571082	7.9990516
7.95226	6.11461
3.055072	9.352603
4.4798856	6.846279
9.871897	8.3429575
5.9703407	6.3031435
9.2056265	8.742614
4.422705	9.937176
8.236026	8.501144
9.745772	7.2613964
3.8919425	7.5171223
6.2493367	6.0890365
8.536107	7.1989536
9.227267	6.862608
4.9117618	6.6145735
6.0596633	5.5110373
8.552423	7.686177
6.0786223	6.5137777
9.362575	7.754931
5.796767	5.8929358
6.301628	6.6596317
4.489751	8.171608
3.2007875	8.594187
3.2310057	9.499417
3.9100153	9.858805
9.332844	7.1418586
6.335305	5.2449718
6.4024634	6.3430614
6.5762033	5.3560767
4.938538	6.967296
4.005924	8.356986
4.04377	8.3393955
4.299496	7.369908
5.5835257	6.550476
4.1474195	9.769903
5.837118	5.941738
8.365271	6.3199234
7.7166677	6.4992585
3.3797765	9.975609
3.5066242	8.273329
3.5641506	8.326699
8.6643	6.417706
4.6528044	7.5997057
5.1238074	6.064862
5.4677577	6.63431
7.7405643	6.91432
9.3814	7.0319514
4.266135	7.474223
6.624155	5.502018
6.4438195	6.097888
6.4823585	6.43776
3.8278947	10.337471
4.0366926	8.63342
3.229571	9.163213
8.81279	7.4265285
5.318198	7.405324
7.8005486	6.470125
3.9407272	7.4392033
5.068309	8.825112
9.631214	8.583633
4.6755533	6.386629
10.083432	7.1881604
7.960141	7.938718
4.167951	6.8112645
3.93597	9.026424
5.6709833	7.0350924
4.031074	7.4930406
9.77141	7.9515905
10.025432	7.4446416
7.7702904	6.279287
6.5474405	5.6444006
5.497751	5.4871774
6.2811074	5.383025
7.728062	6.603011
5.224447	6.257007
5.992611	5.402777
7.792087	6.673462
6.1730394	5.5139937
6.0429254	5.477891
10.341282	7.358361
8.789952	6.9800415
8.001383	7.173626
9.247396	8.505701
3.5475488	10.148682
5.2993994	6.0457845
9.495446	8.656528
8.558169	8.876821
6.7953806	5.7691083
3.2488694	8.511806
3.8947203	9.078227
8.2574415	7.24626
5.788211	5.297542
9.210706	7.415063
3.5009015	8.299452
5.908178	5.9519696
3.9012296	9.045799
6.705063	6.5146174
9.243183	6.608101
8.8312435	6.7759347
4.8315306	7.905039
4.523008	7.0661054
9.934091	6.682929
9.456319	6.5458007
3.9747398	7.444397
4.477028	7.8804355
4.3011065	9.840149
10.427848	7.5134907
7.4800124	6.010888
6.8472433	6.01521
5.4410877	5.680024
6.1064234	5.723217
9.518713	8.21306
7.6691465	6.236352
5.26337	6.253508
5.703617	6.5643325
7.84123	6.1852465
7.2578225	6.0929523
5.1734548	7.1673584
6.1689887	6.136926
5.55967	6.804743
4.908204	6.379385
8.757778	6.372342
4.4693975	9.597696
9.546038	7.2747726
3.5701632	8.2306385
7.631252	5.6924243
4.5651155	9.8113365
7.7438273	6.4781017
6.938119	5.223691
3.6244292	8.841493
3.5076046	8.24289
5.4005175	5.6768627
5.0171776	6.4540625
3.8849342	8.189529
9.132467	8.198537
3.166457	9.127338
5.646971	6.225822
6.370067	5.9617305
8.539838	7.680382
6.6927686	5.8573823
4.8125997	6.2746983
5.37625	6.531671
3.2263916	9.191018
3.2640553	9.738139
5.738571	5.33935
4.141741	10.158495
7.6469336	6.5646796
7.106771	5.4311576
5.092533	6.986198
7.0146146	5.843771
7.0434985	6.2434025
5.6860204	5.592463
6.7056966	5.8563333
4.055487	9.881335
3.847072	8.9221
9.230057	8.025864
9.383941	8.414183
3.238657	9.98168
4.2245255	8.955993
9.313858	7.666366
8.509672	7.0027337
8.084138	6.228407
5.3970437	6.9759088
5.358507	6.4673576
6.273495	5.5987563
6.1774845	5.8405848
6.42643	5.90623
4.631316	8.18189
8.690422	6.998632
9.549823	6.768782
3.4563632	8.64066
3.8248827	8.156977
4.7339015	7.498522
9.822247	7.9083347
7.9440928	5.9755664
6.300448	6.290014
8.106017	6.6872225
8.603781	6.40045
4.885757	7.592053
4.707384	8.5145
5.5218716	6.2577343
8.387594	6.9265547
6.5805354	5.8150473
4.7346573	8.690372
3.8493328	9.692008
4.8193245	6.4649143
4.563731	9.010042
4.546761	6.4282784
5.260042	6.1652827
6.342338	7.4007363
4.969538	7.5807304
10.275882	7.638122
9.177535	7.9717765
6.1772265	5.5390787
4.2477574	8.598673
4.596787	6.9025517
7.018291	5.573563
3.411535	8.709546
5.157916	6.254762
4.836887	7.6795564
4.0033464	9.586925
9.735004	8.254696
5.8375216	6.060142
7.036523	6.1134005
6.6907454	6.6507754
3.8083262	8.433872
4.401194	8.901406
5.7660446	6.27847
6.43597	5.853483
5.2040415	6.2236705
4.5234575	7.609675
4.3793116	6.7339454
4.6754193	8.453097
8.479003	7.466274
10.354582	8.004112
9.651929	7.7514353
5.8453593	6.771956
7.593991	7.614854
6.6615553	5.2790647
5.5177197	5.591195
7.250443	6.911726
6.390087	6.518234
6.876503	6.160841
8.917037	8.528724
3.0818207	9.00058
3.596473	9.185531
9.523319	7.325829
9.5108795	8.200781
5.4838324	6.651941
3.6349359	9.705852
7.801091	6.1592803
6.4390593	5.461249
4.7616363	8.077303
5.9934096	6.2439117
9.1083355	6.6421475
5.751296	5.7755117
9.765685	7.8774595
3.9142075	9.940448
7.548312	5.9983764
4.365548	9.925639
5.5414844	6.1787252
9.778124	8.597227
4.8814044	7.3080816
5.143563	6.711974
5.674674	5.734224
3.705984	10.019717
8.470948	7.0121684
4.059475	9.476125
4.690028	6.3969707
7.71238	6.738715
10.203182	7.5384717
4.5484557	8.971631
10.245609	7.052665
5.6094346	5.9086266
9.72614	6.705638
9.931981	8.726491
9.81681	7.6237965
9.901323	7.6442094
4.209994	7.3234515
10.174446	8.257239
7.1568832	6.497583
9.486175	8.188264
7.009215	5.487417
6.669756	5.743944
6.017118	5.4326577
7.114278	6.447351
5.3584056	6.0841312
3.6981266	9.264313
5.113336	7.9461884
3.5373306	8.73147
4.997015	6.980271
3.4007227	9.133378
3.0620532	9.072237
6.7185864	6.7848945
8.214251	7.4191084
3.2062404	9.038096
4.069852	8.143081
6.4054093	6.2677765
8.703985	7.4014077
5.8846073	6.708432
9.034209	7.556603
4.739682	7.735253
4.0189123	8.149637
4.4563937	7.266607
3.6543257	8.409629
7.676747	6.605031
5.566928	6.535535
6.990726	6.08314
9.631942	8.859826
3.065163	9.872582
8.252475	6.4149327
3.5371137	8.279428
4.176267	8.8095045
3.9102242	9.141528
5.3533044	5.5423117
8.200241	6.2135463
3.341862	9.0187845
3.8272414	8.259388
6.840543	6.2414017
8.364229	7.4859147
6.429736	5.286882
8.235552	6.6182413
8.558838	6.587705
4.3228936	8.661964
6.711085	6.15915
3.20667	9.108752
6.339493	6.144627
9.088572	7.0108137
4.999149	6.6919537
3.9522622	10.169123
3.7902114	8.39724
3.9732895	8.146547
7.200529	6.283441
6.8978095	6.197282
6.6046624	6.3368597
8.7413435	7.4606075
9.869715	8.611173
4.473824	7.9858203
4.4698997	6.771518
9.110398	6.509812
10.025896	7.686461
9.996968	7.861231
10.235331	8.594231
9.648339	7.352236
2.9740174	9.450947
8.213438	6.756348
5.659854	6.244134
9.593328	8.229089
7.616525	6.6995883
5.1794004	5.8598075
4.8893213	7.628511
4.8942595	7.0695796
8.053149	6.0440893
4.5505824	9.315953
10.046416	8.028153
10.078451	6.9208555
10.173586	7.339475
4.1525073	7.250401
10.265599	7.2115927
8.4376	6.4141827
5.107567	9.769616
9.671893	6.8808064
9.657937	7.7063856
4.15168	7.325896
4.7450557	9.645662
4.4771686	7.6298947
8.037289	6.1606483
9.312306	7.075655
10.129685	7.924147
4.4529476	8.967263
10.535839	8.070906
6.2660666	5.9254303
5.725603	6.933664
8.36866	6.7872267
3.7564569	9.082685
3.9791472	7.4382806
4.4480515	7.054759
4.421385	8.527216
7.4604115	6.5193114
4.580294	7.159065
3.4832978	8.743019
4.624325	6.9768763
4.4356794	9.712926
5.6208577	5.954431
3.7194102	8.907648
5.0976186	6.1820335
10.364675	7.733261
5.4912376	6.759144
4.224944	8.967301
9.593084	7.982663
9.792899	7.626914
3.963841	7.7130947
7.77992	7.2075033
4.8250246	7.636047
9.359535	8.034949
6.588916	5.2201123
7.5469093	6.703946
5.8223696	6.2222896
7.8520875	7.4677105
9.438903	7.6657906
6.9942675	5.281273
4.6366057	7.4748735
4.841052	7.969321
4.4234457	7.071108
4.215076	7.774043
8.276314	6.217115
3.1469429	9.58935
7.3196826	6.194124
8.408307	6.400872
5.1218762	6.5172853
4.3402543	7.633704
6.23679	5.3736405
9.433432	7.4454675
8.551558	7.4184046
10.332103	7.747409
5.8064113	6.299451
6.435489	5.1055465
5.794668	5.145416
10.272298	8.065171
4.9218035	7.249841
6.172409	6.150082
6.164541	6.025054
5.5954814	7.5391636
9.687399	8.453722
10.245135	7.826348
8.436291	7.3400636
8.728753	6.5855913
4.8103337	7.3090434
6.616857	6.5210233
9.9960165	8.277393
5.5228353	5.766399
8.132055	6.4091177
8.105939	7.960738
4.817582	8.166531
5.4871287	5.602642
6.209527	5.742961
6.819387	6.1878247
7.473498	6.6291595
3.3889625	9.87664
7.090738	6.180154
7.236052	6.2289743
5.993203	6.6738086
5.617042	5.3312187
8.797971	7.939794
5.5266333	6.992495
5.176936	5.7342014
6.2824783	5.297967
3.8803031	7.705139
4.866239	7.9371896
2.995382	8.929789
6.7529826	5.687881
3.9606638	7.66166
4.494805	7.5802717
9.809986	8.310504
9.158816	7.8353233
7.608171	6.535583
9.519859	7.64891
3.0387733	9.349788
3.690119	9.757173
10.309617	7.57504
9.744266	8.041545
5.752993	5.9390125
4.530348	6.8217506
5.1351075	5.5032024
3.6717043	7.920697
4.4957504	6.8428497
3.4033215	9.872576
9.038147	6.3965178
4.0727553	8.315687
4.4958673	6.8817043
6.340959	6.7933297
9.915552	8.6415
9.03424	7.7195845
9.564343	7.1693563
3.8377068	7.7317357
9.513685	8.264772
10.314285	8.181863
4.6265526	9.033091
5.073036	6.751152
9.491663	8.34421
3.329398	8.69693
5.3921676	5.7483845
9.32257	7.9759846
4.231914	7.344631
5.310661	5.92769
3.8147333	9.795514
5.781693	5.863213
6.1973658	6.268228
4.848971	6.1418905
8.152834	6.2694616
6.01797	6.000483
4.8542056	6.929363
5.4717484	6.0639257
3.6151164	9.165072
9.752207	8.502731
10.058133	7.79318
7.837539	6.2272716
3.9205592	9.390804
9.88167	7.396859
9.641529	7.8738756
5.096663	6.0921693
9.9545355	8.046173
4.5182176	8.763454
7.927558	7.2144217
9.707215	8.338035
4.466559	7.398893
4.5664287	6.5985055
3.6545775	9.006898
5.0144114	7.220597
8.532166	7.2522182
6.3071594	6.285729
3.7665982	8.090284
7.7972383	6.339397
5.0021715	6.1377516
5.125797	6.8743024
3.609624	8.43696
8.402717	7.6153665
8.063695	6.076786
6.252993	5.31223
4.4316	8.709596
8.824828	6.3740473
3.1432173	9.845462
8.466345	7.513785
5.835738	6.6094284
4.24508	8.897423
4.356093	9.319929
4.00083	7.9109883
5.6628428	5.2730565
5.0546675	5.935702
8.611053	7.3272057
9.327569	6.952606
4.090945	8.094839
5.3024	5.7239604
3.1637104	9.7879505
9.425823	7.2035055
5.0108986	6.869621
6.041709	6.503226
7.3268857	6.608911
4.873702	6.075334
9.6027355	8.738374
8.768388	7.14124
7.8530087	6.757411
6.960065	6.4477196
5.419281	6.935437
9.729759	8.658321
7.2473283	6.738069
3.9556673	7.9286313
9.646128	8.687583
