-5.383738	-9.898545
-3.5817485	-7.2843113
-5.528879	-9.368161
-4.179431	-8.247456
-5.2882047	-11.341963
-11.953077	-7.3072996
-9.6355715	-18.847237
-7.7971845	-13.926537
-7.3044214	-12.836345
-7.200688	-14.247736
-7.09396	-11.787537
-14.987691	-11.10803
17.499697	-4.4587417
15.465816	-4.1662006
16.651802	-5.6377
15.512961	-5.449668
17.05295	-6.4143324
16.96924	-5.0818105
-3.8649728	-19.864302
-3.9482694	-21.250416
-6.1406927	-16.982977
-7.8366613	-20.497805
-9.978689	-21.003412
-9.385122	-20.552866
-10.54634	-9.577868
-12.908949	-8.501716
-13.063957	-8.528753
-6.86596	-17.96548
-16.089863	-10.667753
-12.6368265	5.6582
-9.581833	-12.7927475
-10.710925	-13.049851
-10.048759	-11.933727
-10.397717	-11.095731
-16.488216	-10.55861
-10.908198	-12.25275
14.1408205	-7.7406564
13.517785	-7.9039273
12.581732	-7.6725845
15.93807	-8.299288
12.930987	-6.8294764
14.19164	-7.0089083
-6.0954556	-21.795227
-6.77316	-22.876091
-5.1404595	-18.559118
-5.0052543	-20.697657
-5.2812343	-19.735245
-6.0874314	-20.025787
-16.095942	11.57263
-16.913565	13.665495
-16.356554	13.524233
-18.934048	-34.027897
-19.814243	14.1422
-14.479279	13.480798
-19.20807	17.239452
-19.662071	15.632695
-18.88793	16.258419
-11.24351	29.868761
-20.46381	16.426119
-19.646276	16.915344
-21.501995	-29.5186
-20.801077	-30.75657
-22.278513	-32.81149
-21.075373	-33.140873
-19.256248	-33.837185
-22.931051	-32.491913
-23.995533	-30.11648
-22.89286	-29.489119
-23.176424	-28.307514
-23.50624	-28.9032
-22.466597	-30.518158
-20.50653	-30.110771
18.990469	-28.86626
20.422146	-21.171736
21.310888	-26.140047
18.673128	-19.604137
-15.341981	5.7567863
22.639881	-22.276731
21.470411	-20.442335
21.629223	-21.330132
23.344797	-21.394438
24.282972	-26.844318
23.894447	-24.519564
22.529985	-20.810526
19.776178	-18.58527
18.263422	-26.063595
19.110205	-20.04228
19.925085	-27.37589
21.077953	-27.412193
19.208473	-27.735462
15.5171995	-19.365416
12.178699	-30.478704
13.621833	-28.988216
15.517181	-19.365437
11.712652	-30.298048
13.340691	-28.711128
8.174559	6.508589
6.897033	4.293997
13.935598	12.685358
14.3915205	9.824533
9.450516	5.5320573
7.7865887	5.7231145
5.9434943	5.5040054
4.3129644	4.968442
5.8587184	6.7251854
7.801697	8.225406
5.3257155	6.1264653
8.432263	9.041475
11.858033	9.559739
12.953318	11.172373
12.953565	9.994339
11.590274	10.681207
12.48	10.496249
6.924251	6.545305
2.0548167	3.1983926
3.8985026	-1.5238482
1.0909792	2.3040152
2.3676655	2.7879255
3.8982155	-1.5236958
1.2787759	2.0626748
25.383963	-25.516861
25.907063	-23.452156
25.74012	-23.941084
17.908611	-28.018606
-1.4162261	1.0187618
36.265896	-16.711443
35.79398	-15.519387
25.502775	-27.042824
34.549957	-16.876453
26.99003	-25.75791
26.287172	-25.646322
27.15066	-23.073797
37.200993	-13.38019
39.174744	-13.086164
38.61863	-15.650196
20.227621	-28.563276
37.76942	-14.865361
38.592075	-12.8529825
10.716657	-27.587294
7.772697	-30.65966
8.793582	-31.747232
10.847233	-27.586847
7.5543513	-31.166388
9.012223	-31.226517
-31.851366	4.0175962
-31.030987	3.7910373
-32.50193	3.2595007
-32.428715	-0.5590305
-14.527561	10.375224
-15.622769	9.986982
-29.245989	-2.6081078
-35.585983	-2.6402216
-34.75868	-3.3304205
-35.435925	-3.4692273
-29.081436	-1.5654926
-29.767403	-1.1008692
-34.12232	1.3130844
-33.688	0.5158598
-33.872658	-0.48385498
-31.449902	-0.41736853
-27.218222	-1.0430349
-32.59847	0.74674624
-4.607897	-30.048609
-4.4514594	-31.805925
-4.223855	-31.25993
-1.9403508	-32.44699
-2.5501404	-31.763386
-5.110217	-32.18582
-14.120525	6.7136493
-14.078595	7.9569387
-11.760596	8.6292
-3.7467527	-0.5553159
-14.706852	7.615302
-12.792586	9.296974
-9.420927	12.243444
-11.526907	10.62892
-10.483377	10.692287
-11.492636	9.660691
-10.666241	8.887065
-10.198911	9.6838255
-0.63914406	-25.322634
-2.8676612	-3.4328496
-3.2374234	-2.5072248
-4.0536666	-1.7249666
-3.2288768	-1.5518012
-4.451805	-0.6895432
-2.9555483	-27.837524
-1.2841378	-28.310753
-0.9721354	-27.204214
-2.4356477	-28.696272
-1.93106	-27.736395
-1.8476305	-26.776289
-31.83432	-2.5745373
-39.052456	-4.476029
-31.78583	-3.2074525
28.651728	5.903525
-35.925438	-0.4578584
-27.433975	2.8323007
-37.814304	-6.9571166
-38.840736	1.6191407
-40.474586	-1.6672386
-38.750305	1.9225777
-39.49396	-0.99275035
-40.34495	-2.1004665
32.175346	0.7912638
31.436632	1.3207607
32.474987	2.6046376
33.22813	1.9862965
32.697987	1.2481688
31.602428	2.1785853
1.7364401	-28.133635
0.7927984	-30.626833
-7.4710727	-30.066826
1.922586	-28.26657
0.7925467	-30.626518
-7.5870366	-30.292667
3.2070372	32.58588
2.6609497	32.10204
6.654342	34.148403
13.2876625	42.36935
-1.4043496	38.07518
-3.7088711	38.579758
11.657677	34.625908
-0.23703659	35.271996
1.9451604	39.629242
3.7845266	41.063457
3.0018647	40.29838
4.4489574	42.113968
19.185535	41.1743
17.944788	39.386814
19.964815	41.54535
20.020546	40.66611
20.771532	41.60247
8.790115	38.295715
6.1577888	29.975784
-0.1543947	31.712069
6.7660136	31.495432
6.4472127	29.91686
-0.15439439	31.712036
6.39327	31.593143
-28.735243	0.9062868
-29.790892	1.4267143
-36.769566	-6.077054
-36.434406	-4.7718725
-27.662283	3.3783638
-39.962708	-4.8254824
-30.017809	-6.562483
-29.33869	-5.75397
-30.205658	-5.8239574
-38.16208	-7.879713
-39.601337	-6.5351806
-38.98157	-6.0085177
-31.967793	-5.860041
-36.314507	-10.040779
-38.522896	-8.935128
-31.681568	-7.45232
-32.2204	-7.094553
-36.624878	-9.669789
-12.2474785	-30.930761
-10.986717	-30.644682
-14.573902	-30.73692
-12.152447	-31.512733
-10.875624	-31.149551
-14.573904	-30.736961
2.5642533	34.60734
3.0595677	34.909374
3.8709157	35.890118
25.178564	17.2286
4.849823	43.834183
-6.3663564	34.858734
8.626218	37.381733
4.9894385	40.485123
4.927113	38.785866
9.35821	35.799675
6.6409683	35.361046
4.0018477	39.712513
13.423201	42.89558
17.177294	36.746346
17.650517	37.639256
16.359108	37.28139
16.312342	36.07329
9.802028	42.129673
12.473895	40.164173
10.591794	35.43701
10.162728	31.85099
12.472074	40.16395
10.377403	35.069607
10.1626625	31.850996
-42.092922	-12.860098
-41.495365	-12.768853
-41.40764	-12.277414
9.066394	-25.25884
9.629418	4.267873
34.895428	-12.635102
33.322376	-5.2791176
36.69665	-10.428618
33.88434	-10.59155
35.697987	-10.568127
36.4107	-11.756336
35.55174	-12.663397
36.358448	-8.569376
35.52197	-9.030993
34.40303	-8.861415
33.598362	-9.223261
36.13158	-7.3716974
37.137928	-9.372775
8.388218	-24.759638
35.115986	-5.6276155
11.889245	-25.405607
8.211069	-25.33737
35.115993	-5.6276317
11.889233	-25.405598
-30.991285	7.334894
-33.76696	7.0702367
-31.25244	7.0400534
25.760145	15.570357
-17.65047	6.0036316
-33.449974	7.1504426
26.662992	14.042327
28.04001	10.465613
28.056564	12.513039
27.587927	13.476669
28.788048	11.029549
28.603062	12.842162
26.648731	8.786421
27.093199	8.216965
27.749493	8.660158
25.175497	14.555297
24.455477	14.399453
26.75881	10.121183
-8.757397	30.07375
-10.321137	31.027493
-7.8299003	31.44918
-9.164487	30.814985
-9.947026	31.776098
-8.309933	32.06806
