63.807007	-70.35267
-0.5336714	24.583902
-0.50198895	24.585674
67.75043	-18.812405
67.83384	-18.995623
27.15159	50.656803
27.154802	50.657085
92.45111	-10.402597
92.54349	-10.213397
92.71299	-9.860212
64.25569	-30.697388
64.214905	-30.68419
74.49244	50.691273
73.54378	52.736614
73.207375	63.44403
69.99678	59.982178
71.69592	58.61726
69.34712	59.91529
72.021576	60.052635
73.9905	63.531837
70.07942	64.39294
69.76382	61.00208
41.506504	82.342636
88.971306	0.26555857
59.846382	-73.1725
-88.26237	-26.160252
-32.11383	92.77604
-87.77941	-26.130142
17.08463	36.888847
15.603386	35.964973
16.849897	36.74011
15.635719	35.996387
-3.3533072	31.611496
-10.3433	36.034782
-8.361518	33.00318
-9.767826	35.79277
-9.861897	35.09845
-8.244894	34.717274
-9.065611	34.73164
-12.074544	33.330837
-13.164346	34.094833
-12.017754	32.772495
83.20246	-15.394383
-7.6820655	24.445654
-5.273019	35.816914
-5.3402023	35.990543
-6.4572988	37.4307
-6.3374033	37.397038
-4.9663234	37.775673
55.63793	-28.265926
-26.917002	-60.616825
61.94828	-18.788391
16.519775	31.09401
35.007607	-71.64845
38.211704	-76.01264
51.24658	-27.9108
51.260418	-27.917965
-55.079716	-51.895687
-54.848763	-51.358498
41.605194	-30.962473
-40.989254	-43.472584
-52.80793	-50.595547
-55.21191	-51.671707
37.438923	-47.705482
-42.54629	-39.222332
-42.546295	-39.222343
13.062807	-47.364014
13.385706	-47.175842
57.103867	-24.912306
48.816547	-36.669533
57.125393	-24.810394
56.510242	-24.107965
45.521114	-47.695683
-46.973236	-53.607883
54.974842	-31.904428
60.532967	-30.036154
60.335495	-28.303637
61.221325	-30.200401
2.3764722	14.535141
2.3970077	14.492195
40.28579	-30.322285
4.599174	-38.90963
4.6062827	-38.91373
60.54036	-26.18144
54.301476	-43.17659
3.7559843	19.442575
29.826868	-72.2741
30.079702	-84.778946
30.022131	-85.485016
29.839027	-85.03115
29.762579	-85.98625
31.927052	-71.09604
32.395866	-65.729095
53.04325	-50.290867
35.014744	-71.47126
-17.213924	87.158226
-20.220217	21.021074
-46.675808	35.421116
78.473816	-15.2234955
-2.6469574	33.414215
-4.5797005	35.038597
-15.027118	24.670935
-5.083321	28.857222
-5.7115192	28.528399
-12.461858	22.493925
-16.120693	21.188515
13.679888	33.163612
12.915816	33.24165
0.22766496	36.143112
-37.009262	27.360222
-37.57127	27.229305
-37.825756	27.203672
-4.12521	25.377024
-18.914074	31.354029
64.893	11.586522
-5.967953	26.826004
69.91996	10.352401
44.948433	-48.711163
23.015049	-67.6743
44.954124	-48.331367
23.082773	-67.210365
44.96078	-50.001617
-72.28982	-50.18997
44.971645	-49.85561
46.400383	-57.12566
19.911547	-67.54064
20.426413	-67.09509
21.943321	-67.83186
20.426321	-67.0886
22.278795	-67.771095
-28.615633	-61.816376
-28.643589	-61.557297
-29.420332	-60.814766
49.700363	-14.42794
43.87927	-47.767593
50.21222	-16.281797
59.550697	-33.457508
42.09694	-30.526789
56.993057	-36.803276
57.45812	-33.64042
53.13425	-36.71957
32.98739	-59.33947
35.120056	-60.919056
35.246727	-60.78362
43.131626	-25.296833
-20.01383	88.08752
-19.753632	87.57717
-67.4039	4.190218
-68.06509	4.5774145
-68.31674	4.857968
-23.581987	93.41982
-49.378326	16.6412
-23.123558	92.73123
-22.909346	92.61416
82.88717	-3.7887263
-45.255714	41.07117
84.05915	-2.6214836
6.314505	0.44910946
6.3200064	0.4447789
0.14548874	7.738948
0.057864454	8.73451
92.53937	-15.615053
92.08552	-15.805992
-74.126526	6.5410333
-43.318928	39.330223
-43.264168	39.505676
-19.3738	28.656054
-13.563945	26.400164
83.87097	-14.274762
-10.603027	24.01079
-43.618977	30.289833
-10.292599	23.410122
-8.056607	24.90936
17.529076	-15.876228
67.21576	10.385254
-1.2769572	30.14943
15.713599	-15.64216
5.527874	28.233868
37.051403	-48.671967
-37.453712	-39.58401
-42.76818	-38.706715
37.439636	-47.707115
22.529043	-61.359364
-48.743404	-50.034164
22.513174	-61.421207
-55.921963	-49.127342
-55.12992	-48.507946
-55.03148	-49.15599
22.983925	-62.59875
-49.055325	-49.06546
87.2693	-17.732176
-73.59949	8.863898
-75.78733	9.420207
-71.66932	8.236347
-75.82092	9.398191
-73.279884	8.142734
85.7126	-6.590182
88.70643	0.3589313
78.14905	-4.743238
-67.071465	-7.0553517
-15.441046	18.700056
85.265945	-7.20763
86.30793	-10.169959
-64.325264	-8.627076
87.10128	-10.749004
87.068016	-10.763417
80.75748	-20.504683
80.45137	-12.825561
81.60053	-19.315388
-66.137924	-8.392963
-65.156	-6.8170657
-65.00691	-7.681242
-66.14897	-8.405222
81.41346	-11.106822
82.196945	-11.366104
82.37531	-11.021427
82.90438	-18.817286
86.8932	-8.185508
86.86608	-13.488085
86.87698	-8.096475
86.583954	-13.364502
86.584564	-13.363998
85.47951	-9.45564
-71.951324	8.873143
-71.816505	9.413015
-79.238335	-23.072502
61.791206	-72.824066
-87.51776	-27.273518
90.169716	-16.857069
-74.23311	8.199605
89.90703	-18.730124
-77.56352	-17.297617
-11.408312	21.556702
79.9513	-7.433577
-28.113064	-55.924793
-27.782925	-56.110527
-68.551765	-45.681545
-66.14832	-45.414757
62.7318	-42.327652
63.67151	-41.657867
-34.517403	94.85432
-33.885246	94.56426
5.762911	35.09262
5.9122443	34.866398
9.1494875	38.41339
6.6065755	34.12109
63.388424	6.69162
-18.809414	86.78829
-19.725204	86.66847
-46.526676	26.990005
-41.71697	-33.19637
78.8105	-5.9838877
79.62471	-7.0116987
-61.7053	-6.88098
82.04214	-8.748276
-47.14022	15.612865
-48.45806	16.055565
82.19075	-20.865149
90.27973	-15.340914
84.1584	-12.620487
89.93265	-15.126583
-67.89787	2.5712936
-70.50589	7.774321
-40.761677	44.4147
-12.078857	26.48463
-12.557024	31.607405
-50.748177	3.1071548
-59.550728	-6.209519
38.283245	-69.42489
39.699776	-76.185646
-62.121574	-40.14463
-62.093468	-40.09028
39.573654	-77.09811
39.02698	-68.05987
58.890938	-42.739254
59.241337	-35.52195
58.725742	-42.003353
4.7139606	9.478595
5.0491138	9.087431
-83.16927	-40.367382
-83.837204	-39.893238
38.03461	-77.24584
38.575638	-77.393456
-78.7929	-38.903336
-81.74701	-37.940544
-69.37991	-40.586014
-37.29096	86.69639
40.690865	-73.41416
-36.68045	86.51641
40.68788	-73.41103
-75.91219	-23.955505
55.439865	-50.60954
42.3415	-75.67012
37.53631	-70.9525
39.165905	-76.78522
-66.179344	-45.53007
38.222725	-71.21531
39.60468	-74.68952
-68.87225	-41.09574
38.093197	-74.35317
-84.484764	-40.324635
38.632465	-74.507065
-84.19709	-40.682213
32.25991	-71.860085
37.634598	-73.06775
58.827675	-41.622414
57.164066	-51.316963
57.162457	-51.315617
1.7581619	11.906081
54.678566	-50.43268
-82.1794	-38.08774
-83.737114	-39.04359
-78.90834	-40.26001
-80.14448	-39.1168
-79.95179	-39.339462
-70.21154	-41.001965
54.678577	-50.432625
55.08258	-51.349236
-81.63953	-39.46996
52.16223	-43.52976
-67.38736	-36.973244
-67.31944	-37.011635
-85.78635	-30.755419
-86.09518	-31.30616
-84.37157	-30.638824
-85.12007	-30.769903
55.25733	-48.48849
43.268208	-70.287834
-80.6076	-35.126934
-80.19824	-35.27994
43.25915	-69.27756
42.23122	-74.829994
-78.86246	-36.1381
42.09347	-74.04661
-84.14278	-34.542408
-84.43014	-34.519005
-69.19264	-38.503532
42.52454	-67.389404
3.4213123	12.799138
42.42662	-62.569504
80.36788	-17.755257
63.967552	-40.743797
63.859703	-39.05557
-73.0385	-23.387283
-72.97104	-23.445393
55.90035	-70.935326
-84.54759	-31.735748
-85.27313	-31.95452
42.40574	-62.88424
-82.23532	-31.87827
55.903793	-70.94824
-68.21315	-9.858187
-73.28331	-29.976027
41.561073	-66.940506
40.436954	-62.16424
37.569614	-64.88697
41.73097	-66.31163
40.59703	-62.530243
36.199024	-67.43215
42.67336	-26.526575
41.94918	-29.525822
36.196026	-67.3928
-61.846054	-41.68123
42.214684	-29.501614
-13.025576	14.132457
-13.006255	14.12492
-25.543999	88.52502
-63.87712	-7.0284786
-5.4020257	15.841375
35.97771	-28.342674
-7.1848936	15.361112
68.76309	4.740348
-5.2445507	15.889672
0.9317176	21.92063
33.216663	-64.932396
-77.31664	-38.147526
54.419197	-35.87156
54.94282	-36.27969
33.297367	-64.891624
54.94806	-36.15719
32.54123	-72.2183
-67.90071	-43.826538
48.408775	-30.470457
-74.31175	-49.840794
48.348495	-30.46729
-74.833	-50.019985
-74.90222	-50.034054
48.69963	-27.87148
48.7267	-27.802427
35.780563	-75.65396
33.700012	-73.89858
35.465866	-73.69677
35.55944	-75.76747
49.341167	-43.830338
-69.8008	-41.867302
-67.70027	-42.461975
49.34315	-43.75028
1.3252311	9.155913
-67.783806	-10.263652
-33.73453	86.32985
-37.258003	88.08635
-82.91861	-33.520374
-35.37384	88.06644
-37.38056	88.1244
-59.54293	-39.446617
56.389874	-39.20682
-60.60332	-37.79485
-60.375362	-38.01462
23.912418	-65.7299
-34.163372	-54.711468
76.65924	-3.881595
-17.053448	87.29675
-12.867897	18.742697
76.85361	-3.796469
-60.597404	-5.000667
-13.022947	18.248873
-61.049507	-6.164183
48.60743	-24.07891
47.709274	-28.91365
48.616863	-24.46753
48.555565	-24.952253
49.802433	-14.814901
49.85846	-15.014163
49.392323	-20.425205
49.36338	-20.520731
49.914257	-41.439598
-67.1825	-41.666134
-34.12048	84.81525
-75.74461	-38.77718
-75.60154	-38.22505
-75.34969	-38.6477
46.548004	-39.60392
52.625637	-42.310226
-66.97071	-13.507446
46.371243	-39.48213
-11.334181	21.465057
-68.80336	-12.353325
-68.77771	-12.162908
-68.01383	-12.30387
69.52953	-23.957136
58.533783	-31.086506
49.60686	-36.507973
48.465405	-37.690525
-72.99342	10.513011
-32.056896	93.421394
-72.34608	10.538225
-7.339706	23.279646
-20.218014	29.44335
4.2888894	9.736039
-36.730373	85.50993
-37.050808	85.33965
-37.37847	85.56044
-68.13506	-47.505436
34.423767	-73.5032
-70.96739	-45.929264
-67.40371	-48.15663
-67.72259	-48.008263
34.283287	-74.33935
-71.06213	-45.88061
48.362045	-43.367104
-67.557304	-41.4338
40.076054	-57.20289
40.043556	-57.25109
4.34143	10.941861
54.440777	-47.07976
-34.742386	88.18866
54.483593	-35.060944
56.722084	-38.923363
-68.846794	-39.32049
-15.216563	17.427095
-16.05425	17.836657
-19.35924	20.244741
-15.504357	17.547192
22.515966	-22.071821
22.352955	-22.600056
23.32438	-22.97991
21.92403	-23.209894
21.183598	-19.15146
76.466896	-2.2982388
23.888563	-20.635242
24.170353	-22.09571
23.702217	-20.669193
24.055426	-21.921598
21.771114	-18.747257
21.59356	-19.011333
67.262825	-23.319849
67.42594	-23.240475
-13.194211	23.775097
-13.265214	23.979147
-36.075504	78.505104
-36.051865	79.022125
-35.927357	78.639
-35.763447	79.18324
-26.066118	-56.419304
-26.416834	-56.599396
23.437431	-65.7822
-35.65982	80.431175
75.398766	-1.2598828
81.04164	-7.9507937
-17.50755	18.36148
37.98356	-15.338116
-12.028464	24.622087
-11.580241	25.03902
82.62861	-9.450405
-62.95014	10.869281
-26.258633	-59.652416
-20.2166	-60.328045
-20.22035	-60.328865
-26.446161	-58.587334
26.313538	-22.062532
33.45671	-30.404913
33.948135	-31.07645
27.225403	-23.879444
27.203611	-23.874437
32.478455	-28.800636
58.45179	-40.99069
53.329723	-43.599377
54.036537	-46.119896
56.705475	-37.319546
1.8276045	9.1246605
54.501366	-44.33073
54.304394	-44.44999
53.571774	-44.467644
44.539135	-35.006905
-49.233826	-48.551094
60.534237	-36.50548
62.0421	-37.136623
38.00264	-69.27293
-76.3509	-37.745953
38.23181	-68.28151
37.630806	-64.54317
-57.663383	-42.87336
-66.36076	-38.317116
40.320698	-66.49145
16.774057	-12.618099
17.4584	-15.8729725
62.149933	-20.005434
62.9001	-19.3304
61.93214	-20.695074
63.202538	-19.248539
3.120825	28.112436
-0.58185303	26.977688
-0.4703526	27.379974
67.22744	10.389872
1.6632417	31.46771
62.056236	5.242425
2.4732614	31.158323
2.9251869	30.63845
-3.1243358	27.786564
-3.6294656	26.898396
-10.953506	25.479559
-3.4965203	26.469662
5.452102	28.253674
-0.55955285	31.33254
3.9927986	29.405916
4.5671425	28.668919
3.9209058	29.765543
15.646896	-15.603357
-1.0474223	30.403614
-0.5505484	31.314247
60.11683	-37.85639
-19.263119	90.28489
-69.1854	10.310603
-67.79038	9.960274
-19.823248	90.93211
-20.266909	90.37655
-19.31348	90.15349
-16.546936	27.734913
-69.701485	11.52292
-68.30487	10.856371
-14.086703	28.937052
-13.503912	28.140842
-8.581384	15.34383
-8.453742	15.363637
-14.364932	29.10874
-63.80456	-49.284298
-63.34488	-48.925823
-63.24993	-48.7317
-35.470467	83.84438
-35.596447	83.56181
-35.06461	83.76916
43.685223	-35.92549
-65.689705	-49.511097
43.101143	-35.46968
43.22976	-35.652493
46.471664	-36.8794
-32.187866	-55.163517
-33.01305	-54.99817
-32.344967	-55.13896
58.896324	-29.868546
54.883945	-31.894743
60.728474	-29.708385
59.423756	-29.937462
1.2646842	13.6818905
62.12363	-27.386211
61.57428	-27.225151
61.990658	-27.918638
33.102688	-26.649395
66.73458	-27.908499
50.29052	-39.325565
33.542088	-25.382326
33.272545	-25.738485
-33.441074	85.026405
68.564064	-25.42486
68.972595	-23.933725
69.16073	-25.526487
69.23142	-25.357315
68.651825	-20.74926
-15.416817	26.827347
-73.785416	6.870375
28.367746	-15.095027
28.473055	-15.435338
59.04868	-35.17365
53.53276	-36.913776
-65.822075	-42.466904
0.840338	12.257357
49.803696	-41.034462
38.67888	-60.670174
-0.029971236	11.569863
0.38974312	11.352421
0.09239338	10.975938
50.28568	-16.86861
-0.6148048	13.826812
-89.199646	-26.271963
-88.34288	-27.199776
88.44413	-8.4165125
62.319214	-71.140724
62.66829	-71.168495
61.858894	-72.02282
-88.65832	-27.796314
-88.97389	-27.430658
62.579124	-72.36537
61.131783	-72.022514
60.938633	-72.51155
77.96826	-7.622103
-14.941962	24.072554
-57.262207	6.576783
-58.023037	6.7872915
-57.68437	6.670861
-57.466557	7.12466
22.404493	51.62875
8.3420315	18.656553
8.330101	18.647198
7.0602107	18.240963
7.123795	18.236689
41.382954	-65.60982
-65.97378	-36.52196
6.360996	18.342405
49.188152	-21.14798
4.7885666	18.349478
38.728535	-58.795074
39.5341	-67.02375
30.812162	-26.861525
30.822765	-27.941898
31.897703	-26.770388
34.16781	-31.372398
31.578104	-27.541433
31.363298	-28.148594
60.803276	-34.10267
-61.289005	-40.750343
62.02711	-22.05034
40.824657	82.4881
40.50434	82.54904
74.694435	52.688816
74.27462	52.562035
74.331314	51.546192
73.7826	52.505394
73.23416	63.04998
68.54305	59.672813
70.33181	59.10217
71.64087	58.537792
74.041115	63.36934
72.79291	59.114582
72.26045	60.078526
72.76354	58.63113
71.72902	63.53916
41.582237	82.33246
70.21195	61.75721
70.1128	64.364174
68.761086	61.016434
96.78858	-3.3696156
96.78753	-3.369967
-30.988016	92.73995
5.320223	11.616889
-83.55411	-27.63993
-46.639683	-0.8246622
-70.47514	-12.806339
-69.22317	1.6034989
-78.87312	-22.029922
68.91229	-17.03599
78.027435	-16.11946
81.929016	-16.67061
-46.304974	-4.868206
-46.958557	-6.730064
-70.30879	-13.428285
-73.94386	-23.026527
-54.40397	-5.3819795
-81.03917	-23.596415
-85.16413	-28.793285
-76.805916	-39.88437
-77.94232	-39.432354
38.877403	-60.997925
-60.06196	-7.7615275
-60.76676	-7.6268916
-64.30248	-9.778413
-62.74803	-6.877861
82.68582	-5.392945
82.72943	-5.510651
-70.74028	8.447666
80.11297	3.2458963
-21.403921	92.397675
-27.112188	-9.161568
-17.14739	18.382116
-27.105743	-8.77521
-27.103498	-8.896053
77.65537	-19.36143
79.72705	-20.198284
-20.185963	25.402895
-20.071308	25.350313
48.02159	-38.193836
-65.73566	-37.854004
14.4098215	31.32119
12.080936	33.315014
14.685657	31.421957
15.371983	30.155167
15.43335	30.210817
-77.0575	-27.093239
-78.0765	-27.82764
-82.189865	-30.261177
-76.92008	-27.008247
-36.076626	89.85973
-33.75541	93.71657
-33.88204	93.30806
-34.197033	93.64714
17.84612	-0.5695206
87.75442	-12.844711
-1.0481513	8.654443
-68.16623	-8.857916
-41.864353	-6.0159187
-62.249237	-8.414957
-33.246246	92.10552
-7.0044436	21.808184
54.68699	-49.17593
-80.25547	-37.677555
41.22946	-67.68657
56.30257	-52.030125
-83.35983	-32.060577
58.19469	-73.67948
58.186546	-73.66759
58.41842	-71.73319
-78.08627	-17.943752
58.805977	-73.336784
-78.25594	-18.126598
-74.67058	-28.709776
-74.328575	-27.962801
-73.97987	-27.898783
-73.89924	-27.507675
-77.17167	-23.96437
-77.67751	-23.77353
-76.86983	-24.787683
-77.98518	-24.26223
-36.077812	89.280914
-73.64975	-25.649494
86.82222	-17.872759
86.91866	-16.94818
83.12515	-19.117764
83.8094	-18.97587
87.03888	-7.8180275
83.63541	-18.30793
83.31995	-18.199602
0.3850194	-53.49746
0.8059074	-53.487057
0.93945444	-53.4883
-59.147427	-46.80623
-59.292667	-46.908722
27.94502	-74.57358
27.945515	-74.57442
27.284502	-75.54062
-44.002953	-67.190414
-45.378197	-65.489296
-43.758217	-64.78779
7.3248925	-32.454582
7.5658827	-31.979006
34.180046	-68.00672
31.19929	-67.57521
31.199324	-67.575096
15.276498	-78.0306
26.738586	-82.171486
24.735521	-80.87061
16.069506	-78.82717
16.751463	-79.44474
15.305499	-78.26299
8.196527	-33.761642
7.81762	-33.507618
7.8256936	-33.54881
30.80314	-77.80597
30.870508	-77.67581
28.419174	-79.290955
28.567572	-79.04225
30.260649	-81.44933
30.161064	-81.49611
28.521505	-82.14045
28.119843	-82.524506
26.91608	-87.23262
18.349165	-80.48629
17.970747	-80.78408
26.879108	-80.476
19.558826	-80.70731
18.526941	-80.86676
18.355843	-81.5488
18.95337	-80.00265
26.686565	-82.02595
49.581264	16.150494
50.565155	16.392307
49.952206	14.956055
49.729904	15.363812
52.716686	-69.5501
52.944866	-69.39002
53.141617	-68.691315
52.500454	-68.396355
52.117847	-68.820854
-60.780193	-22.62158
-60.69427	-22.5919
19.776224	-41.8081
19.881437	-41.26983
20.360588	-41.759876
20.866789	-41.28109
20.6499	-41.057453
-47.52091	-26.296684
-47.541897	-27.041693
-47.483612	-25.770931
-59.37882	-21.557232
51.235832	-67.795074
-55.79153	-42.666927
-54.03314	-43.011696
-53.53998	-42.291313
18.586786	-50.3863
18.781883	-50.482597
18.287102	-50.075283
-47.886997	-58.43004
18.204866	-41.146564
-37.425354	-64.146225
-48.05829	-57.826336
-50.609962	-44.307076
-47.929512	-58.545345
-37.446022	-64.14791
25.628187	-43.131973
-48.53832	-9.39899
-50.07841	-8.920592
-50.397884	-13.913987
-50.613007	-14.38707
-50.08188	-15.7414255
-50.172604	-16.756025
-50.027267	-18.185097
-49.795288	-18.426874
-48.680927	-19.940727
-48.079063	-20.883488
-46.51441	-23.818514
21.736183	-40.10123
68.961525	-3.2565718
-53.574123	-0.082199395
-51.111805	-16.507689
-51.7577	-16.014576
-59.910446	-21.931742
-32.55316	98.57943
-49.28433	-27.545692
-49.73615	-27.742304
-32.413498	98.571625
-32.229313	98.9051
-50.107143	-27.537561
-58.240623	-24.29296
-54.36269	-42.13732
-53.370472	-41.09349
-53.001442	-40.86263
17.335052	-48.9138
16.805231	-48.240593
-29.372189	-47.511066
-28.445904	-45.43459
-28.243076	-45.974407
-27.404486	-46.49065
16.860529	-35.77285
57.663742	-8.13494
-36.296795	-50.505558
17.195734	-45.345547
-29.08261	-38.29137
-29.235765	-44.23773
4.979566	-30.397387
5.7940903	-31.071428
-28.516052	-44.975857
85.72905	1.7589446
85.03006	2.1041634
-48.85687	38.86771
-51.153477	43.567253
-50.724697	44.15355
81.84946	7.4846067
-74.985245	28.073856
-69.4689	34.83023
82.49717	14.319794
-51.06903	43.66425
-48.931656	38.79687
83.91106	16.50596
-38.372616	30.259804
-42.721706	30.15673
-36.256126	29.980825
-35.820454	29.9038
83.92365	16.516384
84.663925	15.944048
80.81582	13.812664
-72.12053	33.943336
-38.71694	30.310131
64.161224	0.6893384
73.46765	1.3549106
70.88427	-4.587284
70.78171	-4.908532
70.737335	-4.9588823
56.535046	11.892181
-81.47222	-32.443424
-53.575478	-18.732796
-52.31478	-18.495657
15.724283	-50.926167
16.810207	64.07515
41.583824	9.330703
59.77528	-10.571317
61.074387	-11.084139
36.522747	-50.82215
16.78427	-42.876945
17.922884	-35.747684
16.614624	-39.015705
39.464943	-17.804323
67.34874	15.103556
48.43016	-0.89432275
49.43006	-0.03303451
47.678326	-0.36067054
46.921574	0.42616147
48.981625	-0.3946208
57.83622	0.57331395
57.832195	0.58923036
68.0212	-15.681486
53.365192	-1.6208822
53.40852	-1.6654446
49.005417	2.7002673
49.09845	4.761758
48.140125	5.342978
48.141914	5.3135543
56.40972	17.334553
56.34637	17.080025
57.17155	16.57606
63.477833	14.678505
56.31544	16.569256
64.79855	16.095638
64.51767	15.943452
45.935402	21.407118
46.039772	20.653055
65.53975	16.67569
67.111206	15.6282015
-57.030495	2.8310053
-57.183712	2.712739
-56.04003	2.3216982
-51.23001	10.640993
-51.19016	10.6592865
-21.02577	-19.217216
34.3995	-12.555899
-20.117592	-20.785788
-61.652317	23.164196
-61.7287	23.329569
-21.116562	-19.690313
34.43724	-12.523987
-56.422123	9.345303
-58.14157	8.579534
-50.077023	11.448683
-61.510277	28.483953
-61.475616	28.459642
-20.155176	-18.659279
-19.83726	-18.530687
20.671707	-32.395515
21.086668	-31.925835
-19.844492	-17.765942
-19.762957	-17.36919
-2.1913466	34.55593
-1.9709084	34.893055
-1.7919526	35.311707
-46.133987	30.832159
-1.2263131	35.62465
-29.212217	86.81044
-52.291473	-0.6609391
-28.981117	85.97381
-29.203691	85.99336
-27.975904	85.27394
-28.035305	85.173676
41.57017	5.0263042
-45.808624	-24.465565
-51.756832	-43.200294
-50.729286	0.5100771
-50.960613	0.5757108
57.950523	5.822497
-54.780148	-3.2583127
57.67465	6.1395636
57.23561	7.0285144
57.515247	6.841129
56.74281	8.185503
-12.82949	-24.154146
-12.89187	-24.195387
-60.07295	25.920504
12.477442	-31.025042
-19.479849	-20.900501
-19.243578	-21.606445
-60.08335	25.812056
12.5277195	-31.272247
85.33079	0.99565893
-66.96746	3.516167
-68.58244	4.0444746
-65.40517	5.6671767
-64.995255	6.0234084
80.72946	5.8820972
81.521286	5.8093023
81.66421	5.238157
80.777115	5.628856
81.403885	6.124283
-68.52678	26.535294
-69.0555	26.417229
-19.184565	101.68206
-19.459633	102.10705
-62.88488	24.311981
-62.872066	24.304392
-22.145731	90.5686
-22.877567	90.54521
-11.510515	23.852121
-22.410103	89.90548
-18.763453	39.327057
-18.904297	39.486137
-19.232637	43.407673
-19.479168	42.728683
-31.765696	29.452734
-31.747137	29.465393
-23.008247	89.96242
-63.085728	8.291146
-20.367283	41.558266
-20.41342	41.407196
-24.089499	-13.886683
37.156376	-25.89816
37.20447	-26.04291
38.510086	-26.848894
2.741997	42.326412
2.7038963	42.463734
-16.936401	6.8870826
56.596615	-4.306656
15.833464	-31.394253
15.495167	-31.703243
47.62612	-1.6217697
-30.289005	26.06542
49.043907	-2.397601
56.58982	-4.2863345
-16.86403	6.797949
2.6403623	42.80022
58.745052	-10.680153
57.898476	-11.775687
57.81087	-11.880066
-47.5073	29.103983
-47.090866	29.632746
-47.744946	30.035545
-49.35536	24.646349
-49.72862	25.220541
-68.56666	35.94815
-66.57338	36.812923
-18.174934	101.44755
-69.20642	36.211502
-40.758198	15.29877
-41.30732	15.030088
-40.947334	15.566794
-41.43844	14.96071
-46.34967	29.472124
-48.46197	30.206955
-45.91984	28.487352
-49.468864	32.872356
-50.612137	36.463245
-51.093452	36.93443
-68.892136	39.734554
-45.67703	28.668549
-45.62345	35.464962
-52.539017	30.351841
-51.4508	30.197088
-73.04148	26.873816
-72.69033	27.382122
-72.36989	36.617657
-71.02107	36.431793
-72.98034	26.411697
-72.8985	27.360767
-71.169044	36.624855
-43.468967	26.943632
-43.94731	26.329174
-43.59069	26.246265
85.94746	0.96141
-49.038853	25.133753
-49.151974	25.551657
-17.72698	42.700886
-17.820765	43.152493
-17.499363	44.550694
-16.765682	44.711304
-17.35563	43.665764
-17.01497	43.3451
-41.08168	28.931156
84.34274	0.89281404
84.50753	0.45930704
-66.26764	10.579528
72.95275	8.993364
72.90664	8.981083
82.188354	17.41621
82.10728	17.29452
-46.74825	45.67057
-46.90764	45.725048
78.33478	17.024279
81.150345	15.614844
81.463005	15.940149
86.10005	-4.3143525
86.25984	-4.0794983
69.17997	5.9945235
76.89314	17.301815
-21.880447	54.114834
-21.888273	54.108128
-31.515566	29.705011
-20.660091	21.267406
69.165306	6.0104055
47.513443	18.71325
-18.174002	14.030892
-23.42502	-14.546265
-23.26047	-13.170474
-41.607616	-33.069984
-23.898474	-15.427563
14.469901	-58.912342
-48.098747	10.151259
-48.3619	10.230332
-63.712135	6.8385873
80.79422	4.120051
-18.53818	101.99251
-67.8205	35.91388
-63.68656	6.7204285
-19.942547	101.394966
-68.329475	31.70457
-67.610016	31.917307
-49.704014	13.00525
-65.35708	10.298035
-50.708836	12.5396805
-51.302834	12.555572
-43.361244	3.2557883
-52.342274	13.146268
-52.352463	13.154752
-53.24	13.575298
87.43174	4.6475244
87.09821	3.9934123
83.94085	20.62392
-76.901955	28.340717
-76.73671	28.298756
-52.042645	-6.3744607
-52.796734	-5.253708
-47.441494	-2.7294197
-54.419243	-6.0139174
19.137894	-34.919964
-43.955494	-20.33746
-23.073086	-24.896572
-26.206434	-41.825623
67.97233	-3.6843033
70.99089	-0.6739472
-43.480225	-41.99375
-42.451233	-41.271797
-42.772434	-42.835472
-50.58185	-46.816906
-38.260445	-52.464375
-38.24888	-52.412304
-37.079296	-63.186043
-51.038364	-7.7057204
-47.31285	-7.522569
-51.247215	-7.460362
-55.003967	-5.109491
-31.20483	98.783775
-62.782883	-24.575607
-57.289665	-25.74934
-57.036674	-25.257837
-56.72339	-25.95261
-56.190716	-26.120417
23.794771	-44.32898
-55.49946	-26.443233
23.407238	-43.946136
22.561235	-40.01523
-48.050053	-23.354712
-47.276333	-23.484158
-46.24915	-3.9143112
-45.344055	-8.906745
-47.7181	-6.5277586
-54.737972	-0.069915
-70.2984	2.4163983
-70.35727	2.2561188
-23.383081	91.963486
-69.39341	6.113574
-69.833244	27.523895
-70.9348	27.417557
-69.19184	30.556086
-68.90745	30.730045
-69.54509	33.50728
-69.05328	33.460987
-68.174774	33.734497
-67.89621	33.961582
-46.342052	38.840332
-42.271564	43.00956
-42.60885	42.700825
-37.928158	36.780384
-46.396732	38.840935
-38.10981	37.14343
-14.984862	97.71101
-14.276682	98.705925
-15.793833	98.69323
-13.025731	99.76821
-12.9829445	100.27542
-13.82353	99.537735
-14.496857	99.54574
-15.448577	99.54188
-15.785876	98.60072
-43.50998	25.351051
-41.945057	30.66354
-44.95913	36.146687
-40.24681	30.881126
-41.41469	30.056835
-44.74282	45.282738
-44.812138	45.369617
-46.47444	39.77113
-47.497	38.702023
-44.58814	45.93379
79.53804	14.22433
-72.85604	35.312855
-72.750404	28.57499
-72.07682	35.663284
-71.62633	35.53759
-16.90872	101.24991
-16.890516	101.238266
-37.702194	34.761543
-38.56474	34.235165
-37.84233	34.53266
-38.50812	33.496166
-13.548461	97.51255
-15.846224	97.14604
-38.25833	40.79862
-50.409817	38.187584
-60.791775	44.897255
-60.105812	43.665997
-61.160072	44.8776
-60.05335	43.560913
-62.345573	44.963047
82.86263	13.341983
-63.386616	41.49145
-63.582478	41.336285
-38.114864	42.106552
-16.445229	92.97032
-35.695114	36.601646
-41.695038	32.336643
-40.883583	43.922512
-45.94196	40.51611
-38.05346	43.62752
-38.022263	43.72245
-5.2244806	45.649303
-4.4571085	45.286793
-5.077264	45.327187
-6.080382	44.668034
-7.02818	2.1136718
42.236473	24.475883
-39.97986	-38.061184
-40.639915	-38.314392
58.80829	-8.723178
58.770454	-8.7343445
-16.26949	5.8795342
57.943253	-7.3450274
-15.729568	5.6594567
-15.170841	5.3762813
11.256355	46.724495
-17.662346	15.28332
-17.526852	15.714735
11.494833	46.387676
48.4997	17.727558
8.4446535	39.44683
8.28038	39.65239
8.421159	39.864548
7.606252	39.85076
9.417304	46.290276
9.09324	45.900692
10.783521	45.748386
9.993391	41.492672
43.7551	23.00752
10.013934	42.15865
43.608067	23.464817
10.845967	41.82621
-9.74238	0.90860355
67.5043	17.789532
-9.206884	1.904679
-9.864229	3.3313446
-9.573284	3.984553
-9.468467	4.361977
10.814713	46.447964
7.8038616	45.999676
10.361649	45.75897
10.152577	41.054512
43.963913	23.390112
11.00998	41.879864
43.9583	23.728775
67.49724	17.791956
-9.246756	1.8572822
-10.736667	3.0411568
-7.604939	2.1224537
-11.890599	3.5660841
26.870102	63.946026
26.60602	64.483574
26.610912	64.47318
36.244434	80.581055
36.19534	80.71897
64.41861	1.0120597
63.913273	5.7060227
57.392548	9.269568
-55.550564	1.3634164
58.056202	7.6137156
57.121258	8.684998
37.775246	1.0724994
37.898663	1.2420752
-11.437044	-23.51735
-44.82408	-19.218536
-11.251777	-23.687351
-10.954647	-23.755194
43.052006	4.5969677
43.401016	5.514886
43.50303	5.280906
20.748774	-38.42955
42.52104	5.6163106
42.828278	6.0778694
43.078533	7.3032784
42.755924	7.378108
21.54705	-55.29168
-58.240147	-44.8831
-49.523834	16.69265
-47.654465	16.104662
-37.812782	29.58877
-35.261845	36.243088
78.06762	14.758776
78.10607	15.330622
-34.432728	29.94089
1.6684743	72.540344
1.1238921	75.11797
1.1244718	75.11759
1.7724782	72.18696
79.07341	17.315014
82.014656	19.436697
79.11642	17.350363
83.60617	18.95553
-64.14181	25.069996
84.22764	18.617527
84.74185	17.674845
-58.135548	-44.60027
-57.846073	-43.424744
-45.967136	-62.931374
-45.85536	-63.05286
-44.707935	-64.17278
-44.174595	-64.18649
21.52104	4.6695023
22.193459	5.0569057
22.483034	5.3015604
22.485971	5.985367
23.533657	4.7672663
-29.659733	25.175182
34.6886	-59.594753
35.045547	-59.335526
-51.376984	-48.673496
-51.0681	-48.65922
14.889268	-43.6974
-45.32394	-53.212856
13.38879	-42.81723
-40.2793	-63.534298
12.990551	-41.76517
12.948914	-41.45465
33.614975	-58.96481
36.113255	-59.393383
-29.581959	-36.33505
-32.59452	-37.71685
-30.982586	-35.642986
-50.462543	-45.673264
-29.308426	-36.647026
14.936463	-44.468662
12.24745	-39.235638
-28.21954	84.2231
-26.92074	-43.40706
-26.119555	-42.803448
-38.038754	-40.334423
53.084084	-35.216488
-37.190216	-43.073856
-46.935707	-49.524727
-40.79812	-53.885708
-41.264988	-53.51725
-40.578312	-53.531853
-41.433537	-53.27558
-25.812862	-38.852833
-25.339617	-40.54856
-25.573927	-39.15203
-24.38653	-41.59521
-38.971474	-42.457718
-40.238182	-41.905758
-38.545567	-42.569664
-42.10895	-41.154617
-33.723873	-38.736294
-33.310825	-38.405796
-38.629246	-67.07588
-44.86219	-55.53355
-40.408405	-68.15609
-40.599396	-69.0198
-39.509914	-68.32169
-39.193203	-69.61654
-38.674248	-68.41205
-24.49213	-41.228333
-39.473587	-44.325813
-54.152985	-47.532272
-39.402843	-45.363846
-39.580795	-48.184475
-39.044247	-46.449257
-39.625465	-48.69121
14.120521	-46.601185
-45.883343	-52.46783
-45.883537	-52.46823
25.605663	-85.851974
15.259111	-47.1957
25.816507	-86.93423
26.14331	-86.90204
25.959152	-87.24742
-41.113293	-69.671715
-40.503017	-69.89219
-39.913677	-70.02985
-42.021397	-45.561115
-42.22853	-45.655838
-39.178066	-45.58421
-50.482204	-50.419384
-40.530125	-56.687828
-45.87085	-51.06152
-40.683	-57.84476
-40.695522	-57.89542
7.6203346	-42.215546
7.151556	-39.066605
7.6855254	-42.100883
6.995848	-39.3647
8.875615	-44.240955
9.195362	-44.594704
-47.8728	-1.0391109
69.79926	-3.2896295
69.98118	-2.3793902
-43.447433	3.0563905
22.407558	-32.316753
44.389046	20.004158
45.852882	20.06455
45.967426	56.874477
45.970722	56.896946
43.768967	19.646177
2.063361	75.39755
51.250736	6.855508
-27.485546	-17.883118
-63.09113	33.775936
19.51106	-33.910416
-27.446175	-17.877659
-65.63479	30.832
-63.02429	33.44999
12.212862	-37.487206
13.535538	-32.94316
-45.545467	-2.8467937
-71.19924	0.88188416
-42.378445	0.73588955
74.390526	0.25335878
-54.501465	-22.080387
50.698933	-67.23132
-42.384735	0.72285444
-54.568718	-22.16296
-57.36932	-22.734425
-64.44317	28.879353
-64.5607	30.231514
-64.43548	28.752674
-62.863804	35.79292
-45.457714	-21.975306
-49.250393	-28.730387
-48.726414	0.99335396
-48.895863	1.7259378
-48.603657	2.6052794
68.90119	-1.8453645
-49.211617	6.6039853
23.540033	-42.866463
25.34188	-43.491455
23.011757	-42.66509
20.194534	-39.600403
20.220505	-39.48694
-44.7991	-19.909433
-48.20904	-0.9305432
20.12122	-56.674915
-58.666195	-25.61698
-58.66626	-25.406052
17.441902	-30.575584
-45.763035	-27.21491
17.465626	-30.5996
-44.893196	-42.04065
-54.75693	-42.444065
15.903754	28.625149
22.468723	7.8939767
-44.96642	-66.90518
30.280518	-82.059616
-44.946537	-66.478386
-43.232162	-65.55289
-41.72786	-64.66476
-42.442028	-65.3047
22.83224	-60.205227
-37.49651	-44.366856
-53.397457	-50.45878
-35.314007	-43.303024
-35.693752	-43.336792
-34.602596	-43.152477
-30.849373	-44.5567
-30.335608	-44.46612
16.183867	-46.669735
13.223002	-45.134624
12.985115	-45.070267
12.349178	-44.306614
-23.8348	-41.917377
10.497897	-45.123375
18.269836	-6.1986527
-23.091665	-12.410179
5.201035	43.40802
5.20807	43.419052
18.266405	-6.194401
33.161167	82.81794
56.078056	9.916971
63.445244	5.4718943
63.429443	11.052514
63.663586	11.117524
55.33146	9.597714
72.874504	1.6144568
50.304066	0.58006054
49.004845	1.624256
50.849873	6.372465
49.976166	0.9082916
45.810986	5.1231117
46.559628	5.6087713
59.214046	15.470796
63.029118	9.958183
59.24241	15.405429
63.829704	15.112844
56.09717	1.9756484
0.29199722	48.67217
54.90045	7.7808695
0.28331405	48.676647
-47.951363	3.3479252
65.42258	4.34477
22.814554	-32.431583
14.532103	-58.85361
-24.01939	-49.04653
-23.979269	-48.767998
-23.891542	-48.015255
-30.029856	-49.0223
-30.405718	-49.84512
-26.93983	3.6209526
52.20302	41.869312
-30.162416	104.56472
57.52705	28.424082
-27.526302	3.385438
-30.199411	104.571144
52.320053	41.860462
-27.800209	3.4883897
-33.75612	-3.9903898
22.513487	31.204231
26.342916	31.069344
27.036007	31.016684
26.429201	31.06269
24.652523	31.185017
21.74089	31.140926
21.84716	31.15059
54.17575	33.05607
-9.290988	-14.911408
-9.330246	-14.903555
-10.586206	-14.806019
41.607758	-12.824384
40.78643	-12.095711
40.425083	-12.134086
-11.388574	-14.837349
40.901165	-12.341799
-20.201326	-4.5239844
-20.29737	-4.622219
-17.949575	-7.04484
33.396004	13.762956
-17.208998	-8.149639
-17.133783	-8.309188
-42.739105	-11.222287
37.633244	-14.043201
-13.887846	-0.2555383
-13.92408	-0.2236149
-12.27514	-0.55690736
-12.17778	-0.149097
-12.255747	-1.3273817
-8.39817	-5.5147734
-10.772477	-3.3594484
-10.810406	-3.7244418
-5.219354	-11.010815
10.044826	54.09831
9.304079	54.52071
9.323447	54.48817
9.173615	55.965237
8.218808	54.711666
-82.13357	25.137314
-82.995766	25.11021
-82.48174	25.898472
-83.14512	25.504278
-82.37511	25.51694
-80.20164	27.289858
-9.131766	96.25094
-82.63525	29.473965
-83.363846	29.638187
-83.314804	30.281889
-82.91803	29.968327
-82.434204	30.269558
-9.484136	97.87075
-8.6961975	94.4513
-9.391558	94.28842
-9.099892	94.48279
-8.783425	95.26015
-81.4609	26.96023
-8.389865	97.46531
-7.956347	96.75623
-7.879205	96.8877
7.933652	94.416466
-8.223363	55.27031
8.123386	94.65677
7.705124	95.23299
7.232103	94.97015
6.856351	95.45152
6.654787	95.50066
25.312654	84.89136
24.524954	84.43614
25.00554	84.42299
26.163134	83.325386
25.611563	83.681915
24.859896	84.88713
23.381071	-13.011396
23.344154	-13.023589
27.881216	-11.986882
27.486341	-13.3947735
26.627985	-13.04673
25.863384	-12.422228
27.705997	-12.585159
25.913061	-12.376422
26.290813	-10.649912
26.729994	-10.097645
27.144394	-6.799818
27.1165	-5.6676974
28.259201	-4.5879464
26.99976	-7.0236254
27.248365	-6.13947
28.254114	-4.71051
-30.70328	-27.355196
-25.696615	-25.766348
-24.875145	-25.743713
-24.524586	-26.18457
-24.928198	-25.162806
-24.389963	5.0803995
-23.97892	4.1535735
-25.283394	2.665718
-33.581074	-6.3873515
-33.649387	-5.0881968
-33.66476	-4.8973475
37.03223	-12.386979
36.76018	-12.093324
37.32368	-11.504096
35.987923	-11.410558
35.730614	-10.781588
36.2367	-11.039626
-26.332308	-23.510725
-26.026714	-23.718994
-26.143791	-22.780743
53.256912	34.310368
-24.412466	2.9344769
53.53017	33.723236
40.709198	29.16244
39.648773	29.060877
23.228682	-4.512803
23.893246	-3.794586
23.466757	-4.565974
-7.242708	-6.3341956
-7.3609624	-6.3205786
-8.704123	-6.5219564
-8.80654	-5.8946857
12.299972	-33.23527
29.56679	-0.83878714
28.95741	-0.62032425
28.71088	-0.60214686
-10.6522	-5.566397
30.073868	-1.1022543
-15.347375	-0.15788488
-5.345678	-9.739493
-5.379367	-9.526007
-5.542367	-8.929993
-5.6025968	-8.623589
23.740068	-7.139916
24.288765	-6.8397703
24.268667	-6.8355465
33.477104	80.743744
35.313267	78.13668
35.559437	77.51198
34.75214	77.58785
34.230255	78.31344
33.818172	79.58719
34.077763	79.67984
34.24103	78.91502
-26.283024	-60.45895
-12.909619	59.594246
-13.07467	59.52265
-11.828251	59.56814
-12.097762	62.582397
-12.125792	62.469013
-11.840718	61.465458
-11.818344	62.818745
30.03382	84.76094
30.25336	84.49294
30.413078	84.209885
30.21077	83.4846
13.226814	76.18767
30.272629	82.96886
13.876214	76.53403
13.69332	76.42727
27.361456	86.80789
27.03689	87.53818
27.260075	87.81415
27.35282	86.69867
-10.801916	58.36386
-10.848273	58.536087
-10.327476	57.881092
-23.710709	31.879795
-21.985725	30.156788
-21.952383	30.102665
-23.847437	31.84944
-23.429361	32.251743
-9.354459	57.88037
-8.420232	56.535625
-6.9391694	57.985596
-6.5196495	58.418224
-7.373102	61.70585
-7.892483	62.33685
47.064247	58.17907
46.995945	58.68844
46.61856	58.281708
46.647003	58.799026
46.252296	58.652313
44.631096	-35.66666
-29.771883	0.23847908
-29.788774	0.2409054
-55.41316	-64.34755
-55.236027	-64.86677
-56.005123	-64.29866
-56.28013	-65.18949
-55.566624	-65.73789
-56.427525	-66.04946
-57.404907	-66.28662
-56.914238	-66.856224
-56.436504	-67.24802
-57.444233	-67.28114
-56.760567	-67.917946
-55.25617	-67.25515
7.7402596	-50.81395
-55.47627	-67.75982
7.723436	-50.797832
7.8350234	-51.086246
-11.012613	-37.953907
-12.497468	-37.7162
-12.151351	-37.740208
-11.129908	-37.807014
-10.636693	-37.624584
-26.623724	-0.9314989
20.61371	-54.30533
20.970732	-54.584026
34.257465	13.422762
34.132526	11.756098
57.925587	24.632906
58.045044	23.336267
57.217	24.197334
57.392952	25.103346
56.74036	26.57458
56.954697	24.605406
56.342354	24.463976
55.732933	25.060257
55.57106	26.51344
55.172516	26.661135
55.667885	27.367474
56.16074	27.598452
54.456753	25.318604
54.767406	24.466625
37.81275	9.734454
34.718384	10.019652
37.022457	10.380278
33.61673	8.306984
35.753284	12.990552
35.539295	12.64732
35.712456	12.166858
37.136227	11.633316
37.55424	11.530615
36.96278	12.449484
39.966877	-23.418047
40.15796	-24.003376
39.00109	-21.124252
37.662758	-19.79445
38.373436	-20.102406
37.695786	-20.201014
38.08442	-19.77038
-24.333973	-32.186188
-25.021774	-32.017307
-23.717299	-31.522615
-23.611912	-32.20393
-23.402985	-31.137066
-24.519913	-31.42253
-14.466218	-25.750647
-22.30432	-31.179522
34.116955	-18.181448
34.07837	-18.130978
34.06736	-18.156778
34.451687	0.79531056
34.418804	0.91590565
33.774345	2.594589
33.786	2.8046615
33.662685	5.2388177
33.324226	7.5205984
32.643044	8.207254
32.02714	7.228698
34.47967	6.580277
33.024403	6.8507376
31.826086	6.966607
15.893267	63.63886
35.457695	31.206886
35.344177	31.256565
15.779086	63.594334
19.07034	-55.46566
16.879347	-55.00641
16.700361	-54.94041
-32.223164	-34.032852
-32.258556	-33.93158
13.16447	-54.94056
12.769011	-54.897285
13.322142	-54.393524
13.080625	-54.197617
11.942232	-53.15416
11.896103	-53.19642
25.394781	2.2016573
25.219286	2.3218327
25.795805	-0.35848546
26.03464	0.30290392
27.100214	0.91201293
26.529741	-0.4530719
24.748486	-1.1316065
24.504595	-1.2603203
11.7952385	-43.30922
4.9169	54.68819
4.96675	54.701157
6.0494137	54.86588
39.45739	72.00004
39.396767	72.14839
38.769783	73.44372
38.909756	73.75242
38.622906	73.83895
38.552418	74.316055
-23.269114	0.42626083
-24.49925	0.32100108
-24.687195	0.18491149
51.785995	35.131344
51.675613	34.226387
51.44065	35.1024
51.191402	35.672596
51.04718	34.571735
50.861393	34.03869
16.724405	21.416666
16.881994	21.524643
17.144983	21.689768
17.795185	22.19334
17.830206	22.21571
38.16091	13.925664
38.236332	14.0040655
36.89665	26.952368
37.973022	27.226734
37.734947	26.86605
-25.527311	3.7897463
58.74807	39.83055
58.039604	40.03805
57.698505	39.83875
58.81858	41.486237
57.429302	40.800537
56.787395	41.121582
56.73594	41.609028
56.991047	42.01641
57.7887	41.657314
-1.1593331	56.52295
-0.7560804	57.14513
-0.6847063	57.5054
-0.49936694	57.653698
19.657967	69.97119
20.78146	68.24006
20.850613	68.56403
19.272196	69.53235
20.037344	68.96383
20.478474	69.41663
18.754164	69.25707
18.690052	70.274864
22.558496	69.27347
22.900843	69.71808
37.798183	30.439184
23.550673	69.36602
24.956064	69.76315
25.487999	69.29364
26.174467	69.75216
33.111603	82.12693
33.400497	77.35794
25.363285	68.47098
24.092937	68.6778
24.707653	70.12647
-37.919308	-35.70882
21.098236	-61.020496
16.419548	-57.091976
-28.003876	-32.59139
-30.304806	-31.931326
-31.320272	-31.480515
-31.736021	-30.932737
-30.685743	-31.051882
-31.714512	-30.368504
-31.582346	-30.184877
-25.995083	-29.078697
-25.772976	-29.06683
-26.663641	-28.66998
-26.650047	-28.087173
-27.68486	-27.072617
-28.13925	-26.084307
-28.758377	-26.174515
-28.92991	-25.551498
-36.353832	-26.464243
-36.92746	-26.32449
-37.522728	-26.169502
-37.835674	-26.082615
-23.176643	-27.541122
-44.291744	-8.255081
-44.325485	-8.697093
-44.246517	-7.9568787
-42.53625	-7.4383345
-42.30901	-7.4395933
-43.340534	-10.402567
63.796555	35.636116
62.97628	35.16931
63.58618	35.249672
62.94296	36.092007
63.5131	36.488976
62.277172	37.100227
62.600094	36.935905
61.30552	36.089283
-2.1931038	56.657146
63.32534	37.403122
-7.778949	56.89637
-7.666658	57.49503
-7.7410784	59.59694
-7.4743147	59.919445
-5.880839	60.52494
-4.591229	61.427757
63.8305	38.60721
4.5911584	69.90054
5.555429	69.263405
5.4813075	68.671265
5.5469675	68.43506
4.2574143	68.94203
4.174607	69.340065
2.8821523	70.02227
2.3209662	69.04354
2.2084155	69.810684
2.2010932	69.40559
0.0823034	66.76682
-0.091607206	66.490746
-0.20777969	66.31678
21.190233	51.437054
21.14627	51.427376
12.0439825	71.871605
12.116786	71.90849
13.045208	72.36635
13.091261	72.38159
24.706127	87.80005
16.633797	73.92309
16.77142	73.87462
16.025837	73.01103
16.081673	72.91773
24.36775	86.629036
24.45087	86.718704
19.553848	72.80689
19.10185	73.88524
19.68505	73.04362
19.892096	73.216515
-3.646535	61.703785
-2.5547884	61.11752
-2.4984846	61.097797
-1.5435131	64.22658
-2.036839	63.54066
-2.218386	63.866722
-2.9216294	63.42658
-0.78703374	63.579662
14.499602	63.08295
-35.779713	4.7479954
-35.78027	4.7487397
-35.071743	99.90796
-35.297768	99.74848
-85.729164	-17.376968
-35.647358	101.0757
-36.134438	100.204765
-36.69865	100.45473
-36.192673	101.08308
-36.684727	101.180595
-86.59461	-16.513151
-86.38447	-16.329243
-86.9735	-16.083933
-86.94798	-15.55501
-87.17514	-15.215853
-35.949123	102.56966
-39.011738	-8.380972
-38.132294	-8.57174
-37.632538	-8.613001
-37.040096	-9.490193
-37.00998	-9.584177
-39.495296	-12.212334
-36.444035	-13.2703495
-36.18328	-13.024581
-39.21437	-12.4821005
-36.115593	-13.84566
-35.762783	-14.619662
-36.25178	-14.900589
-35.8051	-15.390956
-35.80551	-16.156012
-36.174793	-16.44224
-31.380981	104.41658
-31.681068	104.182274
-32.197178	103.808914
-32.931686	103.400734
-33.36532	103.012184
-21.194454	-5.2737193
-36.56824	97.355545
-83.27088	-27.640072
-36.429127	97.49912
-70.28272	-24.064342
-69.87658	-23.696432
-69.49038	-23.362732
-68.510635	-22.541355
-68.086975	-22.237885
-67.4035	-22.209084
-66.90196	-22.13601
-32.120808	100.1644
-37.14269	-19.916758
30.57317	19.634037
30.90144	19.487843
30.568542	18.919582
30.575466	18.940022
-17.283365	-9.62606
-67.87614	-27.121904
-67.900154	-27.076088
25.341349	-55.252285
25.504395	-54.801975
54.9604	41.785633
54.851997	41.822124
38.789173	28.799044
38.30061	29.312006
38.461655	28.884062
-37.145046	-19.992887
25.005201	-44.701225
-77.882225	-35.62627
-76.275444	-36.397427
24.000908	-54.999634
24.166264	-55.34805
24.407711	-55.252007
-66.01154	-22.768257
-43.517056	-63.065628
7.99871	-55.181633
8.188352	-55.19618
7.9471335	-55.19029
-36.730694	-62.43658
