52.823196	56.829514
53.17187	53.95621
54.06985	53.02282
54.14879	52.815605
54.1044	52.970985
54.201496	52.796585
54.152714	52.853054
54.167572	52.974518
54.21156	52.709126
54.413204	52.131424
54.206604	52.60258
54.212914	56.488827
47.884666	48.814636
54.170734	57.03493
47.995846	48.81094
48.057266	48.431114
47.791084	49.149055
47.879517	49.044952
53.961082	56.680363
54.229843	56.977478
53.808132	56.613438
53.819027	56.68009
54.223286	56.587887
54.08656	56.330963
54.093525	56.259815
53.886692	56.19783
41.21207	49.5296
54.316994	49.71649
52.304424	57.44815
54.537308	51.71883
54.068233	52.15665
53.90304	51.87628
54.049076	56.050182
54.21905	56.14999
54.121086	56.560726
54.36453	57.198204
54.241005	56.72665
54.363926	56.991898
48.430695	57.604374
41.27557	49.42389
53.41547	49.386703
41.08034	49.15935
53.411144	49.45472
41.103878	49.164173
41.146782	49.19704
51.917984	57.56343
54.285988	49.692467
51.97156	57.736423
53.452023	56.016605
53.50539	56.042557
53.466946	52.10264
53.43727	51.98507
54.431564	52.162952
54.443604	52.281055
54.340874	52.278267
54.43443	52.177628
47.893932	49.07458
48.01471	48.301086
51.958954	57.889706
52.119595	57.237045
54.326088	51.962646
51.99665	57.826363
52.349823	57.901344
52.562977	49.817085
52.55017	57.229702
52.344456	57.72643
52.627922	57.385654
52.2615	57.606365
52.31755	57.741528
52.210247	57.804634
52.660248	57.477646
52.197487	57.966633
52.23615	57.989952
52.210423	58.017796
52.995296	49.70345
54.13791	52.192097
52.146236	57.387966
47.66927	48.57915
47.66491	48.65907
52.45969	57.62682
51.87577	57.10359
52.134365	57.39926
52.55708	49.8075
52.25406	57.71521
53.50841	49.7537
53.39787	49.25585
52.63015	57.419018
52.161606	57.8907
54.361748	50.658867
54.40117	52.166054
54.29368	50.73232
52.51904	50.09175
54.31267	57.245285
54.451565	57.218216
41.309155	49.433235
51.866222	57.170383
53.704536	52.664574
54.00794	52.390865
51.628838	56.752728
41.173027	49.483864
54.29844	52.242287
51.93973	56.907425
52.513885	50.048054
54.106842	52.01055
52.484585	49.962624
54.189957	57.36633
54.22098	57.318302
54.342175	52.3116
53.15941	56.25628
54.165157	56.422153
54.26717	56.982662
54.200867	57.1902
53.154842	49.66262
53.026073	49.700314
54.36335	52.021404
54.073746	51.37452
54.469296	51.72487
54.300983	51.702854
54.36897	51.559147
54.26853	51.84556
54.06099	52.14563
54.086517	52.230217
42.32585	48.949223
42.327225	48.963795
42.351612	48.93782
42.35485	48.97729
47.6185	48.609608
47.645786	48.60388
51.96625	56.85439
52.2784	57.196373
54.18089	51.808155
54.204536	52.366325
54.25532	52.249504
54.054134	57.31881
54.386486	57.208157
53.662903	56.0124
53.680317	56.124424
53.890167	52.542618
53.699997	52.709198
41.073505	49.43149
41.113457	49.36482
41.12196	49.436806
41.134384	49.497658
54.43318	51.81156
53.998425	52.509136
54.045258	52.474243
53.93225	52.29265
45.160393	53.312283
54.532738	57.210182
54.50255	57.251144
54.52902	57.26059
54.29581	57.26573
47.544525	48.868595
47.52594	48.889427
47.637207	48.835407
53.982254	56.376568
54.251865	56.776474
54.056984	56.321396
54.160675	56.398678
53.35366	52.054928
54.00675	56.246727
53.923843	56.29663
53.972202	56.260586
54.046513	56.74622
53.301903	56.279835
53.270622	56.493565
53.246265	56.348633
53.24342	56.32387
53.00277	56.717724
54.51178	52.010303
53.2974	51.985546
53.15578	51.892616
53.43855	52.01387
53.359062	51.94058
54.110657	56.21095
53.589954	52.069706
52.08261	57.318928
54.26781	52.07197
53.930588	56.17406
53.143593	53.89323
52.7799	56.835884
52.574352	57.22172
52.55872	57.175426
51.941376	49.407898
51.892742	49.45819
52.112972	49.38081
52.07883	49.91711
52.24157	49.85128
52.348858	49.804764
52.110405	57.78479
52.03422	57.851547
52.47404	57.05312
52.398342	57.106693
54.17596	51.485374
54.204205	51.57635
54.30641	57.22346
53.83136	51.96689
51.89522	50.051617
52.18805	49.87386
54.248363	52.031208
52.636456	57.443382
52.604324	57.465466
52.22169	57.988007
52.646763	57.451344
52.63206	57.464104
49.018238	56.850227
49.64925	48.088207
48.663822	47.981403
48.872696	56.669422
51.765114	49.248337
51.739037	49.26184
51.750435	49.31502
51.795788	49.040157
51.712498	48.972637
51.825966	48.58053
51.80876	48.228855
49.871277	47.431595
49.835594	47.427483
49.541378	48.188133
49.536213	47.62493
49.743053	47.44808
54.25984	49.43865
49.227776	56.692963
51.70991	57.313366
51.840324	48.61186
48.431335	57.24451
48.593075	57.614727
48.65037	56.92847
49.039246	56.81561
49.294968	56.55676
49.29645	56.57689
53.085854	49.053215
52.940098	48.992355
50.550377	48.1152
50.375114	56.23526
50.43647	47.920826
52.10431	47.711357
52.29096	47.728638
50.486248	48.015205
50.399815	56.223446
53.337143	49.612377
53.191376	49.55526
53.74817	50.032505
52.53809	47.935524
52.5602	47.89033
54.22281	50.00973
41.731354	49.151794
52.10229	49.25347
41.713715	49.1704
41.722904	49.148594
41.659454	49.077515
41.601196	49.052303
49.062	56.531437
52.354656	49.260925
52.24417	49.146366
51.66227	57.12638
50.872234	48.07783
50.434677	47.96036
50.45179	47.858
49.17895	56.70931
53.01683	48.48135
53.153378	48.490887
41.206955	48.87263
41.11208	48.853146
52.612164	47.85139
52.547146	47.833344
41.220264	49.28338
41.38528	49.31929
54.482353	52.153454
41.28766	49.386497
41.294067	49.297523
53.25997	49.358994
54.14711	49.73835
53.893883	49.437145
54.11547	49.5019
40.986965	48.790825
53.118675	48.133945
53.967297	49.117363
53.927616	49.13242
53.987934	49.087852
53.953384	49.163498
54.1147	49.80952
54.248253	49.45513
54.117214	49.1955
53.11501	48.00499
54.165997	49.85342
54.19648	49.62031
53.979225	49.699028
54.082424	49.774063
54.008778	49.85779
54.104946	49.53016
51.754467	57.084473
51.771496	57.13673
53.12964	49.19276
53.140514	49.194187
41.155476	48.85564
41.17487	48.854797
52.91842	48.019962
53.387577	49.300728
53.32031	49.27705
53.43597	49.26048
52.782547	48.856762
53.27766	48.970673
53.22807	48.988594
53.26853	48.843914
51.957043	57.52011
51.947662	49.116093
52.119274	49.25852
49.290775	56.811398
50.07286	47.6473
50.15417	48.063347
49.87705	47.664116
48.00268	49.043114
47.847294	48.983135
48.04428	49.05185
48.312897	48.23043
48.808407	48.427605
48.76011	48.435425
51.848644	49.173325
51.757164	49.305943
51.879005	49.169598
51.917686	49.29736
51.650715	49.558502
51.90627	49.338524
41.196735	49.07128
53.151684	48.595127
53.019722	48.12583
53.037884	48.070835
53.03343	48.04899
54.3867	50.035538
54.36296	49.76622
54.150925	50.30126
53.875465	49.50703
40.489834	49.00232
40.460434	48.943733
40.504883	48.894634
40.50735	48.899624
40.55787	48.897366
40.549603	48.890457
40.510082	48.87918
54.04338	49.645897
53.148193	48.2571
53.141445	48.14693
54.278275	50.38704
54.298115	50.183285
54.255276	50.34383
54.28231	50.27278
40.48864	48.972324
54.21358	49.32052
53.867184	48.73586
54.375946	49.79346
48.25275	49.541904
48.107414	49.432266
54.50483	51.61967
54.445248	51.48694
50.939594	48.0597
53.40726	49.36184
53.859306	50.222298
54.19235	50.151215
52.46543	47.807907
48.568977	57.052925
48.627117	48.06094
48.56329	57.021557
49.455963	47.590607
48.582214	56.898895
49.337517	48.699806
49.10789	48.778534
49.066135	48.80054
49.454002	48.454933
48.552387	57.14602
48.720493	56.77768
49.863132	47.58567
49.781837	47.534187
48.169437	49.34774
54.401764	57.083157
48.143993	49.418633
47.919098	48.37276
48.601536	48.451576
48.701153	48.34914
49.84225	47.911926
49.664722	47.667385
49.80102	47.841434
49.463665	47.510315
48.097965	48.97886
47.904858	48.92319
48.254253	48.947334
47.828117	48.851658
48.4401	48.767353
48.448616	48.592785
48.826492	47.730827
48.65199	47.94615
48.926003	47.663227
48.965145	47.61745
48.946274	47.592445
49.05876	47.603
49.478912	47.56577
48.045044	48.642628
48.191036	48.71374
48.27694	48.67039
48.265335	57.07864
48.3919	48.13267
48.403133	48.125874
46.10069	54.336037
47.95131	48.996048
47.80436	49.07631
48.140324	48.756653
48.53067	48.475063
48.26575	48.230186
48.482887	56.76732
48.58506	56.76832
48.48286	56.84245
52.307903	49.223774
52.3732	48.96876
49.64134	56.76908
51.040554	47.77758
48.97993	56.955425
50.486767	47.789944
49.06946	56.517048
48.852516	56.74991
52.298958	48.910446
51.628983	57.130306
52.131237	48.553467
52.161125	48.412453
52.5112	48.15182
52.681324	48.0191
52.71058	48.164314
52.368446	49.306057
49.103394	56.828716
49.12215	56.794468
49.111908	56.782207
51.153446	48.13611
48.87247	56.95882
49.96439	48.00557
48.855606	56.98884
48.07168	48.89489
48.395267	57.521347
48.195744	49.38968
47.989967	48.476456
48.219475	49.387646
48.2464	49.393738
48.439312	56.997265
48.5454	56.93246
48.462955	57.011578
49.36115	47.56678
48.410454	56.968838
50.009174	47.502495
52.880867	53.548397
52.766968	54.176838
41.545296	48.954666
52.897125	53.661022
41.51036	48.898968
52.82746	54.08508
52.864845	53.933167
52.931164	53.436245
51.242035	55.50077
51.269268	55.472424
51.32986	55.351444
51.167995	56.20143
51.17971	56.278595
51.095345	56.21569
51.084972	56.234337
50.931797	49.499306
50.730186	56.010876
53.733078	49.574055
40.134514	49.120632
40.34951	49.055622
40.204258	49.293804
40.20368	49.27903
40.18631	49.267487
40.133617	49.31997
40.21538	49.250965
40.19932	49.254677
40.251755	49.245686
50.17275	48.662807
50.27343	48.73572
50.24055	48.826958
50.216717	48.827824
50.146893	48.75673
51.617886	50.181427
52.051437	50.25621
52.146137	50.260345
50.586926	56.123802
50.546673	56.118668
50.534428	56.122677
50.459045	56.15485
50.466328	56.152092
50.238472	48.80792
50.238007	48.847908
50.289497	48.769203
47.661156	48.783016
54.139637	50.608097
54.001877	51.19376
53.986595	51.196136
54.10971	50.60845
54.40288	57.28348
51.794884	50.27072
51.811012	50.177177
53.417572	52.529243
52.978626	52.329956
53.260654	52.50315
53.38721	52.53253
53.541664	52.54135
51.656483	49.882137
48.319042	57.570557
48.31031	57.561043
50.99823	55.8576
51.47278	56.071674
50.925575	55.859684
50.842648	55.800316
50.87384	55.812454
50.883842	55.8347
50.858833	55.80302
50.194138	49.510746
50.14269	49.497265
50.191174	49.50009
50.16492	49.476334
50.198284	49.49042
50.17947	49.47329
50.422844	49.329254
50.21619	49.453094
50.64365	55.973293
50.653416	55.979626
50.688145	55.973476
48.373196	57.530525
48.353542	57.48738
48.404976	57.465473
49.130116	48.70795
49.14019	48.72682
48.466187	57.4754
48.53646	57.458313
48.496387	57.536133
48.47605	57.411964
48.52823	57.230717
48.52383	57.23858
48.549637	56.981663
49.64002	49.12233
49.571445	49.05033
49.5897	48.797382
49.655632	48.790695
49.638107	48.803497
49.635654	48.705425
49.68574	48.713478
50.05415	49.210968
50.07984	49.205647
50.057068	49.29631
50.05844	49.091457
50.017693	48.94096
50.023415	48.900127
49.98855	48.758083
49.99359	48.800606
49.85528	48.430676
49.907196	48.401188
49.827362	48.29065
49.818905	48.29598
50.158146	49.169334
51.58313	49.72367
51.4828	49.697285
51.6394	49.643864
51.768555	49.906666
51.81401	50.07655
51.344643	49.62372
53.761196	49.619774
53.68687	49.60969
51.504723	49.828358
51.515835	50.0578
51.593254	50.152115
51.432228	50.240883
51.531677	50.29368
51.21878	49.73752
51.11752	50.303547
51.05554	50.34512
50.984997	50.094353
51.06869	50.345104
51.080727	50.400444
51.03856	50.385223
51.01947	50.411682
50.97461	50.42738
50.98168	50.398693
45.060757	53.650085
