7.637803	5.280922
6.6261153	5.9763784
8.611385	9.447437
7.716652	9.460485
8.079453	10.000885
8.798109	7.558654
7.2582116	6.0036955
7.9599843	6.1606054
9.003141	6.1389484
3.2763786	7.9891644
1.8073845	7.8200445
7.1903257	9.227282
1.4049083	8.346824
8.981981	6.526356
5.027465	6.411335
5.9640436	5.732147
8.3708315	8.5260515
7.611074	8.346469
8.792232	4.748259
7.931977	4.873947
9.346499	4.6317625
6.8001823	5.7373753
8.282867	6.504446
8.373503	9.561844
2.8486516	9.255141
8.846228	5.598419
9.121587	8.49161
8.2074995	6.352142
8.900745	6.2007346
4.1555142	6.571735
8.126776	10.373426
6.9553404	5.6353955
8.439926	6.9807777
2.3383691	8.56128
3.5325756	6.6175756
4.2819524	6.1313415
5.5047445	5.585073
8.532259	9.209736
7.4165883	5.422719
5.2197585	6.250685
6.198005	5.7554517
3.6819677	6.7388306
8.31214	5.0433946
7.909673	8.305175
8.650185	6.0099163
9.19197	6.2392745
7.1037564	10.176315
6.6397843	5.773739
9.198981	7.376879
8.034143	6.2489815
9.313935	6.886905
8.100666	5.369576
2.5879884	7.334626
9.035598	8.2518
5.536458	10.440821
8.995245	6.6740756
4.8262205	6.0023985
5.3266945	5.6257043
9.188555	5.0673695
8.255677	7.29092
8.543668	9.299518
5.0241585	6.2740407
4.731797	6.094862
8.4235	9.771709
8.590245	4.62358
4.602518	5.9932766
1.8286282	8.103955
8.7216835	8.276744
3.9742644	6.790475
4.4864707	6.3167744
9.228195	5.66797
6.3506823	5.5665727
8.538918	8.630811
7.483948	5.222972
7.764206	6.3210573
6.877594	10.719656
7.312224	5.919305
8.898797	5.1332436
7.6167192	8.260463
7.505592	5.2227845
7.790903	10.481626
5.241262	5.66371
9.523852	4.758346
4.3332906	6.1599545
8.559771	8.683966
8.787686	7.32384
9.283611	4.8600736
8.225014	9.060046
6.688443	11.074181
8.32705	5.097715
2.4076817	8.164476
7.3377447	9.26802
8.69016	6.8230104
7.936581	8.04797
6.592081	6.2257123
8.234195	8.063197
4.8044915	6.4052773
8.789219	8.329173
8.622248	8.14077
7.962415	7.8863325
7.716736	10.700671
7.5568867	5.391469
7.7468457	9.425763
8.319706	5.8647327
8.7881155	5.879192
8.897291	6.977896
2.514121	9.264619
8.920895	7.0616703
8.481736	9.552381
7.238783	5.2649474
9.283861	5.3455424
7.344996	6.5611424
8.14582	10.400394
9.623986	4.940924
9.683173	5.497542
5.827178	6.251098
7.5792603	10.44129
4.19056	6.212189
8.689334	6.6061735
8.35186	8.91531
7.882971	9.411256
3.9124534	6.451644
8.3684	4.7853637
5.399158	6.5247173
8.879051	7.1113586
8.849754	6.6576905
7.4070096	5.4045835
8.482329	7.0295496
8.814695	5.7799735
8.669725	9.80239
2.0601788	8.303696
3.4814203	8.243339
7.7137227	10.684225
6.7259455	5.7120905
6.6959414	5.498874
8.838547	8.176883
9.242683	4.7633185
9.214505	4.9731455
7.1460805	5.4303346
8.562094	5.586076
8.541595	5.91133
5.333309	5.851905
7.6526785	9.102798
9.411494	5.260351
5.1330175	6.485812
8.201003	7.364893
9.009077	5.512788
8.213491	5.10349
2.359908	8.204332
8.461261	8.876757
6.088077	5.764108
7.375242	5.2166705
7.273634	9.458955
8.809699	8.446474
7.8798337	10.649633
3.04374	7.759911
8.221588	9.235878
8.799524	5.228667
1.517804	8.642459
8.6816845	8.176866
9.521972	4.7341304
7.6592183	10.865739
5.273522	6.703221
9.222507	7.348131
2.0528903	8.6555805
3.7385716	6.8676143
3.2671034	8.19435
3.5663478	6.9909506
8.642461	4.9933524
7.563234	5.042043
7.6567664	8.333155
5.871352	6.314639
7.8852515	8.821582
8.684048	6.323362
9.025679	5.238201
7.9474626	5.416812
6.546898	5.904168
6.5376024	9.750215
8.129785	8.396115
4.1575184	7.0724306
5.973856	5.6748104
7.2364697	5.713454
3.135986	8.148551
1.751112	8.781816
9.229875	6.1587214
6.7806005	10.445112
8.284405	4.9461336
8.264327	5.855239
8.112415	9.472728
8.742416	5.0362825
7.4031353	10.182663
3.4509385	6.864583
9.077916	7.203489
1.4081491	8.672369
4.5356402	6.4284973
8.059365	6.337214
5.1852236	6.588449
6.913255	11.058955
3.748141	7.1810713
9.362483	7.6881905
2.2753627	8.2522
8.0586195	10.055783
6.758229	10.842982
2.651293	7.2434044
6.579476	10.569323
8.18017	5.182653
9.3771515	5.8200088
9.299886	6.487476
7.304851	10.457083
4.958378	6.0964994
4.832815	6.3040595
6.864524	9.602318
8.498534	4.680384
8.202697	7.8293242
2.4844718	7.8224974
7.1306076	11.045793
7.9086604	7.7399797
9.716336	5.4661155
2.8530612	7.1255827
8.915366	5.0924973
8.742688	8.481212
7.834436	10.474
8.642144	6.4167705
7.398988	5.452696
5.5448494	5.675267
8.016438	7.965486
6.3551702	6.1094546
1.4554058	8.686637
7.765209	8.698474
9.62743	5.6686406
9.036179	5.1391253
1.8011419	8.692098
4.4351377	6.679651
7.0781684	5.6445785
8.088008	9.254077
1.9300468	7.781682
5.1602693	5.7059045
7.807492	5.107556
8.4671335	5.200745
8.729492	5.1352167
9.784714	5.5936966
8.135442	5.293616
9.283498	6.2428455
6.3474007	6.002815
7.4156065	9.0196085
6.8569546	6.359264
7.0054755	5.4888506
6.0991964	5.5969024
9.171917	5.2374287
1.8222857	8.091229
9.541888	4.7310867
3.4292362	7.320457
7.1700764	10.500981
8.557494	5.7597704
9.449894	7.5812116
3.484709	7.130591
7.902555	8.289528
8.041859	5.1799855
7.1232185	6.0039554
8.354268	4.8318505
5.1136675	6.3731036
7.4481177	10.824274
9.418318	4.6357126
2.0352504	8.899009
8.914792	7.371207
8.343604	8.048831
6.8317933	9.715017
7.9787498	9.302966
8.565048	8.289948
2.5750563	7.554711
4.5483675	6.7074385
8.023737	8.62453
1.8159628	9.088926
4.766456	6.5132976
7.6453285	5.5497546
8.177248	7.2994633
2.2962751	7.531601
9.40098	6.225604
2.6079888	8.902094
8.241125	5.769847
2.760817	7.1318674
8.730862	8.915904
3.4161	6.9831142
8.454043	9.745311
8.174548	4.691007
5.8648043	6.4981513
8.875626	5.838209
8.92941	7.8493314
9.598498	5.274584
4.4806123	6.8833194
8.498617	5.2731805
6.5962925	6.276048
8.61427	8.675178
7.741449	6.05391
1.5787843	8.718196
3.6698942	9.447676
7.8389554	5.7857165
4.926216	6.561557
7.243046	6.0819016
3.7139876	6.648884
8.055741	7.7188926
8.631481	7.1669073
2.737175	8.264249
6.186105	6.2181034
7.28094	10.192968
9.011721	8.623379
7.0129714	6.280711
8.497825	8.0527115
3.7679482	6.37549
5.684725	6.106102
5.3303933	6.3618903
4.4306173	5.9628725
8.755784	4.6862817
8.635407	6.733469
7.513981	9.168615
7.935662	7.8186474
8.884717	8.4751425
8.349189	7.825589
4.151571	6.569638
7.760071	5.5965915
6.9743733	9.55325
8.185453	7.6742954
5.9035344	5.717258
8.109217	5.814565
9.255444	6.5481086
6.8027844	5.998072
7.381747	9.628141
7.646427	5.5695972
8.15096	7.312905
8.657337	8.9657135
9.407385	5.293142
5.545925	6.0862856
8.111837	8.812948
8.804579	7.9961476
6.528107	5.7182603
5.24534	6.514281
8.412888	6.2523937
9.381725	4.931479
7.882376	6.7827597
7.1335177	9.950724
8.930172	5.282178
3.219086	8.2582855
2.4293253	8.279312
3.1881452	8.248171
8.2354	10.276081
7.712492	8.37971
8.815445	6.33547
8.399164	9.037775
3.7499971	6.772689
8.916069	5.0208845
6.5607595	5.376009
6.173009	5.7134175
8.868634	7.7690325
8.93465	4.4796205
4.9765778	6.2591453
7.1667895	11.109449
8.829362	8.442834
9.755992	5.838008
4.452969	6.2381
8.400615	8.799735
7.6890965	10.577268
8.012516	9.05894
8.654035	7.346536
2.5049279	8.287353
8.304661	5.1537023
7.9129844	5.189298
2.9169297	7.6434226
9.074895	8.580629
6.0611153	5.405571
2.3875048	8.062217
2.5494626	8.199909
6.2935433	6.216838
5.4667635	5.5962815
8.769093	7.8301764
7.585295	10.596882
8.943984	5.627597
9.12482	7.6094475
8.383149	5.8655643
7.838398	6.9158344
4.9956436	6.257857
8.17825	5.9672503
8.766038	7.065575
4.992624	6.243063
5.4132257	6.280781
8.798706	5.8639326
7.853934	5.6654153
8.252494	9.436186
7.9284	4.8392324
5.0460353	5.895763
4.734832	6.7506547
8.355365	6.652968
2.4332252	8.324963
6.4908314	9.82904
6.8321743	10.426428
5.122246	6.4878564
7.6897144	8.812215
7.3350935	5.433989
8.0584755	9.301592
7.7213955	10.812577
1.456346	8.594816
7.377364	5.6808195
4.7396817	6.853339
9.027003	8.822313
8.847632	5.032273
2.6936162	7.853333
6.247691	5.8890314
9.342457	4.9698863
2.9589949	9.459427
8.298892	10.010407
8.378514	7.4796567
7.337286	9.586389
9.212601	5.2105002
3.0124843	9.243537
1.910273	8.654861
8.355669	7.6097145
8.207284	8.32369
7.905866	6.5492153
9.23322	6.453468
8.067028	7.7282443
8.231788	7.215074
9.354499	7.469007
4.624933	6.5654435
8.36131	4.713925
7.579616	5.7991953
9.731771	5.678702
1.5348754	8.032544
6.1956954	5.700638
8.015632	10.123602
7.174948	10.965727
9.559301	5.314915
8.299106	7.409366
8.837504	5.358201
7.373971	8.811228
8.420083	4.704123
8.359052	6.1389728
9.767203	5.2939973
7.9791055	5.5977306
8.54862	7.0742307
7.793847	8.7178
8.804197	6.283599
8.278015	8.979863
3.0141075	7.633198
8.935271	8.669236
6.549962	5.2175283
7.3513813	9.8383045
5.214173	5.854012
7.8705187	8.941648
6.252014	6.4920926
8.209349	6.125966
9.250883	6.4882345
8.043514	7.5619063
4.712696	6.3177195
8.092079	5.2464824
4.9369655	5.985697
8.864697	4.6503973
5.500832	10.659719
9.431979	6.285272
8.863421	9.204259
9.480059	4.9582567
8.476785	5.4574475
7.6205144	5.4462767
9.585168	5.415829
9.639647	5.658304
3.8900402	6.386826
3.6420813	6.7564034
2.1046822	8.58513
8.750635	8.269018
3.6145587	6.9503517
8.950872	8.776369
7.502582	8.913942
9.578326	4.842004
5.382196	6.110993
8.482966	8.570692
9.041067	6.3172297
7.990628	9.289112
6.236533	9.709913
9.112343	5.506406
8.949334	7.8889947
8.639746	9.079445
8.77504	9.072175
8.003678	8.109024
2.4144907	9.11773
3.852523	6.565814
7.6523886	5.5166006
8.794692	5.3775873
3.113668	8.71296
7.9033036	9.558408
3.3068023	8.220546
8.324196	8.750305
8.789427	5.3832245
5.8396206	6.0851126
6.428551	5.9847684
6.1019244	6.113782
8.01429	9.026255
7.240584	5.576332
8.472414	5.994791
4.9929814	5.805486
6.289454	5.6190352
9.237968	5.0913734
8.341397	9.458523
7.1861954	5.2579784
7.9501185	7.633287
8.548742	8.56685
1.4310498	8.170387
8.261346	6.851064
9.066304	5.5685954
4.375844	6.6978693
6.0414915	6.3363504
2.749209	8.02984
8.083362	8.643686
6.9672103	9.206552
7.7687893	5.917803
8.413481	4.937032
1.2746049	8.777601
7.976507	7.417589
9.096121	6.324684
3.8038406	7.0373616
4.904363	5.937527
8.352271	5.551736
8.05896	10.478673
4.8927274	7.333532
8.950882	5.8978515
4.2010202	6.7362266
5.8584414	5.8031425
6.775154	5.930474
8.543252	7.9280324
7.4752984	5.251235
8.120422	6.480817
8.439706	9.610725
1.4364504	8.741131
9.4010315	5.0068254
2.0328548	8.219608
4.3939824	6.124702
6.478648	5.791084
6.2510104	5.541564
8.065902	7.797004
7.8896565	10.625264
8.3233795	8.91548
1.9522569	8.766034
7.493593	10.240722
3.4932032	6.6171427
5.4741955	5.8018947
7.6035237	9.906312
8.771775	9.043821
9.155328	6.7627134
8.670009	4.5344133
9.277305	4.855964
2.7060723	7.163734
6.831277	9.528929
6.9478617	11.155687
2.974686	8.281783
8.103846	10.174663
4.3094506	6.66973
9.166359	5.118229
6.9208684	9.901321
7.9642644	10.12803
5.8725243	5.925273
5.362389	6.209888
8.661911	7.903807
8.751055	5.8256054
8.316307	8.227118
9.687208	5.4624267
3.94578	8.200848
8.115674	6.0231457
8.345926	5.329951
8.654428	5.292124
6.673557	10.398356
7.895707	9.825278
7.9183903	8.497401
8.204764	4.756611
9.619878	5.0938864
8.447995	4.838624
9.160593	6.630501
6.2478275	5.513935
8.831505	8.445376
6.3171167	5.6987967
7.775867	7.130484
5.598148	5.9427524
7.827735	6.465114
8.287514	5.472554
8.118136	5.4966016
5.1633263	6.058444
8.12986	9.039153
8.901125	6.7798448
7.3854585	6.2094274
8.875791	8.179893
7.909027	9.302192
9.597317	5.534435
7.554899	9.468581
8.283067	9.821196
8.293801	6.0831857
8.438456	6.617362
5.4394484	6.4471817
5.9233704	6.4935336
5.245763	6.125689
5.6523104	6.157578
8.961957	5.206467
8.154748	7.341148
8.584652	9.082937
6.1214347	5.8846416
2.9601161	7.6994686
6.975681	10.714813
4.232224	6.544398
7.721841	8.732139
8.240278	8.865122
3.9768043	6.461341
6.138319	6.278078
2.1064546	9.2198715
1.3281803	8.479362
7.499857	9.98265
8.003179	7.678747
8.67509	6.6572375
9.399831	5.2191987
8.256109	5.430002
1.6796687	8.170378
1.5031458	8.053744
8.337681	5.18915
8.79599	8.698945
9.115351	6.3053713
9.726201	5.3864822
5.494833	5.7929206
9.296976	6.729988
3.390076	6.818363
4.5835276	6.787678
8.861841	5.1097703
9.02243	7.775632
9.424898	4.7817965
8.617736	8.622651
8.660417	8.336793
8.94098	8.580764
9.839284	5.3986964
5.9717517	6.3644924
9.095607	7.5280414
8.470646	4.8950763
8.881146	5.8555613
6.5052404	6.389935
5.769009	6.3598905
4.110225	6.7837777
8.887439	8.102954
8.705322	6.098231
9.3881855	4.882665
8.132027	6.608989
8.073956	9.216215
8.595991	5.226904
7.377638	10.082053
1.6056179	8.072181
2.1101127	8.8307495
8.040726	9.982387
4.742194	6.729388
3.404838	7.734837
3.2841527	7.670785
8.0513115	8.895538
6.7444882	10.301558
8.947171	5.7765
9.150363	4.9942565
4.491435	7.1710596
3.9755044	6.695727
8.699645	4.822776
6.396249	9.855231
7.61153	10.646471
8.386666	9.553871
7.283353	5.9092274
8.674964	9.092709
4.3778305	6.314676
8.186366	6.228516
6.025218	5.8382454
7.840442	5.449339
2.708836	7.7857156
8.059942	5.6582847
7.718106	9.022194
8.514987	9.285097
8.651658	5.9781675
7.6816964	9.70605
4.7770233	5.957667
9.262659	4.6593447
9.076363	5.225127
1.8316882	7.997147
8.44723	8.020085
9.054922	7.86509
4.6524057	6.2312474
9.347038	5.4735136
6.5580378	5.535461
8.577462	6.5562234
5.7850227	10.816622
7.845387	8.507163
7.820918	7.7742496
8.763627	5.4489384
3.2865481	7.346999
5.622776	5.7347846
8.205072	8.822301
4.9905243	6.882414
4.909343	6.871671
2.752305	8.150929
6.3600287	11.159974
6.182614	5.352567
6.3065376	5.758558
8.253404	8.951707
8.856046	5.5557923
6.4958706	5.5702024
7.6248693	8.737934
6.593628	6.131797
8.694497	6.3726683
6.9360313	5.593692
9.391689	5.804058
4.7808204	6.4601793
9.051793	5.2416606
7.836795	7.653712
8.328459	6.96736
1.6680719	8.36808
9.17372	7.426809
8.885018	4.6667857
7.7588	9.566424
8.055745	7.634271
8.416678	7.7358155
7.2370987	10.561926
8.043602	5.5402718
9.015783	5.4664845
3.2528744	7.669239
8.972097	5.763465
9.536645	4.955862
4.542511	7.2342243
5.8774047	5.961988
6.932069	10.275189
9.146634	7.9576564
4.925506	6.869088
8.08179	5.730462
8.206544	7.5496974
9.318433	5.911486
2.0242252	7.8437457
8.4284935	5.715255
6.8581467	5.603311
9.352315	7.5575233
7.8056226	5.624138
8.319709	9.932618
6.190811	6.1554112
4.1703973	8.77716
7.7945533	10.775253
8.987873	5.485786
6.235066	6.036722
8.554089	6.414891
4.898901	6.8653584
7.931499	9.463689
4.462779	6.8758492
9.651828	5.777021
4.116172	6.4716644
7.0280538	9.733752
8.455869	9.182983
5.00344	6.652262
6.9443336	5.645058
8.735366	4.6705437
9.631726	5.1464553
4.643481	6.569544
6.9647994	5.994686
7.420225	10.7619
4.737831	6.2089596
8.9108095	4.6277943
3.4656212	6.952268
4.8445992	6.0576305
7.923652	10.454001
8.806367	8.99465
3.0292177	7.3953633
8.635134	8.1779785
9.232661	5.503893
8.502289	7.7346177
7.3036423	9.567616
7.9626184	8.9301
6.0695033	10.946228
7.2192907	10.017503
2.306127	7.668111
1.595467	7.9012184
8.972487	4.8704457
8.91426	5.2960353
4.0263567	7.1905456
3.2797313	6.9994516
3.6725693	7.6194973
4.30392	6.172371
8.225872	7.235552
8.232468	6.609819
9.256605	5.636102
8.267872	5.134493
3.800561	7.4172583
9.127974	5.6310754
8.477894	5.6497507
6.9977636	9.565073
7.301705	9.711324
8.249053	5.736027
9.16134	7.6777077
8.706985	5.859526
4.584774	6.672368
8.119493	10.091302
8.056037	5.487297
9.377877	5.9665728
2.5006225	8.019631
7.804348	8.926333
8.416852	5.635395
8.069944	8.865162
9.152086	5.553325
8.291011	7.5477614
8.822263	6.900735
8.771895	6.130489
7.3795295	9.782519
3.4944162	6.8996806
2.2201233	8.855718
7.724335	5.990812
9.173035	5.3274264
2.0158725	7.6445956
3.9732695	6.798556
8.665581	7.4653025
4.4738145	6.46662
6.164241	6.043108
8.997765	6.1305523
7.9215393	9.055835
8.054039	9.343176
4.1742525	6.580301
2.139034	8.228013
9.236049	5.305677
7.2823462	9.104327
7.034856	6.172501
8.138897	8.612682
9.34058	5.667168
7.553378	6.1781898
5.646612	6.5525594
8.134574	9.645668
5.0738616	6.6694913
8.726197	5.2587495
8.44924	5.4684105
8.44276	5.854888
9.549688	6.0246067
1.9966127	8.092026
7.4200053	10.284937
8.131764	6.0335097
9.536326	4.769959
8.009218	9.130639
6.0395436	6.016915
4.687471	6.294074
9.236399	5.269259
9.413768	4.8444805
3.181319	7.5074177
1.4887987	8.636339
8.428876	5.69475
3.3155656	7.6506324
7.880568	5.594944
7.575702	5.2389717
8.524151	9.082908
7.6459765	8.850689
8.895826	8.898255
5.4157467	6.82589
7.184809	10.225138
8.31693	6.1256933
7.5764856	9.822628
9.145082	4.7642407
7.781024	9.336976
7.1800323	10.176182
6.2174363	5.7534237
8.214514	7.4852986
7.628417	5.1150723
7.701281	6.834573
6.6940346	9.508772
7.1114955	9.8586
9.30583	7.6590314
1.4909147	8.743357
8.095702	7.5642486
3.9769282	7.515081
8.034172	8.5480175
8.434239	4.761779
8.648602	9.249935
1.21157	8.809642
8.3515835	8.039602
5.9742537	6.196875
8.692107	5.8750515
3.8961377	7.4721413
3.8859482	7.0300646
9.061218	4.634006
2.6428063	8.526888
6.4248557	5.6334753
3.1441402	7.12778
8.827746	6.4126186
4.161546	6.5144835
3.881554	7.8207808
2.376362	8.867405
8.647891	4.651551
6.537511	10.431889
4.38389	6.32788
6.9856663	5.3852897
8.946098	4.874445
2.6736841	7.318889
7.8525057	5.6868496
6.8775005	5.80203
2.2208004	9.580532
8.352423	6.865905
8.641573	8.322563
7.988123	8.139768
9.3001175	5.093086
9.132664	5.4145846
9.20012	4.619216
8.1784115	9.794151
7.271446	5.6340523
8.884796	5.572274
8.249453	7.5331955
3.936686	7.6017923
4.8839245	6.7668376
8.84004	7.8437667
1.7775085	8.359855
3.1260338	7.606855
8.454866	7.238624
8.158749	9.128258
9.319066	5.238987
5.689086	10.699907
7.543727	10.5790825
8.217605	7.615327
3.8523133	7.687657
6.9778676	9.904935
3.6121833	8.665946
8.499624	4.6937504
4.577509	7.0736775
8.404665	9.336564
8.834502	8.877787
2.533463	9.03856
4.3053875	6.5959916
2.7613	8.336827
8.088005	7.8808827
7.717355	5.206811
8.673466	5.08805
5.851361	5.420989
9.406551	5.3666744
8.6266	7.106673
9.019388	4.949685
8.69852	4.5243053
8.524926	5.8649573
4.277661	6.0647264
8.837296	4.728194
8.327582	6.1919446
8.86721	8.166875
7.223292	9.1038265
7.873865	6.6750064
8.359747	8.69915
7.4976745	10.777944
2.4120157	8.473219
7.0533867	10.560514
3.219891	7.6987715
6.42035	5.9568033
4.525703	5.9987044
8.108178	7.4316053
9.049746	4.9655895
2.9019186	7.0583916
8.177839	4.664912
8.153838	5.3305764
7.2821226	5.3146734
5.1925974	6.5567894
7.6893587	6.185906
8.875897	5.915124
7.9328637	8.918764
1.8772694	7.6796756
6.838451	11.1191225
7.6649733	5.1712523
8.960539	6.1002455
7.7792263	8.647654
7.6455617	5.7946796
7.4868417	6.4876914
1.6900345	7.7258663
9.137139	7.108933
8.696417	5.7855024
9.035627	8.2724695
8.08761	6.7181144
7.4022474	9.490064
4.857755	6.000457
9.417681	4.7310333
8.46959	6.879439
7.790649	5.263268
7.982217	7.602211
8.47025	8.891508
8.1608715	6.5473385
8.958401	5.3566
8.9831915	7.804643
1.7752649	8.116585
8.61438	5.7144704
6.3678093	5.392975
8.110378	6.4863
6.06606	6.802267
6.416101	10.916606
5.468552	6.1963806
8.986752	8.153886
2.9573545	7.496283
9.230369	5.719314
6.5377584	10.774653
8.184415	7.418615
9.351251	6.447233
9.052017	8.553832
7.5533214	5.3487787
9.511654	7.3933516
9.336593	7.6999254
5.721291	5.953587
8.513984	6.812929
1.8039606	8.69992
7.1939406	5.2887597
8.604584	5.643844
9.284969	6.6683474
2.8618422	8.115087
2.463524	9.027815
4.0252385	7.593921
6.5285654	9.831186
8.638848	7.991546
8.736546	5.780692
8.539745	6.2128634
8.656577	6.654698
7.01441	5.4908004
9.449375	5.5321016
2.608144	7.2685432
3.922648	6.9880233
4.6217036	6.778689
8.068942	7.9164753
8.756344	4.6738296
8.519084	5.8811727
3.8441331	8.630826
8.717005	7.237741
8.636692	6.6589866
4.1877303	6.1598086
7.9478126	10.435466
9.018103	8.181995
7.317778	10.19864
3.6686904	7.3176584
5.9420705	10.718296
8.908539	8.107683
4.675882	6.0083222
8.434908	4.9907703
2.7035627	9.379505
6.5646677	5.982939
4.8828206	6.303822
9.048128	6.47208
8.245846	5.894394
3.1729465	8.163932
8.241088	9.159468
1.2973315	8.775147
7.9576373	9.999782
7.286382	10.092452
8.816064	7.279395
3.286982	7.116885
8.767171	5.1366744
7.6073384	9.171071
8.1783495	5.526872
4.0473337	6.3958344
9.096174	4.6774206
6.962522	5.5404835
7.159019	6.967592
8.679776	4.804938
7.980157	6.3476286
7.532795	9.490924
7.612578	10.439447
5.2032785	6.5003057
5.3468995	6.63246
7.982234	10.411129
7.3794184	6.533074
6.6830893	5.768297
3.70714	6.4808517
1.5922	9.120847
7.726502	6.7174354
4.6389265	6.4398656
9.005327	5.767267
1.8307338	8.413022
7.1839585	9.472427
4.6513352	7.188196
7.565578	5.4828506
8.146234	8.967353
6.2017083	5.8565416
9.875176	5.4328594
8.106274	7.7516665
7.959641	7.5785837
2.8726993	7.895666
7.319646	9.541505
8.455837	6.845213
8.492349	6.001361
8.671345	6.4834223
8.769887	7.7350574
8.152478	8.811072
7.267269	9.352563
8.714111	5.910451
8.331629	9.100984
3.4894998	7.3649845
9.142503	4.858027
8.363966	5.8114853
9.118598	6.9082174
7.3466673	9.250686
8.105813	8.116989
4.395381	6.2619057
7.8051963	5.1571536
8.718526	6.2581835
8.544787	7.7557774
5.596203	6.453877
8.187276	6.419936
7.8901725	6.139462
6.3033023	5.4527183
1.7998006	7.8465695
8.695716	8.64584
1.879478	9.074528
9.217533	4.8555
8.375095	5.5785565
8.497014	6.331715
6.840993	10.213378
5.8525505	5.837326
6.6505275	9.558701
3.2962112	7.043816
1.4978362	8.658489
4.8587604	6.4608173
8.123175	8.74203
6.956533	6.4804263
8.472758	8.795134
4.2201715	8.194939
9.863878	5.146214
8.588412	5.8544436
8.446892	5.823916
6.7054486	10.29031
5.84876	5.906239
6.734042	10.227582
6.420258	10.256789
8.193684	5.622088
3.6346176	7.6058292
9.587593	5.651109
9.317758	6.106258
5.0235357	5.642959
4.0222087	7.8890834
5.2957296	6.4308596
9.620385	5.953587
4.453492	7.188849
8.693403	6.094413
8.74421	5.570496
9.490272	5.1794114
2.5046036	8.134335
7.949736	5.865632
4.415802	6.3194814
7.7005353	9.64206
3.3586495	8.959676
2.7669237	7.1617327
9.287524	5.4267035
9.092875	7.280677
3.9285152	6.594027
8.672169	8.173711
7.782702	5.071501
6.4232163	6.827478
7.6062317	10.349363
9.433189	6.4355707
3.255689	7.9154644
2.1134217	9.094291
8.851689	6.0572004
8.067772	8.695797
5.007913	6.580335
6.9821033	9.796891
8.361738	5.7684693
8.498933	5.3700986
3.6254601	6.8171253
8.381388	6.3735595
6.153435	5.9714
8.933984	7.184274
8.78214	4.6425133
9.0282755	5.1095934
6.997256	5.708205
7.94939	10.227594
2.943194	7.2156615
8.096404	10.111351
5.287371	6.1905313
8.328263	7.8651004
9.223516	5.28598
9.150636	6.7840586
6.262101	6.0528564
2.0533142	9.125719
6.801373	10.922624
7.8210096	10.208703
7.6375284	10.182233
7.499709	10.905307
8.297505	6.096999
7.5498443	6.547626
8.962045	5.8432055
8.977047	6.9514894
4.9214873	6.224585
5.9891753	6.373341
8.596497	4.5811195
8.797152	6.6952944
1.492772	8.842507
4.6398315	6.4082484
6.9457126	5.724854
2.1976097	7.645463
9.3718605	5.1934595
6.404944	10.390879
8.46316	7.789656
8.192847	7.2630525
4.258025	6.3939376
8.35374	7.884276
3.3062572	8.823608
4.3983827	5.97049
9.137754	6.8208623
6.9522266	6.2557483
3.5088341	7.0155554
8.471958	6.8649325
8.664051	6.0858884
8.900923	6.4833627
8.964768	4.701047
8.382896	8.129382
8.876208	8.340721
8.9924135	4.589277
8.596003	8.847195
7.1815653	10.587215
2.3751144	8.504235
8.846731	5.426944
9.084061	6.5547385
7.9040403	10.503196
4.254707	6.6623583
9.44698	6.0579524
8.549441	4.849577
3.9132042	6.6309347
1.5334685	8.937971
7.963313	5.301992
7.217054	9.022669
8.311654	5.4907255
1.7263604	7.810123
9.056692	6.779327
8.113904	5.486823
8.024622	5.4830427
3.007253	7.7976046
9.201956	5.185678
7.7311325	8.7341385
3.8915253	6.745584
8.758604	6.3069286
3.648465	7.6331844
3.648061	6.6886573
8.162208	5.5445867
7.1530995	9.035911
8.924482	5.2857623
7.1019588	5.475792
2.9226005	8.2673645
6.6461635	5.8306336
3.1886685	7.8740883
2.651533	9.379819
8.492734	9.3375025
9.418873	5.8848805
4.2635813	6.592143
9.49704	5.3713827
9.030643	8.118112
8.601612	6.295398
3.0430243	9.101586
6.053651	6.288366
4.1819015	6.3822365
8.711484	8.335923
9.190442	4.7552533
8.493152	5.0607653
2.3908918	8.231001
8.546699	4.6023893
8.986065	4.6717978
5.9706097	9.967835
8.542485	5.5330763
8.396267	4.5935464
6.762121	5.5909696
7.833691	10.620862
6.216861	5.408958
4.6025395	6.5596724
7.9190454	6.2114367
9.112303	7.2218266
6.2279253	5.8807483
4.338829	6.4147415
9.626195	5.0924544
8.636364	6.8421597
8.777153	5.2040386
4.617371	6.5104647
8.340086	8.8411
6.4412174	6.455206
6.5114584	9.838323
8.78841	4.9563475
8.868609	9.238125
8.190403	7.3791285
9.686458	5.3244066
8.2868805	5.363219
9.308331	4.7466226
5.1436157	6.2746086
2.0637746	8.737213
9.069382	6.511393
8.466598	9.198818
9.655866	5.6983194
8.942703	5.9176273
9.088721	6.1678715
9.334788	5.0649476
6.8768067	10.287559
8.224223	8.470329
2.8869574	7.163229
5.946758	6.1157174
8.424292	6.650442
9.539783	5.8982744
8.162119	5.7141395
8.675407	9.533319
8.789314	7.3684454
9.25696	6.572183
8.652197	7.986124
7.2387123	9.510122
3.5968633	7.3436785
9.193514	6.6415176
6.8638525	5.496115
7.0372505	5.9624376
8.510916	8.61618
2.759071	7.1415854
8.208994	9.66686
8.336903	5.890234
8.021501	8.44648
7.968343	9.689049
8.04212	7.2761893
6.981093	6.6579876
1.610597	8.241393
4.663862	5.9497137
8.7447195	8.160343
4.8953495	7.1334276
9.6086855	5.5420556
2.0608928	8.077794
6.627543	5.8658357
7.507184	5.263974
8.003855	5.467567
5.154265	6.093578
8.440233	5.7963777
4.807082	6.7411394
4.5524473	6.009762
1.299592	8.398727
8.485961	5.974938
8.917445	6.715856
9.205518	7.297139
5.125485	5.9734344
7.82723	9.346767
9.37431	6.4471507
8.691968	5.166053
1.4394038	8.629162
8.175257	6.55681
7.347603	10.04598
8.515985	5.7733192
3.43632	6.9871936
8.141101	5.7636957
9.105719	5.8394017
7.6565485	5.8472414
4.496423	6.7043695
8.3793335	6.2369475
2.9411192	7.018651
8.04448	5.400665
8.049421	9.639071
7.6485715	5.843808
3.6198378	6.764931
8.955975	7.6751056
4.737991	6.105983
8.425636	9.211859
9.2963915	5.5671506
8.470185	7.26641
8.826485	5.464723
6.19232	10.276048
8.353359	6.449817
2.2413797	8.586664
6.7638245	5.838316
5.350557	5.829735
3.5456872	7.206916
7.500758	9.651702
3.6586487	7.5097733
7.9887686	9.088454
7.614067	9.930557
4.7331414	6.0957885
7.225931	9.287664
7.156892	11.177726
5.293669	6.339219
4.0938706	6.540955
5.619145	5.6105337
3.6976264	6.548463
3.1924708	7.3160744
7.502082	5.628868
8.772548	4.7933474
4.7595625	5.9268374
6.001046	6.168833
8.657401	8.666147
9.270189	6.980904
3.682922	6.8892746
4.860008	6.169826
4.717444	6.6277704
8.769047	9.185557
7.996531	6.1043487
7.953707	8.411597
8.431129	6.0186334
7.7948875	7.783361
2.714695	8.382452
9.051991	7.8655806
6.6833653	10.223155
9.327193	5.611294
5.562516	6.4910426
4.0223346	8.121137
9.265091	7.4622164
8.732129	5.06616
8.980714	8.3635
2.4615867	9.040337
8.435226	5.2816243
8.309552	6.2262607
6.356516	10.338618
7.9952374	7.954829
9.206763	4.7546096
8.887138	6.5501904
8.625775	6.602509
2.5876443	7.46058
5.9185514	5.777972
7.84841	5.213878
8.438053	4.667997
9.259711	5.9836173
3.2678447	8.587102
7.1391916	5.7686615
5.382644	6.2821355
7.4795117	6.67088
4.0381765	7.6105022
4.2501225	6.3092947
7.6629596	9.226542
6.8840604	5.498946
7.5403676	9.497932
7.56701	8.793111
2.6223178	8.468991
8.276054	6.5577807
8.150081	9.088043
8.617663	4.572399
8.359194	8.423343
4.5859776	6.333558
9.156087	4.778225
4.5099487	6.472073
8.166434	6.557922
8.390277	7.450149
8.271863	10.257423
8.57272	5.581965
8.041937	6.5211663
2.8814232	7.6386557
7.4310107	10.395768
8.005792	5.147993
7.6638083	5.5838475
9.005397	8.908604
8.264076	5.0857396
9.23052	5.0432153
9.34304	6.546714
9.20672	5.890948
8.328218	7.412488
7.5486264	6.4975324
8.349783	5.2764964
7.79923	6.1358085
7.5774856	8.711391
8.458471	5.065129
9.533424	5.4096823
9.386962	5.288847
7.035229	9.7270565
8.236528	6.828902
8.048486	8.328945
8.853113	6.6556196
2.926563	9.776939
7.1493015	9.482286
2.5109477	7.7135158
8.31663	8.87051
7.2268763	10.855339
8.924051	5.648283
9.123141	5.151481
7.3369913	10.146933
9.143541	5.8561535
7.384113	10.761221
9.675088	5.7892323
7.2790685	9.943677
8.179153	5.910327
9.03087	6.48989
6.915357	10.241947
9.470751	5.756384
3.7983167	6.821561
9.363157	6.399008
8.244502	6.057128
7.017745	6.055661
8.514818	7.531963
8.158571	4.9453225
6.2873626	6.41359
7.998102	4.93008
8.2825575	7.1961045
7.7698708	10.761619
8.976696	5.981529
7.118152	10.265047
6.11798	5.682989
7.6331487	9.707407
6.5726523	9.77742
7.5636716	10.212078
9.419893	5.997264
3.9445717	7.1650705
9.690957	5.492789
4.76523	6.933055
7.874153	10.536338
7.231679	9.631137
9.273969	6.748554
9.657786	5.8833237
9.290622	4.9407053
8.457571	5.877424
4.530112	6.3121467
9.496731	4.6451554
8.664536	6.251308
8.25879	6.922736
5.8304806	5.4834313
7.8276124	10.201532
8.860215	7.0133595
6.255889	6.1691732
8.737551	8.177917
5.143236	5.648219
8.673333	7.887925
2.3076499	8.233365
9.131014	6.114128
7.1699653	6.1082277
7.8758197	10.56391
4.1409636	6.64032
8.57815	8.062013
3.3784986	7.9819345
9.144533	5.7690353
2.8827934	7.327645
7.728818	5.2073684
8.472933	8.743219
3.307859	8.201848
4.2477922	6.676305
9.567247	5.7613735
4.667715	6.4083166
8.192152	9.850008
1.4394116	8.594769
3.9074092	7.4083366
2.0949	8.637749
1.4327925	8.753231
2.3392665	7.4745
4.0909324	6.6057053
2.2355561	9.547223
1.9135113	9.10724
6.741037	5.2561035
8.801605	8.269541
8.610583	6.754347
6.475688	5.5271673
7.6425056	5.8079267
7.7510476	5.98929
8.520757	5.278081
5.415055	5.8817797
6.703333	6.267333
8.7451515	8.72025
8.199097	5.293651
6.597714	10.470213
6.7041726	10.966097
5.0268164	6.1173115
4.173165	6.300996
7.55491	9.565039
7.5005126	9.741337
8.32764	8.357631
8.589346	9.577916
6.048811	5.4177995
7.718078	9.015874
8.874832	9.191557
3.814171	6.598738
1.4068921	8.357989
9.029954	7.8438773
7.3798003	9.000431
7.340321	9.701458
8.227313	8.853857
8.18864	7.202152
7.3936973	9.936515
4.0494785	6.4380503
8.540558	5.11618
1.7332015	8.056626
8.435992	6.2116995
8.753109	9.4348
9.101195	7.7143993
2.3084939	7.8473635
7.8172555	5.747308
9.355259	4.5370193
8.059426	9.935593
3.238283	8.790607
8.03706	9.168599
1.5638437	8.157597
8.568936	9.364506
4.6643195	6.6592717
4.702406	6.514353
6.529788	9.671613
7.0371017	10.902146
2.6847548	8.236131
3.4066362	7.259903
9.394689	5.2326612
5.4194183	6.630092
7.931999	7.412054
3.2019722	7.915983
4.856268	6.5224304
3.2112148	7.9778194
8.496867	5.7164617
9.795534	5.3759975
8.861368	6.175417
1.5078361	8.516802
7.8896465	10.010174
7.525132	10.401082
3.6069472	8.064395
9.509197	5.82506
7.793998	9.950598
7.453621	10.889774
4.5506773	6.3227806
7.209051	9.672761
6.5524044	5.6882215
4.3704906	6.7780814
4.987816	6.136394
8.520805	9.059388
9.241206	5.579447
3.848461	6.69437
9.047451	8.582166
7.590509	8.355866
6.077515	6.1456127
2.8400707	7.6432023
8.3922	7.607294
5.270725	6.274947
2.247491	9.363928
6.865275	9.653993
7.978757	8.651781
9.02532	6.1168904
8.400374	10.033295
9.268676	6.3080764
8.276649	5.3652945
1.7965517	8.643658
7.469219	5.3349304
7.6442804	10.688394
8.572854	5.239391
1.9981729	9.573321
8.707322	7.0495715
9.149015	4.9333196
8.754301	9.346398
7.29454	10.495759
7.7129025	9.558215
8.35932	8.003028
4.2518725	6.954416
9.141325	5.3687134
9.044929	5.5388255
7.806152	8.224159
3.0086317	7.597996
3.0101585	7.1553164
8.575134	5.8068814
8.627877	8.741807
8.16495	8.977125
5.517932	5.635966
4.0586476	6.7057157
7.3226748	9.376457
8.307432	8.582451
4.4605794	6.594505
8.067623	8.35886
3.57477	7.744966
9.11612	5.1095
4.496752	6.9247456
3.2358863	7.921245
8.428864	5.6850743
9.214757	5.2532096
7.428584	5.67592
9.595541	4.9646387
8.62447	4.9160676
9.9374485	5.448531
8.90246	5.6500144
6.110193	5.944297
8.709031	7.620017
8.705073	4.9309683
8.641535	5.0907655
8.63632	9.020933
6.2358027	5.93719
4.0095143	7.0082364
7.0706563	5.728997
8.168914	9.644188
6.324133	6.093955
9.287964	6.8737006
6.823356	5.858258
9.322488	4.5962152
8.1555395	4.9206905
8.519542	9.309816
6.129935	10.107288
8.832264	6.11139
8.849122	7.9850492
7.778936	6.415037
8.021707	6.7497363
5.141987	5.945747
9.755045	5.6940556
4.5755296	6.028371
9.560078	4.7817845
2.7162113	7.5520415
7.92992	6.3185897
7.2545514	9.495671
9.00789	5.232129
9.291484	4.568511
6.520293	5.8146443
9.512091	6.926125
7.7568283	10.533614
8.606811	6.6735687
2.2477627	8.006254
7.38813	6.2239084
2.528897	8.992538
8.642382	6.319516
1.5602329	8.60027
8.530388	7.7231665
8.742704	7.882249
8.202434	7.932591
1.6437713	8.859548
9.392957	5.3256135
7.6305094	9.900735
5.537689	5.648678
4.705901	6.5419745
8.492973	7.6728206
8.254774	7.0328536
7.894261	9.779461
6.172383	5.938258
5.1922884	5.905391
8.088324	5.1961203
9.062125	7.9426236
7.5238447	10.090951
5.9414015	6.255131
4.0842	6.3488145
4.7597494	6.6857667
9.2481575	5.693834
2.6185942	8.035516
8.120068	7.8168383
4.550927	6.266052
3.6706886	7.1869273
7.394908	10.540224
8.964161	8.656425
7.8199215	4.9525423
8.861357	5.041994
7.2793975	5.3752065
6.236396	6.312471
4.563065	6.0981665
3.6426723	7.726724
9.474955	4.713666
8.393701	10.097219
6.9003406	10.232136
8.9257555	7.219097
8.177105	8.598608
8.496164	6.3684263
6.8944306	6.100432
3.6024528	6.607061
8.336147	5.0079865
4.341531	6.3757124
5.4503455	6.2396283
3.8264012	6.930509
2.7530148	7.8830533
9.318288	6.0577855
4.3872766	6.4635906
7.8559093	8.387801
8.252068	6.4009967
4.344573	6.6258173
2.8972836	8.208122
8.299073	5.5204225
6.3102913	10.150037
6.562936	5.6833544
4.6097546	7.1973896
9.118519	8.41457
3.1831026	8.191762
8.097236	7.264173
7.7428102	5.7256746
9.478884	4.7429366
8.7467985	5.8306646
3.2716076	7.8220925
8.965774	5.7108793
4.1462345	7.187551
9.197719	5.9741907
8.438423	5.0262384
6.5443263	9.6995125
8.419122	5.9471807
8.440502	6.366117
3.2691326	8.358594
7.9079733	8.885274
8.067414	8.375456
8.552378	5.874854
1.9679528	8.620117
8.126032	7.147814
9.609334	5.7004614
7.977896	9.564247
2.826383	8.077205
3.239597	8.325638
8.419125	7.9439545
3.584383	6.6296854
7.4370637	8.780517
5.175971	6.0163226
9.248057	6.794174
2.4539037	7.6960487
8.62461	8.491754
8.364947	8.835881
8.258273	7.5801935
8.591322	4.7391376
9.654958	5.547775
7.5902386	7.903009
6.0876207	5.4915833
5.8755255	5.4786973
5.128111	6.7986913
9.123876	4.468825
2.6368246	8.413494
7.696342	5.434726
7.369747	6.2122574
3.7378309	7.663727
2.4031496	8.345899
8.477719	8.740501
5.2237988	6.524621
8.294197	6.094759
8.848694	5.3395424
8.34908	7.557279
8.124176	5.22104
8.818085	8.774172
4.955944	6.2841544
2.8788466	8.07296
8.045329	6.645128
9.197554	7.2661214
3.775303	7.177825
2.2824895	7.6092463
9.44444	6.233969
4.452911	6.047199
9.024542	7.575642
8.894062	5.256133
7.438322	10.876083
9.790526	5.705868
4.389633	6.418333
8.228326	5.8966775
8.10794	5.25874
3.2713127	8.290018
9.070979	7.806151
3.6263347	6.5647464
3.5821502	8.890659
8.931604	4.498655
9.058387	7.5479717
7.452406	10.355679
8.356043	7.5594873
1.2165564	8.693386
4.5500956	6.0775766
7.9274516	7.9338355
8.205815	8.636297
8.4182825	9.18806
3.0269165	7.542002
9.390737	4.8830504
7.737719	10.040462
5.403914	6.2174177
6.4690456	5.9045324
5.2910385	6.4188066
8.513462	8.2811575
6.1088943	6.6285515
9.191577	6.6491117
9.177584	5.81918
9.004914	7.46996
1.7433014	9.218472
3.336006	7.6995645
8.684465	5.3072968
8.965018	8.539385
9.345501	6.195744
4.636467	6.5609007
8.447136	5.654344
7.9806685	9.393557
8.162518	6.297108
7.214078	9.430263
7.7277365	10.587523
7.729742	6.559618
8.792979	7.652676
9.668372	5.646209
9.28807	5.4656296
9.090398	5.0066547
8.724091	5.550358
5.7666616	6.0486717
9.277298	6.8329425
7.217156	9.883388
6.215326	5.741053
4.4035006	6.502346
9.864266	5.4038587
2.1833746	7.294388
4.583868	7.006704
8.3373575	6.7725677
2.105624	7.785878
5.7091303	6.6753426
8.672052	5.410876
2.7655697	8.109673
9.463149	5.349722
4.9201756	6.2710266
2.3005872	8.373322
9.059692	6.2658496
8.349922	7.8127623
5.566931	6.2466
9.444146	5.2751045
4.3239603	6.3331685
3.400299	6.837173
4.906234	5.9721785
7.324793	9.856949
8.996634	6.212555
8.002402	8.304419
4.0479493	6.88979
2.2305367	8.542245
8.130823	9.049759
7.4420204	10.872443
5.909507	5.787118
7.991524	10.312847
8.410518	5.4349284
3.2003253	7.1037936
5.9628954	5.7019196
8.690166	5.081521
8.26836	6.5783143
7.293787	9.362688
8.283904	5.5300646
3.2775793	8.101796
8.637607	6.433254
7.3568945	11.042852
3.5221686	7.3684278
6.6619525	10.223538
8.064932	8.042585
8.578868	9.512201
9.542272	4.9424534
7.8107843	8.77985
7.2271533	10.038889
4.067545	6.826789
9.426707	6.596249
8.769478	5.824534
6.263802	5.5442114
9.298225	5.557037
8.791846	5.992163
8.64535	5.6237917
7.9178843	7.6133966
9.3703	5.408449
3.2171967	8.104512
3.6774356	6.8157396
8.542427	9.389428
8.368098	7.0419765
8.867321	4.5401516
8.876182	8.722851
9.301579	5.530227
3.902222	8.337119
6.1272554	10.189056
9.015917	8.053037
8.544078	8.067175
6.5457263	5.9524474
9.367688	5.6892457
7.9915924	5.4352803
1.7147638	7.812665
9.263708	5.0169373
9.3159075	6.7544594
9.48451	6.6909285
7.795991	8.696119
8.8954935	4.764683
9.263142	5.9368677
8.359438	6.0415754
8.307281	5.0660744
1.3801379	8.386304
1.3993831	8.541952
9.031261	4.6248655
8.388417	6.22785
8.765795	5.230687
6.9896297	5.51815
7.1657014	10.426137
8.736612	7.2473993
8.403258	10.038616
4.6316056	6.078636
7.2296934	5.7273684
9.552043	5.957459
7.89954	7.9990745
7.664257	10.743069
4.659172	6.949924
2.1202552	8.338133
8.546547	8.016788
8.211417	5.5426316
8.108025	6.405885
6.2967596	10.540811
9.398427	4.859372
8.329851	9.386812
8.540959	5.217103
3.4316478	7.146657
8.346513	8.227689
9.394796	5.043523
6.3077717	5.453307
8.227728	5.928599
8.463118	7.2313213
8.295399	10.153568
7.3832707	9.750513
9.720035	4.943156
7.639123	5.657921
8.490875	6.251612
4.3029037	6.9691906
6.371574	6.266673
7.949075	5.157072
8.495387	9.699245
9.595623	5.3799148
1.50933	8.026697
5.8704615	5.902575
7.022296	5.9319925
3.9475148	7.909559
7.9866242	10.266507
5.043463	5.8403506
4.945555	6.948589
7.6534476	6.640461
7.611994	5.424916
7.7175636	8.575192
9.342125	4.527127
2.1679966	8.674383
8.531591	9.446658
7.9835815	6.406268
9.404807	5.1974955
2.263911	8.35814
8.485775	6.5514903
3.652994	6.8522387
7.9040728	8.762343
9.31039	5.1304154
9.741843	5.411287
6.6653376	5.9107823
7.1001663	10.555443
8.136211	7.727269
8.550681	5.6661587
7.4182763	9.614858
8.965617	5.03866
5.425308	5.745678
7.198813	9.858865
8.7008915	8.679669
8.930465	4.8316836
7.0565906	9.220146
7.3797536	10.1890745
7.664907	5.821888
7.055777	9.546261
8.332116	5.6095977
8.212426	5.71488
8.250296	8.618945
8.857057	5.443968
8.211766	5.2118206
8.231128	7.86264
9.214831	4.719239
8.982107	5.0846686
8.767636	8.663893
3.3086941	7.5640626
4.7291923	6.0982547
8.262447	9.434448
8.327215	8.10152
8.915719	7.2258015
7.827571	9.4133625
7.820827	9.971776
8.898057	7.4292192
6.990977	6.377718
6.14299	5.7397027
7.5906897	8.649251
5.0468125	6.7401905
5.99184	6.3560925
7.382033	8.764797
7.9033594	6.541655
8.27239	5.809402
7.6081505	5.541589
8.620608	7.7919664
8.445639	5.94944
8.207612	7.3347416
2.108674	9.457873
2.894353	7.8213906
6.6556597	9.696622
5.7156334	5.5280976
8.372273	6.811705
8.310802	4.7663226
7.887751	9.209023
7.2293377	11.062529
4.814281	6.6304483
7.4194274	5.844501
7.8345222	10.637791
4.908016	6.1444993
7.990955	5.213203
8.294001	5.848118
9.48453	5.2345495
9.278197	6.05867
8.807815	6.0665503
8.170166	5.1757083
6.5730853	5.88137
8.556592	6.572189
6.963281	10.342108
2.018596	8.053021
8.455745	5.4441223
9.122816	4.610319
7.845757	9.338957
5.9988556	6.0215282
9.201044	4.7254105
6.2198615	10.933911
9.325006	5.450525
6.132171	5.445649
4.1112957	7.7939043
7.495094	6.4458823
9.585526	6.04663
2.4101171	9.056187
8.916424	9.003854
4.748797	6.991546
7.9671144	9.455532
7.272581	5.8133
6.707894	11.230607
8.369768	9.182504
7.1975904	10.542555
3.5171328	8.464481
7.4351745	9.0670595
8.199492	5.1143003
8.313168	9.706883
7.316943	9.827909
8.733074	4.623825
9.10684	4.541636
7.577215	8.312494
6.9098077	9.961251
2.999577	7.160541
6.910831	5.564221
8.03882	7.86113
4.479126	6.86422
7.9928975	9.135294
7.7863755	7.3768897
6.6580863	9.477296
8.463558	4.990465
9.695259	5.375586
5.9658637	6.0474777
6.633329	6.3317924
6.1175	6.5885215
8.03582	10.048786
8.744701	6.178893
6.550218	9.514848
1.7932355	9.250035
8.542338	7.741431
4.464636	6.298
7.737974	5.1541486
4.4727798	6.7173667
6.853309	10.3421545
5.978254	5.3959723
3.0224109	8.776079
7.0494204	5.5618205
3.8207197	7.3015437
9.021466	5.8969393
7.653235	5.7292547
6.2862287	9.88142
7.6166167	10.842632
8.771223	8.400908
5.68957	6.5269666
5.4251914	6.0130534
6.5443106	5.852704
8.25899	7.5798497
9.225038	6.8574786
4.548633	6.6292644
5.214462	5.9301214
3.0668306	7.80025
2.1830618	8.660528
8.7531395	5.3263464
9.599077	5.636485
8.859121	5.019598
9.166999	6.947922
8.223942	8.543059
2.3339944	8.192059
2.6989338	7.4259787
8.709181	6.1618075
8.714957	8.849746
7.4429812	8.780216
2.3985345	8.035158
7.727093	8.102448
8.153392	8.330848
8.974653	7.6373353
6.891692	10.204685
2.7648206	8.30695
8.360788	9.813134
9.217197	6.2575684
8.615702	5.017122
9.009051	4.9076667
8.531688	5.2357254
4.2944016	6.961577
8.796658	6.400348
8.176147	9.316353
3.8143587	8.189623
7.1251006	9.567457
8.59189	5.623736
5.708817	5.969091
4.831146	6.4479413
6.113713	6.1068096
1.9753494	7.6829944
2.4028661	7.756512
9.510877	4.935017
7.90988	9.487278
3.1132395	7.247389
8.93535	5.6009326
9.551544	5.136599
9.205319	4.6080875
4.5569143	6.2989273
8.592816	4.8982453
1.5171347	8.204869
8.559494	8.905301
3.5092547	7.004925
9.225418	5.531545
8.083893	9.739202
2.5114126	8.086267
7.357831	5.4229975
7.8931384	10.306769
7.446494	9.411269
8.126122	7.5355268
1.6175143	8.665909
6.958553	5.480408
5.2784195	6.167678
8.380794	8.434538
8.402916	7.4606986
6.7777348	10.318051
6.9747376	9.791351
7.871776	9.27701
8.615314	4.9059734
8.836903	6.2500925
6.711677	9.964895
5.8792267	10.045103
3.3866696	7.399848
5.7354965	5.549417
6.3308296	6.352988
7.2315035	8.950666
7.3175364	5.467633
8.796901	4.7819324
6.042322	5.897791
3.7733238	6.5943084
7.516843	8.878561
9.258226	5.5762415
1.954428	8.618311
7.9361825	4.952545
4.223625	6.482664
7.5661907	10.178895
7.328107	5.269021
7.751606	10.087874
1.4058867	8.855485
3.812401	6.7281933
5.721358	5.7367344
9.287075	6.903961
7.559836	6.276786
5.146549	6.502577
3.289276	7.7712154
8.414836	8.487419
8.666993	8.655283
8.117995	7.418899
7.6194806	9.320558
7.913219	8.785432
8.712066	8.367946
8.624175	8.136678
8.584673	5.090664
3.1761618	7.9825644
2.6758735	7.9644785
6.130581	6.5764265
3.7749968	7.1170416
8.68517	5.4893465
8.884823	7.9313827
9.337478	6.5955467
7.5331855	5.9510655
2.273543	8.977499
5.631586	11.162709
9.311688	5.7613616
7.257212	10.165944
5.242772	5.6361847
7.974464	7.9084735
7.604741	8.800926
8.587458	9.55008
9.002342	8.867486
9.091637	7.8181157
7.7324243	6.0917215
8.318793	5.141694
1.5556133	8.698596
7.9859166	7.6066875
3.6197343	7.1482167
8.324798	7.754902
4.483847	7.023654
6.31424	10.889201
4.579749	6.306501
5.0036926	6.161406
9.008832	5.907333
3.7786016	6.714623
8.190023	6.2266264
2.8644464	7.4711895
4.8899364	6.602604
8.346275	8.169992
1.2459034	8.548199
2.865136	8.165865
7.824113	7.145023
7.8412805	8.877745
9.459427	4.9410863
8.83386	6.9076324
7.9340115	7.637521
8.576565	6.2082567
4.8348255	6.17639
9.396701	6.308595
3.1749434	7.731319
2.0023935	8.519581
1.238313	8.745044
8.988152	7.778673
8.051763	7.829866
7.78578	5.0185757
6.9442396	9.984062
9.431928	5.0177183
7.7551575	8.738174
4.566806	6.5255494
7.30214	9.449677
8.035666	6.805747
8.833614	7.4576697
7.535726	9.811749
7.845763	9.21778
2.7047162	7.185933
8.687998	5.2666736
5.871682	6.2311506
7.240582	5.4040117
8.902052	9.097912
7.9987097	9.720594
9.087508	5.8359637
7.8098426	7.4004774
5.042259	6.077247
8.2740345	8.542479
7.4266405	10.281039
8.115354	4.936174
7.939112	5.288048
1.5107458	8.260785
8.855412	6.1448565
9.013598	7.5419235
4.875429	5.931847
4.5173817	6.256536
2.7571857	7.8516445
8.475629	4.8574886
9.515775	6.0426664
8.953711	7.2409773
8.79864	5.1046286
8.337482	9.755964
8.293966	8.01536
8.663585	8.827411
5.9905305	6.72323
7.929509	5.1808457
4.0052557	6.7097044
6.0284944	6.2471256
8.207173	5.158573
3.0894575	7.566606
8.243159	7.692332
8.48975	4.832296
8.690226	8.269338
9.12352	4.6533637
9.047997	7.7682853
3.0332325	8.079068
3.909002	6.4867244
8.290566	8.095088
3.8282435	6.8896456
2.3070245	8.936933
3.987663	6.2214613
8.792052	8.271191
9.108698	4.808144
7.2932878	9.010504
8.127774	7.9082007
5.33859	5.7022076
6.6399345	5.4141583
8.456912	5.8870993
9.068297	5.512112
9.431128	5.6806707
9.568642	5.298236
8.318655	6.9286222
7.6209154	10.095373
2.1773405	7.5607204
6.562313	5.972512
1.3948276	8.804477
9.439232	5.4605117
8.977356	4.7229123
8.187896	7.4021273
9.141122	4.8762126
8.22222	7.616283
7.111538	9.354107
8.66075	4.9130054
2.8603466	8.703902
3.0260348	7.5982475
1.8336047	8.546938
8.499465	8.54994
8.965367	4.5829396
6.7323823	9.458654
9.080924	8.391698
8.940539	5.357848
4.2266765	5.975198
9.590993	5.4612427
6.887797	5.850572
7.6102777	5.151993
8.4910965	6.2628403
6.141173	5.8554053
8.098864	5.0592027
4.7970552	6.297538
8.131157	8.420039
9.207825	4.6732054
7.554554	8.796486
8.971305	5.0521693
5.50341	5.8891087
8.069107	8.49013
1.7749131	7.705854
2.9025424	9.016652
7.240703	9.160784
8.850369	4.5423856
8.82072	5.7823844
8.846639	4.794004
9.182584	7.125908
8.79136	6.3571286
7.267839	9.559208
2.1142502	8.708874
7.983086	6.0263934
3.5157528	7.833752
4.9343085	6.8228426
2.4113185	9.145184
4.3951426	6.421611
2.2527244	8.192923
7.2052393	6.0971007
7.794337	8.940231
1.6465645	8.138737
8.90305	7.210771
4.6150966	5.973239
9.703795	5.4250116
7.132363	9.089728
8.468822	9.958581
7.260908	5.725053
9.314682	5.04588
7.9230733	8.641065
2.7103817	7.662358
6.0471163	5.6709266
5.78561	6.0044007
8.8621	4.6420712
7.017143	10.121967
8.895295	5.596934
8.991017	4.5562906
7.599941	8.849562
3.272297	7.385775
8.740433	6.291689
8.486357	5.6253066
8.678849	7.281591
2.3194883	7.3885612
7.8064413	5.4305015
6.068489	5.7701893
7.168534	9.929419
3.2899773	7.53393
3.8545146	7.0283046
6.815726	6.352739
8.44136	8.068052
3.805781	7.8471193
6.740477	5.490655
7.312568	6.0263305
2.31361	9.628523
8.719792	6.4854393
2.2774148	7.6253247
8.064824	6.0568485
4.919604	5.797896
4.385132	7.1837144
8.073836	6.6796374
4.791602	6.7115088
9.035702	7.506661
1.4485718	8.347848
4.73197	5.9451904
8.8116255	5.0532517
7.9977827	9.677914
4.493771	6.330769
1.4711709	8.814187
8.749648	4.6336436
9.205111	6.8650727
4.2820325	6.5808616
7.760468	9.454194
4.621	6.765858
7.669184	8.220158
8.621861	7.9210854
5.874442	5.925218
8.498739	6.585102
3.2316563	8.574324
6.7583795	6.178311
4.304045	7.060483
8.730061	8.443077
9.60708	5.536664
3.2156453	7.3839626
7.71393	5.738802
8.341957	10.147892
5.533766	6.237406
8.28236	8.868957
4.1923857	7.601015
8.417432	5.2200665
9.110301	5.9604797
8.524738	8.666579
9.155415	5.3022485
5.921233	6.134377
8.924244	8.821015
7.341084	6.5663166
7.183768	5.5516157
2.8971865	8.604872
3.2174077	9.040539
5.4655733	5.821987
7.0201187	10.059274
2.9989386	7.861048
8.1159	8.090833
8.389714	9.541921
8.679965	5.6662626
2.078869	8.829142
5.264938	6.081032
4.41236	6.8958354
4.2028008	6.526077
7.0379834	5.7876344
8.577555	5.9053283
8.948427	8.941357
5.9865007	5.9231386
7.2891884	9.425698
8.396277	7.169891
9.089647	7.4949
1.6910844	7.959296
9.121463	6.4613886
7.8687706	6.878444
9.264935	5.1853175
8.763527	4.6909046
8.510592	9.636426
8.80867	8.85968
7.120545	5.588197
9.087626	7.3534675
9.081089	7.826821
8.560924	5.3317432
9.435667	4.7639866
8.136249	10.33608
9.065635	7.53541
8.149788	5.2647085
8.701257	5.3405833
3.3934076	7.588154
2.6532378	8.626123
8.768229	6.6412115
9.214062	6.084839
4.1371803	6.3537602
8.239805	7.26681
1.3432722	8.707289
5.5906515	5.5112863
1.6125906	7.9926853
8.8090105	7.427458
7.619747	6.1221714
6.315717	6.3256655
3.1872766	8.108602
2.8839335	8.672185
7.9869986	8.114394
8.809349	5.527486
8.696357	4.6014075
7.3393507	6.2826037
5.5343595	6.059619
9.117756	5.7007074
7.55432	10.919334
7.2410064	9.356257
3.6602364	8.156381
8.716045	7.368856
8.717959	5.850401
8.765796	7.2861695
8.871188	8.034408
9.517587	4.877458
3.4658623	7.6654425
7.80851	9.017545
4.0968456	6.247484
6.280992	5.509371
8.407936	9.143332
8.365499	4.9382205
3.8169868	7.5145206
7.33197	5.030371
7.760281	10.56365
8.942156	7.048448
6.629446	6.00352
9.020259	4.522643
9.343784	6.0249557
7.942199	7.6957197
4.5419016	6.255668
4.6373296	5.9562454
7.2237444	10.058111
2.0288107	8.900812
4.7498813	6.023435
3.0040593	7.194012
6.1058927	5.9842963
8.718777	7.4951973
8.756492	7.9091706
8.871339	6.940619
7.394092	8.802698
7.255904	5.782505
3.1916237	8.077184
7.2109923	10.091143
7.729588	10.775251
6.220725	6.190416
3.59843	7.070478
7.427949	9.42268
8.593718	4.699974
8.232705	4.899796
7.6031957	5.6805625
7.2967343	6.214067
6.8188086	5.4997687
8.39966	7.3234935
2.477706	8.083128
9.406819	6.427539
8.532582	4.9788604
8.215347	7.327847
8.797264	5.734682
1.8455819	8.302005
6.3027177	5.4769363
8.681055	6.8040466
5.6931834	6.3143926
7.0392885	9.136588
2.4025471	8.201708
5.905352	5.985898
9.032569	6.1215587
4.9552474	6.772343
8.456756	7.6322174
7.8571877	10.388181
7.372397	10.108131
1.586882	8.418869
2.100582	8.272174
2.9083815	7.4708667
8.559591	7.658779
5.167995	5.97039
7.851362	10.555972
8.258264	5.893932
7.710852	5.8816447
7.758698	10.143897
8.512315	6.917595
8.535316	5.43019
8.4706545	5.863381
3.0626178	7.469346
8.178747	9.071949
8.719005	4.8685555
7.897528	10.04888
3.5100186	7.051123
8.740141	8.494051
7.1058793	5.587977
9.325655	5.86314
4.391361	7.120444
8.850243	4.906959
7.551426	8.772677
6.3308077	6.5515833
8.396727	5.072678
7.4303975	9.145673
3.573335	6.9340005
7.2199435	5.865197
2.0854018	8.7472725
7.20459	5.016938
1.2892048	8.3934965
5.020647	6.439436
2.4532166	8.137665
2.4150002	9.064697
8.50111	9.031528
4.882694	6.295197
8.761258	5.3739667
3.4235241	8.24668
9.5001745	4.960734
2.1554968	8.85716
7.7988453	8.54511
9.307401	7.032129
4.396716	6.170527
8.459042	7.5101857
1.7789654	7.9201827
5.673434	6.2694254
6.3554626	6.233582
2.6141264	8.422962
9.016302	5.141831
8.717748	8.319581
8.244817	6.6218214
9.026789	5.2517447
9.534271	5.139255
9.292829	7.092788
8.178573	7.8423395
8.498511	7.1068873
1.3330016	8.665516
8.851804	7.9710994
8.106558	9.900304
2.9682233	7.0429034
7.420604	5.329377
1.9607477	8.598398
8.679611	4.7923446
7.186174	9.320841
2.5152571	8.956834
9.291994	6.564182
4.0840917	7.125141
8.608101	6.1873937
8.125172	7.734625
8.57223	7.9427557
7.574797	5.775011
6.4944787	6.1184845
8.255077	8.369356
9.543396	5.1385455
6.8992143	10.925872
9.596952	5.7344446
5.603835	6.2145686
9.564106	6.106051
7.809399	9.645918
5.1288548	6.57873
4.9464045	6.6705046
8.593235	9.121719
1.5349573	7.973039
7.989016	5.933728
1.4265231	8.356047
9.233197	6.5065055
3.8048553	7.0687833
4.291132	7.25397
4.779551	6.6550913
9.3283825	4.6547556
8.296192	5.0447254
9.022832	4.9012737
9.855803	5.419596
3.8419158	8.770085
7.9593863	8.610034
7.440827	10.183775
8.991999	5.1989155
4.6097918	7.2541595
6.008321	6.191258
9.088643	8.42854
6.8857865	5.9521694
5.4811425	6.106501
1.4615978	8.322032
8.844955	8.426549
8.039289	5.02283
7.4264903	9.823187
2.6030533	8.024527
4.4862833	7.183857
7.25762	5.5427785
7.452634	5.075105
9.03351	7.7996836
8.0246315	10.14816
9.608041	5.003209
4.9316745	6.3389854
2.1399505	8.327441
6.63263	5.6291156
3.8714616	7.097691
8.3690815	6.0726914
3.2175999	7.8584976
7.9775434	5.028429
8.073493	6.0747404
7.8311543	9.906839
4.2258406	6.4261656
4.8088417	5.9943786
4.90498	6.4916053
9.659981	6.047638
7.9262986	6.585936
4.3459907	6.678464
8.8946705	5.970086
7.2001824	6.3220997
8.636038	5.770875
8.696304	5.2434382
1.7267522	8.277411
3.4958498	7.1645594
4.2334256	7.430464
9.308903	6.3610315
4.2714157	7.04096
8.54166	5.2156086
5.2500434	5.875644
4.4810753	6.5416484
2.4282591	9.613953
6.2812157	5.574215
7.844177	5.57179
7.8087983	7.4677043
4.5591183	6.9440556
5.4464955	6.2327843
1.740897	7.8603477
8.624108	4.713677
7.046694	5.4302316
8.655225	4.81717
8.509399	7.310388
8.823857	6.2156386
8.822233	7.361253
9.692267	5.3737307
9.257978	4.942821
8.419544	7.710679
7.501648	5.3803244
5.229436	6.6527576
8.407337	9.767878
5.063587	5.8028145
8.517155	8.277722
9.123982	7.2210026
8.62841	6.7595754
8.920222	7.1164207
8.709954	9.108324
7.6606913	10.177784
2.4192114	8.23614
9.113796	4.606923
1.3323886	8.644919
8.176312	5.500242
3.8405967	7.5446224
8.740748	4.6939483
8.432293	9.983714
2.7471979	7.915175
4.0271525	8.011608
7.7720237	10.389048
9.3849	4.7124004
7.4806023	5.4191766
8.651198	8.689332
2.8208654	7.0826263
7.8893886	9.876891
8.151736	8.75654
8.591246	6.978679
7.2869973	5.2709703
7.8574595	9.098127
9.73407	5.170228
8.103229	9.267215
8.113879	8.341433
3.6282947	7.285224
7.2274795	10.723908
7.5567107	5.341028
9.5057955	5.9433007
8.715452	6.8928747
8.47196	4.8990035
8.198411	10.31385
9.396211	6.6492987
3.6532378	7.0492105
7.0718575	10.499283
7.9287333	9.010099
9.523424	5.7797704
8.630394	5.951611
7.8736587	8.960172
2.0768585	8.924
8.812381	6.2718916
8.455035	4.908194
1.68763	9.084928
8.482263	7.9592047
2.793008	8.010789
9.002682	5.660648
7.4234934	5.291169
9.278352	5.7838635
9.290005	4.8104296
9.067996	7.8107758
4.8898683	5.873522
9.715261	5.8184443
1.5049402	9.054024
3.9991338	7.2132154
5.4768324	5.5511546
8.516712	7.335588
8.753998	8.161158
4.8295026	6.6945605
2.0973372	8.713673
4.1078787	6.924589
8.486204	9.384036
6.7732263	6.136907
7.721057	8.89691
9.579644	4.764038
7.8487916	6.2597704
9.331094	7.5689754
8.007123	8.737232
5.1590004	6.028291
9.642903	4.8950505
8.712642	4.751477
8.791558	8.23208
8.360593	5.7904863
2.6225023	7.577721
9.001803	4.7309585
9.234937	6.999096
7.8122215	10.785238
7.764601	8.995879
7.7296233	5.3868356
5.82133	5.7850885
6.2514453	5.425973
8.668141	8.187913
8.551945	5.067701
9.419601	6.0706897
8.958068	8.813664
8.212759	6.326493
6.8246365	9.819145
9.204464	6.0566087
3.1589131	7.3200054
8.606082	8.264059
8.640214	8.190983
3.9009516	6.961324
6.914016	10.94712
4.7839155	6.3050733
4.4345055	6.809246
9.300145	5.501451
8.166726	5.1327734
8.360298	7.7073565
8.364058	5.0006313
9.629214	5.775108
6.750777	10.206211
2.8487704	7.5444703
9.4762	6.3010936
9.077306	5.5074716
5.1862645	6.664165
1.4949415	7.8755426
5.900899	6.671154
7.066624	10.315211
7.739653	10.553335
8.411907	9.182766
4.8110175	6.3334336
6.8377585	9.901857
7.764494	9.909283
6.815263	5.5495296
8.043443	5.4497104
7.7687044	10.104851
4.7646728	6.571016
6.9676814	10.527854
9.220815	4.7946453
7.5150633	9.432911
7.428554	10.174515
9.378953	6.153173
7.5659647	10.105246
4.1743965	6.7529716
9.348222	6.2702284
8.456661	5.269092
8.083873	7.8665338
8.275374	9.454257
8.780938	8.230222
8.825854	6.9594817
8.880827	5.4180803
8.126188	5.366356
8.911685	4.998288
3.1841218	6.954896
8.738843	7.5107236
9.248821	6.0075536
8.839008	6.2797275
8.040311	10.196273
9.035012	5.627083
7.345708	5.5384073
6.197012	6.676629
8.293115	8.745801
6.60508	5.6150208
4.227564	6.27111
8.859518	7.4757943
3.0098112	7.902384
7.061522	5.561333
9.487674	5.3459578
9.289042	6.0774474
2.5595498	7.9551597
8.43878	6.32501
9.792792	5.199855
4.4909744	6.637983
8.07477	5.1554184
9.356455	5.685392
8.385574	6.9052744
9.066315	7.5214634
4.3232236	6.6762915
1.8391801	8.51707
1.6491606	8.716598
6.7319894	6.300973
9.26816	5.3302484
2.1585453	7.6751304
8.4708395	4.93371
1.6616312	7.800219
2.2853954	9.102016
7.9691024	9.284829
7.834378	5.355679
7.25008	6.2563443
7.7432523	7.0357094
6.3098536	5.7579894
8.02073	8.404211
7.6524305	5.3395257
8.873632	6.1419063
7.4037685	8.969668
7.7030234	6.333602
8.71436	4.6807513
8.531853	6.5999875
9.056816	5.826189
2.3980796	7.9442453
2.249145	7.9373
4.9917417	6.298131
9.338989	5.2266297
8.342574	5.125289
4.324215	6.3530726
8.989554	5.241938
9.180034	5.913849
7.0527525	9.819881
8.518042	7.8974257
8.684761	4.841318
5.9723544	6.01664
8.296907	9.702405
9.258568	7.0732083
7.7778554	9.808424
2.9075515	7.733496
6.3602405	6.103223
7.729675	10.737936
4.226645	6.3090096
7.6744504	10.570943
8.963134	5.832716
8.999053	5.1741037
3.4510982	8.249362
4.170781	7.066939
8.259493	9.78604
8.24036	5.6605573
8.840013	4.6441765
9.005506	8.561223
3.4995723	7.3801293
2.4614804	7.44708
8.375252	5.8864355
4.2794633	6.409314
9.017143	5.4793324
6.73051	10.324344
4.707403	6.1588516
8.633383	5.173601
8.196473	6.772278
9.508755	6.4591513
8.39463	6.827706
9.159137	4.9173093
6.762327	10.6573305
2.2983148	8.626459
7.5147166	5.714455
8.104286	10.370622
7.680003	9.711326
7.3297153	10.113524
8.844412	5.4177895
9.516419	4.863749
7.226513	9.681067
8.728341	6.8389187
8.276583	9.557697
7.6134024	10.269622
4.008851	7.4202175
2.6265779	7.981803
7.6482406	6.0247474
8.485661	6.305269
8.591143	9.329167
7.2265368	5.607145
2.7426076	8.14894
8.536918	6.1328363
8.0097475	8.042298
8.059853	8.494978
4.817339	6.4159746
9.10358	4.493907
7.7403545	8.625951
3.038861	8.279216
5.2249064	6.4379573
9.168237	6.5365424
7.2833543	10.233482
5.561301	6.4455047
7.916764	8.516344
8.274011	7.6794987
8.136846	6.604274
4.752411	6.2161493
3.7233527	7.0640774
6.9370456	10.748021
5.510526	5.9996424
9.373585	6.5671105
8.367416	9.817892
7.0143323	11.14138
2.618701	8.06627
8.399669	5.396499
8.311963	8.7404995
8.823108	8.866701
1.248513	8.87192
8.58108	6.190219
8.992576	5.457408
9.249826	5.060283
2.858718	7.1570344
2.1577182	8.150161
4.0521736	8.8590765
4.475993	6.2055483
1.24035	8.86445
8.910071	7.4804034
9.135481	5.390598
6.5033793	10.979
8.188459	6.632896
8.582149	8.084013
8.779075	5.1918616
5.0622697	6.845623
7.955856	6.2169394
1.9911926	7.564177
5.6562257	6.596191
7.6428576	5.3766937
7.6683235	10.26
4.686656	6.0161333
4.6837573	6.773109
4.3733673	6.4386706
7.542024	5.592228
8.080416	8.693612
8.989547	7.6965384
8.536636	8.574641
7.2746506	5.8204937
4.6024394	6.8933864
1.8720907	8.067136
8.512183	4.7928367
8.363398	8.7507
4.078133	6.654358
7.186743	10.12191
7.2030177	11.060099
2.1133232	7.4783545
8.754392	7.983505
8.053091	5.30908
8.156268	9.536579
4.6499786	7.1472235
7.8943534	8.83984
8.833576	7.3642907
3.139008	8.1152525
8.953181	8.854372
8.8425865	7.063607
4.898409	6.9610467
7.3760753	9.941707
7.841761	9.2698555
8.604063	9.530019
4.5723257	6.684705
3.9886062	6.4458637
2.9996898	7.8629665
8.803115	7.579671
7.007736	9.663123
1.9413707	8.87552
1.7630576	8.21773
8.204256	7.359919
5.808617	6.170135
8.073677	10.385723
8.357048	8.419186
8.566134	4.7762394
1.5309516	8.116892
9.802889	5.371356
8.90419	5.3142405
7.151439	9.983739
9.065877	8.441237
8.202209	8.463389
8.488344	5.58463
5.45602	5.9540567
5.547684	6.121484
9.155491	5.2499185
2.9185977	7.326878
7.454137	10.229803
6.7117276	5.614782
8.684841	8.979991
9.402524	5.69676
9.128473	5.1968412
2.9349144	8.119586
8.251887	5.601039
8.443808	6.183422
2.3461957	9.25619
4.026457	7.213672
9.200908	4.479228
9.017207	7.880589
3.7122831	6.720218
2.9186728	9.022318
7.8343606	9.112989
5.3052797	6.2898397
9.355723	5.767383
8.247	9.014808
6.544263	6.0208535
7.1010704	11.084218
3.467111	7.3411407
6.5584617	9.669266
1.4629921	8.157117
9.2530575	6.781542
7.952629	8.234872
6.745377	6.300284
5.8606024	5.9911137
8.561427	6.428946
7.9448595	8.085099
3.2426307	7.889163
3.3551865	6.890404
6.0123777	5.9941554
1.9954104	8.7450695
8.32821	7.9503746
9.171815	5.5096183
7.7048726	8.602439
4.9116864	6.5270123
7.2099056	6.121836
5.7787347	5.9554033
1.6822338	7.965361
4.5735545	6.3453937
8.011022	4.77819
5.344607	5.8309774
8.5760765	5.6391907
9.207195	4.55235
2.2911208	8.837212
9.440061	5.9146466
9.059224	5.195931
8.324558	10.028224
5.299761	6.359667
4.4261527	6.0528545
9.045778	5.9967833
9.123025	6.6632347
7.6855035	9.648496
4.7346	6.6960125
9.227725	6.0895824
1.5717334	8.620706
9.479269	4.8192368
3.8907828	6.622983
5.4856625	6.602663
9.340441	6.0356736
9.291678	5.076289
9.344809	5.085938
7.489194	5.6419606
4.1697865	6.9925785
9.278611	6.5217156
8.35395	5.383433
4.2474794	7.1407104
8.135324	6.4812784
5.8284273	6.2147512
6.9592323	10.511603
7.8326154	6.247733
6.7965	5.9989395
6.011275	6.3277593
8.610222	7.444795
7.390921	9.222174
8.808946	7.66677
7.7676754	9.619418
2.5763822	8.443576
8.259284	7.507012
3.1828713	8.290993
4.896078	6.1343665
5.3087697	6.1261497
3.0499291	7.425749
2.2071977	7.6811204
8.2355385	7.666494
8.141817	7.573306
8.275014	7.2967114
7.6542616	8.554066
6.897176	5.5814342
1.3929982	8.393074
3.0426188	8.112059
1.2855254	8.814096
4.589569	6.0165606
9.175241	6.170761
5.456879	6.250019
7.1772804	10.854471
1.7456723	8.431094
9.602586	6.219746
2.117199	7.7717614
7.859078	8.325859
8.999114	7.1828256
6.0420375	5.8136463
4.149382	6.8934965
8.30367	7.0479827
9.046904	5.2290397
9.340438	5.842662
6.8215613	6.2959094
7.9156637	6.2804756
8.558879	9.023879
8.753167	6.1798544
2.2002301	9.456965
9.257016	5.722571
8.075203	5.543266
2.877033	7.788843
8.473963	5.9423156
9.138198	5.9381967
4.969784	6.57338
1.9517951	9.183159
4.4906297	6.274908
9.024022	4.5445127
7.023593	10.440067
3.4479334	7.2062874
9.4579935	5.168871
8.499015	7.0255737
7.3138227	9.692171
6.847293	5.7779684
3.0046217	7.7052855
7.9505877	5.688835
9.393192	7.4970365
7.8752995	8.621564
6.0678396	6.0435677
8.102201	5.8014956
9.241079	6.2970123
8.552589	8.694007
3.98412	6.5994678
8.26225	9.741563
7.073247	10.701367
4.309441	6.480005
7.501701	9.710793
7.9258723	5.470405
9.187433	6.750845
7.9936466	7.2890205
7.6190095	9.864813
4.2994637	6.739015
7.1415024	9.6266575
5.653103	6.181322
4.681099	6.4657664
8.498989	4.9584494
8.8964405	6.1626625
9.654336	5.5776024
8.699902	5.3263555
9.354336	4.7415814
9.223307	5.3782916
2.2614717	8.822767
1.9254948	8.176373
8.263627	6.9454956
2.2220256	8.060027
8.280975	10.169929
5.7167487	5.9286385
8.561124	7.237247
9.216098	6.6602545
7.4580183	9.403444
7.883926	10.139176
8.521371	5.4075127
4.566512	6.7045755
8.036994	10.215334
4.404821	6.4071546
4.874523	6.379825
1.5287066	8.612451
7.381965	9.531296
3.9969158	7.3612576
4.665868	6.455026
9.476775	5.536389
9.9120655	5.414385
6.8778358	5.8485756
8.998815	4.902056
8.527558	9.322768
9.681115	5.74624
7.630426	10.187543
8.844955	6.2981806
9.419136	6.7300067
9.264656	7.1296344
5.9257936	5.986618
7.507623	10.450327
7.8710628	6.9776545
6.7245035	9.994191
2.6088774	7.618929
6.3223414	5.9127984
2.0351841	8.281616
8.893662	5.836473
8.280423	5.925479
1.6330504	8.493883
8.070925	7.3579745
5.552689	6.1230545
7.845519	10.201722
9.394956	7.553677
4.987838	6.1747923
9.221987	6.2212076
7.715926	5.111559
9.863196	5.418984
2.6205685	8.116537
9.239393	5.28589
8.973843	5.628339
7.2035117	9.472144
6.199653	5.6097946
6.143274	5.631386
2.0031464	8.205264
8.750475	5.192205
8.047164	8.275502
8.547957	8.521934
8.39967	5.3440537
8.717858	4.916124
9.513547	5.600762
8.338759	7.2293735
7.6165037	9.691098
2.7946332	7.696606
7.98952	7.9348645
8.055599	10.005014
7.519054	9.532015
2.0285325	7.6806197
7.41478	9.58965
7.8356905	10.13659
7.3287873	10.990262
7.756181	5.143643
7.968659	9.182345
2.6789193	8.088485
9.290273	5.7101965
8.231644	5.731515
7.196212	9.936521
1.2639532	8.711994
8.001814	5.9920526
7.678961	5.13351
8.010588	7.334474
2.3102968	7.5074086
9.052305	5.588705
7.836242	9.502747
1.8395258	8.928849
8.348181	5.8177443
