6.1067142	-3.4404154
-0.977133	9.78261
-2.187455	0.37605858
-8.789001	-10.460429
-8.889794	-10.439645
-9.320068	-10.357031
-0.25413415	9.37303
-1.7716538	10.441873
-1.5602268	10.401437
-0.32898122	9.385937
-0.17365228	8.801221
-8.954569	-10.499302
-1.6339535	10.408503
-9.0541935	-10.6964035
-1.5039448	11.127814
-2.3558426	1.194186
-9.017991	-10.57262
-9.061137	-10.505346
-12.221701	2.188591
-1.815466	10.287129
-0.3454781	9.448681
-1.4422573	11.351471
-9.047559	-10.63098
-9.115244	-10.343009
-8.813224	-10.345465
6.832354	-2.3961334
-2.2821045	1.10794
-2.6478338	1.885435
-3.2226622	1.57856
-8.985152	-10.575426
-1.3624921	11.4909725
-8.848667	-10.559194
8.519371	14.694682
-1.4230494	9.125612
-1.1051257	9.326854
-8.991388	-10.707441
-1.3942584	9.090132
-9.210073	-10.649787
-2.0702627	0.99207413
-9.001154	-10.441969
-1.5508338	11.179667
-9.038991	-10.640177
-2.2591157	1.1380322
-1.6215417	10.325331
-2.3574705	0.46864954
-1.7248011	10.398039
-1.2176061	11.409521
-1.6584781	10.8481455
-9.307166	-10.327671
-9.12132	-10.494074
-9.115125	-10.603879
-0.2199704	9.113378
-9.322101	-10.306749
-9.313858	-10.336824
-1.3260462	9.946407
-9.224114	-10.427667
-0.40738046	9.247985
-9.035091	-10.433229
6.3859878	-2.781653
-0.806518	9.455032
-1.9911395	0.76701117
-2.5650294	1.1060535
-1.7352557	10.239063
-0.45399243	9.170698
-3.0993402	1.6575987
-0.33013785	9.399864
-1.7480522	10.316139
-1.1001564	9.129486
-0.7556875	9.539876
-9.374899	-10.308604
-8.871536	-10.52843
-1.534544	9.139766
-0.9190763	9.76179
-1.5132158	11.076862
-8.837997	-10.543683
-1.453582	11.390405
6.887652	-2.4580998
-8.909813	-10.63845
-8.966455	-10.684227
-1.7390677	0.28182206
-1.7421724	0.24433848
-1.593141	10.969104
-0.69542867	9.3794365
6.092795	-3.2415013
6.821097	-2.7761278
-9.152282	-10.581874
-9.008171	-10.792461
-0.3079551	9.3941145
-1.3693964	11.469164
-9.186017	-10.310318
-9.184341	-10.571016
-0.16711783	8.740119
-8.804755	-10.460146
5.626356	-3.3434148
-1.1645771	9.283279
-1.3920139	9.235058
-2.4260516	1.1265819
-1.4292768	11.235955
-1.7581859	10.352285
-9.29015	-10.358016
-8.860912	-10.553847
-1.2991679	11.448557
4.775474	0.517411
-1.1482354	9.295167
-0.4149297	9.282132
-9.1630125	-10.635958
-1.3725489	9.024015
-1.9521468	10.83246
-8.944759	-10.628928
-1.4704963	11.334807
6.5109916	-2.6678138
-1.4328526	11.340037
-1.557574	11.069007
-1.2255479	9.23385
-8.906032	-10.437138
-1.4498377	9.115079
8.395458	14.449237
-9.082903	-10.438197
-1.3186182	10.006928
-9.118036	-10.26646
6.543852	-2.6180964
6.490137	-2.450791
6.8216224	-2.687286
6.8398027	-2.545139
-9.333102	-10.325425
-9.343204	-10.313869
-0.30514166	9.379169
-1.7227916	10.428432
-1.4747466	11.338915
-1.6121	10.818727
6.410078	-3.301556
-2.2805345	0.46330124
-1.6628854	0.23200178
-9.1588125	-10.649098
-2.3175452	1.1251428
5.5441027	-2.4913158
-1.4651822	9.1432
-2.0012822	0.94221693
-9.078417	-10.485262
6.658661	-3.1895347
-0.4999393	9.425892
-2.7375586	1.8127455
6.5006027	-2.5245693
-8.919946	-10.69322
-9.028007	-10.685597
-1.4847448	9.192846
-1.6119546	0.3258905
-1.2588816	9.165346
6.600147	-3.1485794
-8.846269	-10.61943
-1.2940842	11.472719
-1.8414925	0.20506512
-8.879399	-10.459946
-9.024696	-10.657637
-8.865596	-10.564065
-1.5404422	11.1010275
-1.2774891	9.225568
-2.5833719	1.8545403
-2.615258	1.8771049
-8.938624	-10.33778
-1.7342314	10.312967
8.5191345	14.694774
-2.22942	1.1025146
-1.747865	10.335853
6.526943	-2.4301999
0.13725536	8.644349
-2.2232895	1.0944984
-9.158403	-10.639866
8.395667	14.448742
6.55446	-3.1161087
-2.3890953	0.4600228
-4.5887423	10.522546
-1.4717218	11.142752
-1.263023	9.110665
6.5608273	-2.5521512
-1.3489733	11.080591
-9.001321	-10.687106
-1.1706897	9.130289
-1.3638016	11.2106085
-1.2058963	9.31548
-1.472972	11.470271
-0.80318505	9.477652
5.81691	-3.6589942
-8.866625	-10.56216
-1.6564021	10.322201
-9.183556	-10.633904
-1.4532592	9.086129
-1.2445569	9.38291
-0.3763794	9.227246
-1.5787243	10.864432
-1.4266729	9.187067
6.3150578	-2.894574
-2.614586	1.1307945
-3.2226632	1.543501
-9.214827	-10.320327
-1.0738631	9.84184
-2.5069947	1.9600142
-1.441567	9.108874
-2.4412546	0.4531018
-8.741458	-10.453588
-8.941589	-10.632937
-9.057198	-10.685135
6.6373515	-3.1751044
-1.3529693	11.4366045
8.432899	14.539727
-0.37271726	9.415818
-1.7136942	10.286912
-1.3131742	9.387785
-0.006226273	8.793442
-1.3902445	11.2866335
-1.5170839	11.069206
-1.7748272	0.23479693
0.08343604	8.730521
-1.8136505	10.48599
-1.7861022	0.3819504
-0.9562309	9.533575
-9.06836	-10.619675
-1.4378005	9.070241
-9.031162	-10.746081
-2.3714836	1.0841296
-1.1515335	9.317613
-1.4558175	9.113276
-8.789635	-10.484673
6.910682	-2.3840973
-2.485149	1.9847777
-1.4869744	9.073907
-0.44354153	9.027571
-9.245074	-10.49047
-8.902913	-10.421053
-0.48285884	9.044405
-3.0926387	1.6526906
-1.562649	10.976731
6.6489606	-3.2065597
-1.5903544	10.369884
-9.212539	-10.323719
-0.6767539	9.259825
-9.170658	-10.652209
-1.3185533	9.852178
6.2778926	-3.4560266
5.2955065	-3.142154
-9.051056	-10.429154
-9.043477	-10.289494
-1.4607693	9.099122
-1.5347086	11.242185
-1.4670646	11.347644
-1.1235251	9.835302
-1.6302439	10.801616
-2.483337	1.9426574
-2.213724	1.1135194
-1.2293133	8.968561
-9.222424	-10.472357
-1.5061907	11.195865
8.45041	14.577989
-8.928395	-10.545067
-3.5263355	1.6623383
-0.6916263	9.303764
-1.5783502	10.979967
-1.1814859	9.465495
-8.980859	-10.708583
-2.4097798	1.1145945
-1.4343756	9.061101
-3.1621783	1.4935126
-1.751487	10.321363
5.412004	-3.2078013
-0.5797744	9.179171
-9.029625	-10.785415
-0.99580526	9.241328
-0.7023056	9.447809
-1.4255726	9.132227
-8.810676	-10.468067
6.590298	-3.1916406
-0.45497167	9.398929
-1.4157268	11.428069
-0.9175014	9.776187
-0.5007157	8.99852
-0.037334356	8.8310995
-0.4531305	9.351628
-0.93330514	9.392847
-1.6410428	10.347987
-1.1788392	9.309684
-1.7662064	10.365258
-9.196938	-10.580678
-0.86207795	9.502589
-1.6469802	10.707461
-1.3173033	11.49578
-1.1178502	11.483184
-3.0906155	1.6361212
-2.3955028	1.1879721
-1.2546023	11.490927
-1.2590212	11.491507
-0.4126073	9.405301
-1.656169	10.834913
-1.6998378	10.323747
-1.7873452	0.14698412
-9.3299885	-10.33061
-8.906659	-10.390152
-0.9129886	9.748002
-1.7739631	10.281142
-1.3059992	8.936848
-9.114395	-10.729949
-1.7070683	10.311351
5.34191	-2.865283
8.38436	14.437019
-9.021458	-10.2983055
-0.424228	9.421382
-8.922304	-10.457854
-9.001245	-10.429337
-1.1917862	9.906379
-2.4459798	0.4917152
-1.7726862	10.501558
-1.4570209	9.105373
-2.2819393	1.0747982
-0.7547594	9.455886
-9.321901	-10.304656
-1.3217973	9.713216
-9.318249	-10.3196745
-1.2863766	11.4551325
-1.3172392	11.473024
-4.819459	0.5963504
6.603961	-3.068442
-1.7359464	0.3290779
-8.938398	-10.35993
-2.302148	1.1040083
-0.9335844	9.5754175
-1.601105	10.512746
8.369751	14.402691
6.194454	-3.2759573
-1.024037	9.133016
-1.3306623	11.398068
-8.8012085	-10.470253
-1.170224	9.333739
-1.1934497	9.369441
-1.7829689	10.518252
0.07062278	8.700259
-0.29706538	9.250767
-8.877099	-10.476819
-1.6588106	0.2981964
-9.369132	-10.320535
-8.785019	-10.485764
-2.1531842	1.0326813
-9.081426	-10.342119
-9.040324	-10.61063
-0.26827058	8.845874
-0.80826485	9.29784
-3.050526	1.6590914
-1.6994249	0.19858494
-2.442692	0.4845235
-3.0642145	1.6523129
-0.98193944	9.689224
-0.13831767	8.757582
-1.2741835	9.236853
-9.023547	-10.65787
8.456217	14.587872
-1.350413	9.322733
-0.4305636	9.278503
-1.3198322	11.505952
4.8353596	0.46684912
-1.8240184	10.488576
-1.3428274	8.995675
-9.308275	-10.317177
-9.067007	-10.299222
-1.2147921	11.489714
-2.1050034	0.9432048
-0.8660975	9.482939
-0.5006797	9.378412
-2.7150733	1.1656562
-1.169171	9.873627
-1.5001062	11.133109
8.368281	14.421373
-0.35513857	9.398205
-1.3122401	9.510463
-3.042066	1.692399
-1.1409743	9.377411
6.3288083	-3.0938234
-1.2716105	8.9165
6.613703	-3.1752918
-0.80061084	9.354062
8.391512	14.445621
-1.7091485	0.2666093
-1.730515	0.22391681
-0.68428075	9.345556
-0.7224444	9.346807
-8.921671	-10.434809
6.6130314	-3.1988168
6.4286175	-2.7554111
-1.4176434	9.1168
-8.971078	-10.671046
-3.1100426	1.6752255
-1.713252	0.20975961
-1.6266928	10.688572
-0.23114711	9.329773
-9.041559	-10.733635
6.853533	-2.5091138
-2.4263082	0.3860215
-1.7544882	10.369422
-1.3621379	11.450542
-1.2014401	11.4784975
8.518194	14.692514
-1.2910378	9.963294
6.707911	-2.6996062
-9.304951	-10.296475
6.316688	-2.8107584
-1.2327509	9.922672
-1.6847857	10.4371605
-1.708682	10.5118
-1.5437659	11.140126
6.3761234	-2.396869
-0.37482363	9.416751
-0.41911918	8.945561
-0.022561645	9.058032
-3.6049185	1.6017507
-1.0431534	9.761437
-0.263665	8.765719
-2.382331	1.112578
-1.0872675	9.144645
-2.4252925	0.49423933
-2.328954	1.1509142
-1.008243	9.776521
-8.887848	-10.621829
-1.4892138	11.186156
6.6022596	-3.1845365
-1.4626161	9.084353
8.518085	14.692364
5.837453	-3.4012692
-1.7263465	0.22725777
-0.18751778	8.970074
-1.6721354	10.328968
-1.6644133	10.512988
-1.6312765	10.297213
6.3376837	-3.4059536
-2.5223444	1.8896626
-2.839706	0.3961119
-1.2954713	11.463002
-1.0199034	9.811831
-1.44811	9.102866
-9.013564	-10.749768
-9.346149	-10.313334
-9.107009	-10.346397
-1.2214543	11.476557
-1.3896703	11.408989
-9.019392	-10.660503
-0.5392017	9.039151
-1.7922419	0.30139792
-0.115409255	8.808235
-2.6153607	1.8910832
-1.9304295	0.31281424
6.5244217	-2.430885
8.449878	14.576602
-1.6411996	10.587263
-1.6337568	10.366487
0.06310046	8.730593
-9.360818	-10.315105
-1.5241742	11.065868
8.396027	14.458589
0.14850181	8.681874
-8.814957	-10.407029
-1.4714609	11.332286
-8.905207	-10.44994
-2.276118	1.0755544
-3.5889308	-2.221742
-1.6306155	10.807922
-0.5000519	9.268335
-1.4576824	9.167328
-0.84104764	9.242062
4.556497	0.5315952
-9.056203	-10.723256
-2.6972868	1.1823496
-0.44307306	9.208709
-1.6609836	10.522184
-0.31729725	9.407524
-1.4497187	9.127844
-1.1529317	11.524312
-2.242385	1.0150765
-1.2859765	11.45511
-1.1409988	9.824013
-8.962763	-10.513307
-9.0107355	-10.740349
-8.969011	-10.507548
-1.4295492	9.106583
-1.7545022	10.353461
-0.6228206	9.337249
-0.085989766	8.780117
0.17075592	8.642911
6.489331	-2.4896076
-9.012702	-10.61722
-4.919283	10.807973
-2.0761938	0.95751625
-1.3053496	11.47967
-0.14516288	8.793785
6.553375	-2.4347274
6.5620217	-2.5251822
-9.053263	-10.434737
-0.38700715	9.417353
-1.6691294	10.28954
-8.90473	-10.445741
6.5164804	-2.4052126
6.520493	-2.6036503
-8.851106	-10.388035
-0.96989834	9.385573
-9.342813	-10.327275
-9.055681	-10.301732
-0.33628353	9.396924
-9.032943	-10.458768
-2.6257877	1.8830825
-1.2829409	11.479654
-9.023696	-10.714694
-9.02987	-10.604594
-1.5641506	11.229673
-9.030883	-10.340036
-1.4591453	9.097873
-1.4629675	9.158275
8.387364	14.441263
-1.6865579	10.369248
-1.8343798	0.32686365
-1.4267862	9.120429
-1.4182575	9.2374735
-9.194743	-10.555771
-0.7235631	9.314268
6.630666	-3.1195643
-9.007447	-10.742489
-1.1468471	9.272231
-2.1534204	1.0100162
-1.4461504	11.235775
6.5820465	-2.417817
8.386538	14.432943
6.646338	-3.1235564
6.563667	-2.4106517
-1.5412135	11.211495
-0.37020776	8.849266
-1.6101872	10.704953
2.6704493	0.9249413
-2.1406233	0.4149309
-2.7678757	1.8557439
-1.0351939	9.228985
-0.719831	9.28943
-1.4352741	9.148077
-1.6635138	10.362812
-8.822807	-10.551119
-9.028238	-10.718356
-1.5686785	10.964085
-1.6492499	10.722467
-1.7373309	10.356594
-1.7500395	10.348772
8.449835	14.576509
6.5064154	-3.2897143
8.393538	14.44888
6.2696724	-3.4413424
-9.115036	-10.437368
-0.7011189	9.32353
6.718112	-2.4566467
-1.4371462	11.372152
-1.651867	10.541115
6.661517	-2.4675448
-9.203249	-10.647511
6.7564154	-2.4749777
-1.7629999	10.439378
-1.2979743	9.473923
6.875597	-2.480859
-0.5073142	9.369423
-1.4653262	11.171679
-4.607573	10.427446
-1.0916557	9.772153
-1.7344073	0.1971907
6.641586	-3.1999967
-1.3500078	11.436722
6.315633	-3.3795276
-1.5636046	10.621053
-9.059687	-10.347711
0.12957956	8.661877
-1.6009017	10.386259
-9.36707	-10.300298
-1.6701908	10.447224
-9.138668	-10.463812
-1.3475549	8.992334
-8.933716	-10.441701
-1.6321183	10.4616785
-0.39874846	9.400238
8.393054	14.446119
-1.1035639	9.339841
-1.6633636	10.613793
-0.41225588	9.307093
-9.019721	-10.713165
-9.280228	-10.335804
-1.6989423	10.429777
-0.3062575	8.753574
-1.1163867	9.197957
-0.74158704	9.319404
-1.3010526	11.264564
-1.7153718	0.21057048
-1.1595124	9.248678
-9.352694	-10.340496
8.38727	14.440527
4.758686	0.4905452
-0.99841124	9.79311
-1.4896473	11.040492
-2.3442378	0.42827636
-8.916239	-10.462333
-1.4366151	9.225428
-1.4166245	11.291614
6.5819964	-3.192967
-1.4636946	9.101256
-3.1352403	1.5981935
-2.4956555	1.1397768
-1.6644787	10.490737
-1.110833	9.33013
-8.890268	-10.47702
-1.4849933	11.159145
-1.8913665	0.29436952
-2.5599058	1.9258058
6.5708365	-2.6450162
8.517963	14.69233
-8.973326	-10.597137
-0.61929977	9.315793
-1.710446	10.311143
-8.816669	-10.440044
-2.431052	0.44447246
-8.8898945	-10.448981
-0.9421665	9.760598
-1.2738507	9.943911
-1.4542203	9.097552
-9.101755	-10.449032
-9.33071	-10.327085
-1.773539	10.39016
-1.2624729	9.415214
-1.4264665	9.12957
-9.000444	-10.311698
-1.294592	11.252401
-1.3855132	9.039933
-0.8731716	9.42159
-1.3572488	9.896614
-1.7009044	10.293692
-1.2938821	9.613779
8.507591	14.674861
-9.128143	-10.464528
-8.853359	-10.508
6.273393	-3.402908
-2.1199875	1.023891
-9.063305	-10.408082
-0.378754	9.145443
-8.989158	-10.466925
-1.1332337	9.307271
-1.5908363	11.116081
-1.2373261	9.408522
0.10348976	8.718843
-9.078649	-10.677696
6.226844	-3.3218277
-8.869486	-10.406472
-0.4888369	9.376815
-1.5892253	10.386955
-0.85082656	9.507465
-1.2881863	11.446294
-8.8497	-10.393758
-1.550215	11.117135
-1.4653715	11.348894
-0.654655	9.297265
-1.7477517	0.12928854
-1.3053162	9.372615
-1.7505076	0.20859592
-1.8034493	10.434079
6.6140895	-2.7155411
-8.842648	-10.520998
-2.6160812	1.8941972
-1.2119461	11.472986
-1.2596372	8.862854
-2.2453299	1.0966103
-1.3385334	11.456886
8.384077	14.434095
-9.088719	-10.350161
-0.3610093	9.344275
-3.07874	1.637016
-1.0245595	9.216611
-0.7795142	9.239258
-0.7950658	9.678764
-1.3533599	9.001188
-0.40295604	9.396312
-1.5189049	11.226766
6.6052966	-3.1925104
-1.4582667	9.151483
-0.6155151	9.353195
-3.2035458	1.5420996
-0.46950948	9.229399
-0.28386393	9.237965
-0.26444346	8.758355
-8.860942	-10.398656
-1.5069377	11.212912
-0.25587562	9.292058
-2.159406	1.0560799
-1.249492	9.573285
-0.42965618	9.159299
-9.015361	-10.323354
-0.36981446	8.92435
-1.6634282	0.25998247
4.8099566	0.4619742
-2.3421943	1.12431
0.16271612	8.663582
-1.5696839	10.4881935
-0.4912783	9.4397745
-1.6662319	10.305697
-1.7713013	0.23393737
-9.158716	-10.324185
-9.139842	-10.450539
8.517584	14.691543
-1.1007442	9.343029
-9.011261	-10.764799
-8.900507	-10.627031
-2.3805754	1.1213562
-1.5047559	11.224131
-1.8884065	10.472313
-9.1200485	-10.446082
-1.4472364	9.108642
-1.4681304	11.357972
-1.2758378	11.468502
-3.0950923	1.6517178
-3.108144	1.634705
8.387654	14.441607
8.517625	14.691593
-1.637401	10.330816
-8.961304	-10.596243
-9.1085615	-10.411439
-0.56701446	9.454725
-9.096865	-10.323197
-0.69482553	9.181862
-3.082991	1.5486687
-1.6720703	10.622765
6.622334	-3.1187193
8.389036	14.437418
-1.6334567	10.311103
-1.4336587	9.158879
-0.31136164	9.357806
-1.7916954	-2.8384535
-0.48246804	9.44017
-1.2729578	9.345532
-9.207345	-10.550942
-9.077304	-10.762131
6.1850133	-3.3945696
6.5741253	-3.2010803
-1.0644387	9.34975
-2.536859	1.9128615
-9.2253895	-10.591537
-0.32162428	9.387238
8.392223	14.445959
-1.3097224	11.255724
-9.344168	-10.31328
-8.843327	-10.608119
8.455422	14.587237
-0.9889992	9.781326
-9.1295595	-10.6721115
6.5716524	-3.1977491
-1.6740885	0.17500228
-1.2393663	9.39239
-1.4549518	11.374267
-1.0378655	9.228633
-1.0971042	9.099511
-8.797186	-10.492142
-1.2409198	9.394252
-1.3225038	9.392679
-1.7188636	10.412885
-3.654101	1.5846069
-9.0602455	-10.7013855
-2.6059623	1.8608578
-3.1385174	1.6036568
-2.7313254	0.69982743
-9.076555	-10.606359
-0.82850814	9.377296
-8.80282	-10.477496
-1.7014375	0.18769945
-9.08838	-10.473598
8.450819	14.578371
-1.6294678	10.440782
8.387371	14.44153
-1.366596	11.196436
-8.964476	-10.6558275
-1.8680115	10.472272
-1.763285	10.573786
0.20840259	8.600948
