-78.58734	52.026535
1.1747903	-23.909054
1.1485023	-23.901226
-66.56741	11.592508
-66.748985	11.674727
-24.150362	-59.102203
-24.153625	-59.10632
-91.96505	-0.4870594
-92.03588	-0.68280977
-92.165344	-1.0475491
-64.71316	-58.547276
-63.469063	-60.41413
-61.157806	-70.82119
-58.692535	-66.80677
-60.622555	-65.809296
-58.07132	-66.618416
-60.66086	-67.27632
-61.908714	-71.05387
-57.899387	-71.121056
-58.266365	-67.7611
-35.54686	-76.05283
-86.9983	-10.67548
-76.31987	56.319023
86.16942	27.711763
33.685493	-94.8036
85.69549	27.673489
-8.42946	-35.065884
-9.627196	-36.202538
-8.604559	-35.236973
-9.585907	-36.18584
4.4644365	-31.246147
12.750811	-34.495358
9.991116	-32.00581
12.13873	-34.390488
12.055156	-33.692104
10.41614	-33.64573
11.199265	-33.501507
13.511867	-31.378183
14.761693	-31.790071
13.278737	-30.86742
-83.73218	5.632105
6.9046845	-23.408781
7.907877	-35.492565
8.003605	-35.651417
9.379137	-36.857834
9.253973	-36.84549
7.969586	-37.46434
-43.60011	36.24325
50.972126	61.972496
-65.22054	7.4684243
-15.810778	-34.320164
-56.536583	69.22165
-51.38324	19.58633
56.377296	55.507347
56.254765	54.95412
-42.6527	27.548147
43.986725	49.18414
54.054638	53.98554
52.180912	46.236908
12.8889	-9.972812
-59.858166	5.2620444
56.542103	55.296837
-50.4411	45.144123
44.113068	43.95179
44.113785	43.951973
-21.987858	53.794586
-22.1799	53.47667
-50.347214	26.830719
-50.52064	30.170145
-50.30959	26.632467
-49.599457	26.07772
-55.665237	24.920477
-59.77625	22.122225
-58.884132	20.775938
-60.510414	21.971151
-0.056227688	-14.072106
-0.054766282	-14.023825
-41.29725	27.018795
-10.213085	50.304764
-10.220563	50.30751
-57.353203	18.969898
4.8238077	-12.716084
-57.23946	35.445263
-4.9283104	-15.933666
-47.24994	69.02058
-50.255245	81.051605
-49.991776	81.97122
-48.794067	67.12638
22.127617	-103.96048
19.013079	-20.820286
60.077953	-33.23401
-79.500374	5.219647
65.36409	-9.217236
-68.44037	-10.629695
4.9473104	-33.111908
7.1025915	-34.861225
13.411976	-23.036716
5.6745386	-28.510544
-68.854195	-10.591812
6.179298	-28.039131
10.772315	-20.028528
14.610133	-20.503637
54.98731	9.841799
-12.509435	-36.475456
-12.765322	-37.23669
2.9645355	-36.554764
55.467045	-22.614267
56.056366	-22.59437
56.29981	-22.615183
4.08699	-25.348045
79.326614	16.684353
-61.437103	-17.458128
6.02623	-26.252584
-66.481094	-16.966036
-44.22759	41.645477
74.06112	53.152023
-44.3152	41.529728
74.56264	53.019623
-36.60575	69.15582
-36.841362	68.523285
-36.839096	68.5169
53.20959	61.88142
53.12787	61.644753
53.46636	60.57412
-45.914017	7.8604755
-44.418392	39.038868
-47.150562	9.323272
-60.093872	25.49733
-43.015816	26.95606
-59.195843	29.087692
-52.719666	29.504904
-55.519737	29.96457
-45.77761	55.83785
-48.23036	56.4047
-48.295994	56.232433
-41.6852	21.091059
23.548157	-101.33631
23.6927	-101.88946
68.92308	-5.3355956
69.71057	-5.4272985
69.726166	-5.661869
22.106693	-95.276566
58.054306	-10.305008
22.350914	-96.085434
22.311184	-96.31699
-81.603516	-5.824047
55.282837	-36.795074
-82.58494	-7.1436787
-5.397926	-1.2183746
-5.4028125	-1.2143953
5.5782585	-9.840693
5.148176	-10.575826
-92.895294	4.899232
-92.460365	5.1243534
75.16369	-6.8621364
55.371296	-33.757366
55.260147	-34.053284
55.241673	-31.702375
11.50303	-24.449642
-84.154945	4.423748
9.51796	-21.63335
60.7197	-27.099277
9.175563	-21.09467
7.347469	-23.768892
-14.962619	17.023886
-63.863735	-16.676027
2.316967	-30.509417
-13.209123	16.540964
-4.810859	-29.789604
-78.6182	7.312102
-50.273083	46.16396
38.418434	44.69668
44.38511	43.43124
-50.44325	45.143562
-35.98376	62.572422
-33.562214	47.176247
-36.00046	62.62912
58.451805	53.37747
57.95158	52.551014
57.68044	53.200016
-36.974957	63.436047
55.259266	51.026558
-88.00371	7.3016376
-86.766335	6.3626904
75.16892	-9.185825
77.466515	-9.061402
72.80663	-9.85335
77.49167	-9.0321455
74.68271	-8.5813265
-86.88494	5.985613
-87.29473	4.892664
-84.81019	-3.4469273
-86.728	-10.727365
-77.0688	-4.206389
69.660995	11.514511
15.649575	-16.210148
-84.45524	-2.7855442
-85.763565	0.034940016
66.69712	12.1019335
-82.222015	11.100894
-80.64753	3.2784595
-82.760544	9.795134
68.46754	12.466891
-80.967545	7.849399
68.012726	10.640965
67.62409	11.405982
68.47458	12.483694
-81.2072	1.5523818
-81.9907	1.8063607
-82.13315	1.4210153
-83.90884	9.002374
-86.19033	-2.0172753
-86.97298	3.1831455
-86.16591	-2.1021001
-86.679924	3.12577
-86.67916	3.1254911
-84.913795	-0.62110394
73.58027	-9.441433
73.712746	-10.097095
85.41746	28.803297
9.529686	-19.077715
-79.22901	-1.8043244
50.42041	56.947765
50.19019	57.253696
-80.47284	17.602537
-80.167816	16.603195
36.831013	-95.30601
36.148262	-95.38382
-2.03731	-37.042522
-2.1788292	-36.788395
-5.903153	-41.055374
-2.79227	-36.048603
-59.566517	-11.290415
23.532698	-103.10778
24.281956	-102.5626
24.682673	-103.43212
24.444765	-103.124626
63.86263	-24.976936
41.128674	37.41786
-77.88347	-3.0654345
-78.8398	-2.169838
64.685875	9.775631
-81.48149	-0.804816
56.684483	-12.053431
56.997982	-10.821503
-83.68789	11.173028
-84.569756	3.7060773
-90.66837	4.838213
-84.14371	2.754537
-90.312805	4.655397
71.023895	-4.336724
72.201225	-8.536426
49.926834	-37.00367
10.003568	-24.309774
13.461526	-29.587545
48.799343	4.244544
58.76257	5.0857606
62.657406	8.803767
61.879765	41.607796
-60.754486	27.257984
-61.824936	33.55267
82.232544	41.95887
82.85453	41.428574
-56.84573	70.42061
-60.221592	67.420135
83.52633	41.80834
83.27502	42.184315
-49.411915	67.673065
-61.35914	33.599224
-62.96591	41.999897
-62.96598	41.999973
1.8612356	-12.331615
82.65588	40.600533
-61.05838	42.808895
80.65138	41.191616
83.73978	32.232204
84.07578	32.757553
82.33263	32.180706
83.08153	32.26671
82.411736	36.03991
82.690056	35.99154
-0.096017584	-12.016431
-55.67547	55.347897
-81.237885	8.374884
-30.2817	27.252836
82.55712	33.255257
83.29078	33.437256
-53.689175	55.68028
-51.554184	62.06812
-41.81395	22.354738
-42.593826	26.012974
-51.54122	62.035103
61.588123	43.104267
-42.822254	25.929585
12.584595	-13.730593
12.571221	-13.722682
26.486052	-95.31186
66.785484	10.37066
-6.7831736	-21.201612
-32.443123	24.109835
-5.073212	-21.162073
-66.01478	-11.108004
-6.9254827	-21.19538
-0.2363093	-26.134018
-47.902138	60.81664
-56.636288	28.869146
-57.216938	29.181421
-57.20837	29.038496
-47.770813	22.312965
-47.74725	22.302458
75.90075	52.68515
-48.86424	20.002316
-48.899185	19.94579
-52.62116	37.258533
3.793631	-9.941014
69.5626	15.122881
81.097984	35.141254
-39.260117	65.70225
45.33148	54.234215
-75.440475	-4.7823944
21.918087	-103.96999
12.455245	-17.60679
-75.63094	-4.9014454
63.86378	7.7172604
12.769318	-17.24775
64.14453	8.955103
-46.99821	16.90126
-47.5465	20.779654
-47.150124	17.262186
-47.18991	17.767488
-46.166504	8.167312
-46.29353	8.32294
-47.812675	13.300909
-47.813187	13.400089
-52.960247	35.012222
31.963861	-87.13565
-49.417572	33.97646
-55.383556	35.912262
70.758125	19.257929
-49.21475	33.890007
9.463702	-18.993912
69.18985	17.596273
69.25755	17.445395
69.82954	17.54517
-70.44808	16.416567
-58.4087	23.940308
-51.47723	30.001213
-50.409447	31.403528
75.066696	-10.88495
74.4632	-11.082659
6.317119	-22.287106
23.022102	-43.253407
34.586384	-86.46045
34.778915	-86.16603
35.171513	-86.185425
68.79577	50.839367
-52.07647	68.28306
71.44204	48.911396
68.12674	51.55152
68.43588	51.381958
-52.256264	69.09675
71.52302	48.846813
-51.860085	51.241535
34.145363	-89.7001
-56.666973	28.040058
14.796638	-17.037104
15.724522	-17.28485
18.22721	-19.978949
15.123266	-17.077799
-19.475086	24.101748
-19.807276	24.5484
-20.716702	24.050203
-19.841118	25.292582
-19.469543	19.810549
-75.0617	-6.331795
-19.086601	22.563597
-20.694885	22.74079
-19.024385	22.649906
-20.495544	22.753942
-18.776295	19.990288
-19.10966	20.043215
-68.701065	15.142223
-68.81556	15.10196
12.064935	-21.303595
12.0585575	-21.578598
31.134455	-80.520676
31.30626	-81.00314
31.05451	-80.699646
31.123182	-81.26109
48.754906	58.415897
49.17712	58.38136
-38.868603	65.96351
-73.71353	-6.9198995
-80.3747	-1.4614125
16.220621	-18.687654
-34.899776	13.367557
10.817969	-22.220816
10.447976	-22.64774
-82.14378	-0.17613986
65.64337	-10.107837
50.283127	61.104874
-32.444046	34.275772
-32.432396	34.29358
50.33346	59.974068
-22.756735	22.315245
-33.18996	30.322975
-33.709133	31.068111
-24.491001	23.419912
-24.480917	23.41909
-34.652576	28.972979
-60.965134	32.99869
-56.57548	36.801624
-59.07714	29.678068
3.400442	-9.623462
-45.9408	29.865623
55.86235	50.76989
-62.18308	28.202282
-63.330406	28.127777
-51.856514	58.86297
59.00235	45.402992
-21.60448	-12.789215
-14.896533	17.010923
-64.37508	8.052339
-65.11514	8.536813
-22.115498	-12.61437
-65.301926	8.7738
-2.517211	-29.15885
0.7345525	-27.254183
0.794675	-27.747807
-63.87493	-16.681883
-0.30190882	-32.157635
-59.807346	-13.398793
-1.1378577	-31.950544
-1.7027394	-31.521217
3.4737716	-27.854939
3.8131948	-26.89198
9.871959	-22.970293
3.6157072	-26.508142
-4.733344	-29.793602
1.9040889	-31.832727
-3.0591881	-30.596577
-3.7850318	-30.008184
-2.903157	-30.926666
-13.138018	16.51452
2.1508365	-30.803463
1.8908386	-31.81534
-62.42878	29.747787
21.546911	-100.3176
71.04122	-11.358043
69.72362	-11.036291
21.449354	-99.482414
22.162016	-99.58346
21.624166	-100.4
11.083306	-26.532919
71.65307	-12.59425
70.22125	-11.987285
13.875847	-26.238808
19.604853	-99.524605
19.57952	-99.4295
13.300103	-25.49317
-3.6727846	-21.222515
-3.823952	-21.219227
14.262387	-26.275394
64.59746	52.847824
64.07488	52.267246
32.685696	-85.63444
-45.526905	31.049242
66.472694	53.054214
-44.81624	30.829552
-45.0022	30.961084
-48.277554	31.269157
47.338707	54.360138
46.589394	54.296757
47.19394	54.354744
-58.176136	22.729393
-55.556725	24.945198
-59.86439	21.75867
-58.68489	22.522682
1.370642	-13.954779
-59.41044	19.058393
-58.88651	19.271204
-59.666264	19.537483
-37.588196	27.448473
-66.242615	19.67281
-52.70908	32.881535
-38.594227	26.589012
-38.231964	26.815973
31.467623	-87.63826
-69.05393	17.542845
-69.93861	16.269342
-69.58433	17.80341
-69.705185	17.665577
-68.58262	12.629592
11.04842	-25.62164
74.8974	-7.248239
-25.12517	15.033739
-25.287704	15.328967
-60.436256	27.080671
-55.94408	30.07621
2.5355425	-12.928183
-52.737473	34.662735
-51.499664	54.926285
3.3422544	-12.033194
3.4139283	-12.504295
3.796223	-12.146858
-64.557106	27.619493
-64.70122	27.540377
-47.495487	9.790796
3.24696	-14.890262
87.102516	27.830605
86.236206	28.747206
86.54523	29.340176
86.86024	28.984842
-78.34502	54.357407
-76.90707	54.704323
-76.94938	55.21746
-77.29457	-1.3312371
13.1332655	-22.507158
60.012447	-2.0082316
59.51606	-2.368377
60.14935	-2.3818772
59.948856	-2.683589
-22.894049	-54.34836
-8.482036	-13.381777
-8.467782	-13.377796
-7.155483	-13.542228
-7.209581	-13.510773
-55.771656	58.512054
-6.5872188	-13.9500265
-47.721306	14.035777
-5.215403	-14.6972475
-51.00757	53.10896
-35.928364	26.887356
-35.155045	27.317083
-36.577744	28.055128
-33.855213	31.344374
-35.767223	27.957397
-35.171925	27.876383
-61.792793	25.386173
61.041912	42.21941
-60.979893	15.079739
-34.9022	-76.30917
-34.600597	-76.43205
-64.60424	-60.540333
-64.2126	-60.351692
58.843285	3.2970722
-64.42305	-59.361916
-63.736794	-60.224476
-61.256912	-70.44757
-57.33419	-66.22609
-59.193916	-66.02226
-60.584484	-65.72293
-61.98337	-70.91789
-61.595734	-66.50894
-60.88479	-67.34682
-61.660328	-66.035706
-59.69223	-70.62306
-35.617123	-76.0297
-58.559475	-68.58311
-57.936527	-71.10084
-57.286575	-67.576164
-95.18211	-8.654161
-95.183	-8.653759
32.70864	-95.3701
81.397064	29.232637
50.83523	7.616556
67.4543	18.136301
71.1008	-2.5826106
77.61911	23.369759
-65.04929	12.624808
-79.254814	6.2958236
-82.68962	7.041291
47.534447	9.830021
47.530243	12.688851
67.64517	18.729584
56.186234	10.68372
83.063515	30.298323
-51.80134	55.161083
62.974766	10.414957
63.67829	10.394274
66.31099	13.183651
65.73989	9.93285
-81.6354	-4.218027
-81.69432	-4.109054
72.34275	-9.240267
-77.81285	-12.212691
21.487774	-97.62071
25.877209	14.955555
15.799757	-18.604412
25.849976	14.575317
25.856148	14.693351
-78.95759	10.669588
-81.18914	10.999733
18.843876	-25.083305
18.744932	-24.883636
-50.10254	32.01038
-14.217057	-35.355595
-13.102208	-38.088837
-14.099138	-35.13424
-14.477372	-33.777863
-14.552555	-33.811317
76.170746	28.795809
80.275826	31.880411
75.085625	27.939737
36.068	-90.5528
35.590294	-94.740005
35.483673	-94.33923
35.930084	-94.45139
-79.12798	7.345221
-87.756546	2.4053295
6.3301754	-11.1755905
42.294693	10.662386
64.93178	11.356729
34.313534	-93.63753
5.7371044	-20.59714
81.40641	33.661396
-75.159645	57.58098
-75.147606	57.57587
-74.344406	55.850445
-75.50808	56.980618
73.10138	29.678383
72.74507	28.954844
75.49047	24.77569
75.09453	25.606224
-87.58201	7.486389
-87.56305	6.56162
-84.16138	9.27373
-84.83344	9.100843
-86.28969	-2.393522
-84.28659	8.368705
-84.60119	8.452887
-8.766571	60.42869
-9.133499	60.631023
-9.251731	60.697414
-10.800864	43.651115
-10.804319	43.147617
-49.897327	63.378498
-47.04353	64.02367
-47.043076	64.02383
-11.324248	67.70606
-47.7894	78.019295
-46.45366	76.74039
-11.650784	68.83266
-11.832753	69.742035
-11.467941	67.90339
-11.753289	44.78906
-11.784929	44.321476
-11.766975	44.385883
-50.932793	73.0295
-49.58863	78.12142
-49.166744	78.49987
-12.455129	71.57064
-11.99541	71.5569
-13.339577	72.1688
-12.421181	71.94708
-13.170725	71.283424
-47.765358	77.88805
-45.62513	-19.143019
-45.45615	-18.298954
-46.89245	-19.02054
-46.43768	-19.116787
-68.45271	57.41313
-68.02554	56.559834
-67.40129	56.88203
-67.519615	57.456505
58.2707	25.417528
-22.555962	45.214535
-22.48981	44.720654
-23.114168	44.968906
-23.436224	44.33622
-23.18977	44.23791
44.313366	29.619724
44.312332	30.37784
44.294773	29.08904
56.83039	24.564384
-66.23071	57.725655
57.112247	45.217693
55.468384	45.496006
54.891396	44.812263
-28.154346	54.256447
-28.36347	54.2769
-27.762913	54.078106
38.416428	64.0634
-20.54929	45.23512
25.504818	60.005413
38.891624	63.70602
52.049427	46.836414
38.389217	64.18186
25.512878	59.947205
-28.405289	44.747887
47.901062	10.639756
50.950333	12.420319
49.63228	17.925362
49.788677	18.429098
49.029736	19.643484
48.92168	20.648596
48.43567	22.003258
48.15249	22.193283
46.64993	23.488354
45.885757	24.242456
43.380047	27.219595
-23.548151	42.89188
-67.892784	-3.3885021
55.60883	4.8791323
49.89006	20.509947
50.677296	20.264837
57.405613	24.87989
37.540173	-99.26963
45.974285	30.889507
46.430103	31.056591
37.431355	-99.346115
37.490376	-99.71991
46.77874	30.85414
56.033108	27.431784
55.68881	44.62511
54.624237	43.641193
54.242886	43.4246
-26.44964	53.328743
-25.730795	52.795486
23.660543	54.278286
22.930714	52.207497
22.546806	52.753708
21.624704	53.28413
-23.981255	38.158173
-57.23932	8.534467
-57.209393	7.475615
-54.721947	4.3931346
34.59959	51.584164
-23.030838	49.99016
28.88702	44.54319
22.348179	50.81512
-7.9175663	42.45976
-8.876009	42.87478
22.459026	51.78689
-83.56301	-11.661917
-82.82595	-11.889596
59.727413	-37.036068
58.07858	-42.408455
57.392296	-42.610462
-78.76709	-16.671513
49.079742	-15.772313
41.478367	-19.066408
-78.221016	-23.319511
57.952236	-42.433388
59.811543	-37.00755
-79.21246	-25.72699
55.925343	-25.837488
59.936176	-26.760246
54.26003	-24.91518
53.968037	-24.660873
-79.22241	-25.739462
-80.04942	-25.312508
-76.663925	-22.513935
43.734344	-19.81366
56.206432	-25.958101
-62.521633	-6.75502
-71.319664	-8.944132
-69.96906	-2.3593485
-69.91505	-2.032762
-69.88107	-1.9776936
-52.15069	-15.938571
50.619423	22.666204
-25.383343	55.808964
-6.5048447	-64.64541
-38.194946	-9.779476
-57.00671	6.5105414
-56.614227	7.853678
-50.27585	48.402996
-21.633404	47.54598
-22.863773	38.486614
-26.063448	49.251858
-36.579937	15.352732
-63.36945	-21.433565
-47.186874	-1.8422538
-47.932877	-2.9208276
-46.328037	-2.1599631
-45.398193	-2.7231002
-47.58285	-2.470955
-56.51357	-5.254892
-56.507893	-5.2717113
-63.79354	13.419714
-52.210026	-2.7157328
-52.25511	-2.6720889
-46.810986	-5.421453
-46.377007	-7.3349648
-45.295296	-7.6807203
-45.303543	-7.6467123
-63.190014	13.628738
-62.826134	13.959462
-65.37162	-1.7650281
-52.79567	-21.447681
-52.76158	-21.192472
-53.61124	-20.743128
-59.624687	-20.330824
-52.77453	-20.685066
-60.68371	-21.936848
-60.43854	-21.73726
-41.499252	-24.152697
-41.623913	-23.404112
-61.30822	-22.637947
-63.04464	-21.89994
58.787174	1.9474297
58.935936	2.0625281
57.839333	2.5374424
52.644455	-5.943844
52.59053	-5.9889636
20.389952	25.607807
-30.898605	11.481023
19.440254	27.135391
31.62799	-6.9061017
31.691721	-7.072255
20.460535	26.079214
-30.927391	11.440582
58.317474	-4.831569
59.715965	-4.226351
51.90117	-7.131073
36.853844	-8.558759
36.814507	-8.543623
19.54454	25.018204
19.221941	24.891373
-20.390648	35.253586
-20.267647	34.663273
19.227764	24.131285
19.145428	23.736221
4.786986	-34.30481
4.651009	-34.676907
4.5736938	-35.12383
65.017006	-26.231108
4.124377	-35.579514
28.335608	-91.15362
54.40621	5.4851985
27.752666	-90.5042
27.960684	-90.430695
26.511055	-90.33262
26.517294	-90.218605
-39.06196	-5.4117312
42.60098	27.686686
53.1504	45.756084
53.012947	4.1040483
53.223297	4.0139437
-55.18472	-10.628552
56.734726	8.585614
-54.860336	-10.877303
-54.117085	-11.512314
-54.453182	-11.476182
-53.198753	-12.36904
12.403432	29.550232
12.463148	29.59593
29.499466	-9.211165
-18.109266	41.609074
18.809315	27.227661
18.514408	27.9002
29.34216	-9.16799
-17.856066	41.580658
-83.29714	-10.851766
68.69678	-4.3645744
69.63764	-4.555859
66.313774	-4.63791
65.81611	-4.9403167
-77.9801	-14.898021
-78.7609	-14.966508
-78.99637	-14.429675
-78.0652	-14.669849
-78.59947	-15.251433
50.160797	-11.7667885
50.31446	-12.213136
15.854957	-91.699234
15.910718	-91.21005
32.643185	-8.24893
32.63231	-8.238275
23.322268	-98.09425
23.756767	-97.5048
10.469866	-21.461952
24.001108	-98.20729
22.535007	-30.517378
22.731941	-30.595884
25.01025	-33.974495
24.8702	-33.260727
37.41647	-39.852314
37.402485	-39.86614
24.290653	-97.65347
64.95479	-7.548479
25.009039	-31.788918
24.970856	-31.634214
23.607052	20.298073
-32.768547	21.86856
-32.846325	22.000282
-34.483803	22.375631
1.9082377	-42.59621
1.9644998	-42.721405
17.761398	-4.9688706
-55.63585	-0.11242204
-16.640436	38.2536
-16.677542	38.729576
-46.62109	-0.9341239
27.41398	-9.303828
-48.219727	-0.6119874
-55.635445	-0.13574316
17.67934	-4.887989
2.0695739	-43.03472
-57.50536	5.6596656
-58.83816	5.495058
-58.96356	5.4758844
64.425354	-28.249712
64.502815	-27.60288
65.28822	-27.630722
64.13433	-32.778503
64.39495	-32.20212
40.07502	-19.574028
38.037773	-19.284294
15.020273	-92.336044
40.520004	-20.126366
45.054184	-5.684738
45.558743	-6.0379553
45.23503	-5.494096
45.681343	-6.1172824
63.890583	-27.139565
65.853424	-28.1263
62.90683	-27.621126
66.79589	-30.131706
62.62972	-35.182865
67.28811	-30.519167
62.604244	-35.86146
35.40805	-19.323967
38.042274	-22.877144
-70.27218	-13.837432
37.47434	-22.596699
37.26682	-22.444498
62.923923	-27.375648
59.192997	-32.747555
69.645424	-27.902222
68.825294	-28.544743
69.26829	-28.51583
68.94238	-27.760069
68.61227	-28.06504
50.39958	-17.563026
49.99373	-17.052622
42.685043	-22.307058
41.838455	-21.238176
50.90841	-17.588686
50.145435	-17.061378
41.80655	-21.529232
38.562286	-21.678553
61.264103	-23.706179
62.038494	-23.452
61.770885	-23.125082
-83.904305	-10.913968
63.71046	-32.40609
63.784344	-32.08825
23.35421	-34.103947
23.662647	-34.449104
24.061201	-35.81229
23.504076	-36.30382
23.50237	-35.11633
23.053427	-35.005775
58.8788	-24.998753
-82.34238	-10.58722
-82.572464	-10.189391
68.39687	-11.835691
-69.51563	-16.024006
-69.47037	-16.006754
-77.36158	-26.30274
-77.30323	-26.169024
50.414425	-41.195656
50.27333	-41.326744
-73.66023	-25.219744
-76.67373	-24.346998
-76.92048	-24.721771
-84.8702	-5.7365947
-84.99173	-5.987515
-66.17508	-12.407943
-72.19507	-25.228006
36.193783	-44.007137
36.206535	-43.979225
37.262047	-40.212257
19.425219	-21.092342
-66.15493	-12.420968
-43.215607	-21.642391
22.165752	18.505568
23.002085	21.011501
22.580162	19.494633
40.98659	37.34577
23.432575	21.908503
-27.647879	63.706997
53.95996	-3.8969216
53.91508	-4.123702
64.78008	-5.992266
-78.346016	-13.184444
15.13534	-91.69701
39.453213	-19.210901
64.65537	-5.8713884
16.667862	-91.587494
42.07006	-15.939019
41.288273	-15.706145
55.001736	-6.884602
67.67586	-11.477038
53.806225	-7.390923
53.85217	-7.73372
45.065895	2.488043
52.70215	-8.953538
52.698654	-8.966609
52.284294	-9.932321
-84.99676	-15.231257
-84.84724	-14.764387
-84.611626	-14.072827
-78.495514	-29.765438
77.39596	-22.12435
77.42362	-22.119186
53.51319	11.183915
54.55069	10.369875
48.675865	6.958216
56.128597	11.30034
-21.684116	37.972473
42.75209	22.986603
22.604673	31.419767
25.4874	49.37149
-66.98843	-2.8329656
-69.3459	-6.288043
45.879208	46.567318
44.928593	46.02476
45.425312	47.7573
52.18153	49.35553
34.384113	54.173466
34.413815	54.132484
52.151608	12.076104
47.874584	13.623438
52.443283	11.936804
56.824154	10.490627
36.599716	-100.2453
-27.665434	42.71397
53.5464	29.828926
-27.119665	42.70856
-24.08932	42.326885
44.80827	26.606152
44.114086	26.841461
47.358944	8.731068
45.507164	13.000715
48.282482	12.742018
56.766647	5.0094094
70.054596	-2.0133193
70.16734	-1.8999269
23.122843	-96.29363
70.66909	-7.010517
49.934185	-13.487917
49.834763	-14.720258
43.45852	-15.750989
43.13507	-15.615606
41.68705	-17.835703
41.324703	-17.58906
40.42657	-17.3853
40.095535	-17.421768
57.528015	-35.92134
51.871136	-36.744293
52.346043	-36.660072
51.246418	-29.477001
57.56708	-35.955685
50.919033	-29.723434
13.761823	-96.988594
12.664604	-96.44732
13.992627	-95.75796
11.075006	-96.07848
10.811331	-95.652245
11.882883	-95.92702
12.467666	-95.60752
13.29559	-95.15778
14.033486	-95.835785
61.958298	-22.313255
59.04564	-27.021835
58.30429	-32.9528
57.52514	-26.635117
58.8164	-26.209957
51.674637	-39.810898
51.755116	-39.94461
57.04381	-36.687458
58.56785	-36.363873
52.318302	-40.130184
-75.3369	-22.700064
43.971233	-21.804752
48.9119	-17.709936
43.17583	-21.467615
36.590397	-20.561237
42.888126	-21.106447
37.695362	-21.260523
13.934103	-93.023575
13.921835	-93.04463
53.199932	-28.99477
54.13786	-29.35769
53.459663	-29.028233
54.79544	-29.049612
12.599769	-97.82962
14.78152	-97.080345
48.20665	-32.45665
61.476826	-36.773037
44.145786	-28.852251
42.77857	-29.551174
44.01078	-28.45789
42.666225	-29.604893
43.9196	-27.102442
-78.75106	-22.433596
40.001064	-27.380497
39.91704	-27.20318
48.403522	-33.940014
17.31248	-99.847015
50.91337	-27.477886
58.261314	-28.53001
50.256325	-36.70413
56.13744	-36.87851
47.843193	-35.40021
47.781456	-35.477493
3.1602602	-49.65542
2.4774618	-49.17123
3.0767324	-49.31367
4.1644826	-48.811012
12.37296	-2.4509182
-37.841118	-27.13479
42.470974	41.485588
43.001835	41.892982
-56.027275	4.573505
-56.01494	4.5820904
16.983677	-4.0446124
-54.785988	3.5152361
16.430525	-3.8666008
15.877532	-3.6486998
-4.2793326	-49.539948
18.182655	-16.518518
17.9135	-16.76477
-4.594112	-49.313488
-44.261787	-20.737621
-4.888381	-41.767033
-4.652446	-41.881725
-4.7045784	-42.12424
-3.9516602	-41.7846
-2.6946235	-48.43495
-2.6135511	-47.90248
-4.1414924	-48.489964
-5.3148394	-44.331818
-39.321697	-25.662403
-5.070341	-44.961136
-39.188244	-26.116457
-5.9678955	-44.962006
12.310928	0.4209267
-62.99881	-24.096548
11.482159	-0.40596566
9.9169	-0.3590843
9.397642	-0.8452409
9.082229	-1.0680932
-3.9146025	-49.16784
-1.489791	-47.357464
-3.744441	-48.378822
-5.6258225	-43.992928
-39.535995	-26.038622
-6.096151	-45.070248
-39.532925	-26.372543
-62.988247	-24.097334
11.500438	-0.34385824
9.971209	0.5624414
11.98398	-1.9260727
9.410157	1.389063
-16.379566	-66.0691
-16.105726	-66.59349
-16.109474	-66.58389
-29.900595	-75.795006
-29.906683	-75.938805
-62.601902	-7.1486645
-60.76022	-11.791581
-53.431675	-13.598723
57.43667	3.5105739
-54.649742	-12.368553
-53.37093	-12.95454
-44.177658	-16.281084
-44.446224	-16.644188
11.062679	28.806648
43.415253	21.745756
10.871742	28.968376
10.5821	29.021246
-40.65124	-5.5334125
-40.657185	-6.4640207
-40.828262	-6.2805476
-21.370934	42.258812
-39.789627	-6.2766547
-39.934467	-6.804525
-39.87462	-8.043609
-39.57503	-8.054629
58.130104	-10.191811
56.429787	-11.393155
55.681976	-24.956106
50.98169	-26.885002
-73.79501	-22.950329
-73.73274	-23.516
38.815697	-38.666935
10.025425	-68.88252
10.880842	-71.36519
10.881169	-71.36468
9.880684	-68.54449
-74.32924	-25.63815
-76.82457	-28.25154
-74.36392	-25.680271
-78.4704	-28.070005
33.611706	-9.317325
-79.13836	-27.852112
-79.814064	-27.022198
59.263596	45.919643
34.329006	65.60081
33.170425	66.56528
32.857864	66.65952
-18.25729	-3.4341786
-18.921417	-3.833306
-19.209106	-4.0805063
-19.217064	-4.755482
-20.258284	-3.58161
26.167198	-9.09796
-47.381744	55.28084
-47.61357	54.92825
53.796658	50.630955
53.736954	50.60771
-20.86747	49.657364
39.773315	58.556145
-19.382963	49.73551
26.837746	52.80838
-18.352058	49.22524
-18.078138	49.08823
-46.155334	55.214233
-48.642464	54.635277
29.825787	42.92416
32.97148	44.093155
31.149105	42.129093
51.89909	48.277073
29.562437	43.251427
-21.431458	50.311527
-17.23149	47.162712
26.26599	-89.29318
24.633413	50.981464
25.382435	50.42439
39.03282	45.459904
-55.329216	28.447832
39.484425	47.991306
52.268433	53.995697
35.501957	56.83377
36.08059	56.761738
35.491123	56.439594
36.357395	56.64351
27.062733	46.664642
26.650862	48.456448
26.93907	47.027332
27.198292	49.85178
41.45712	47.35431
43.082897	47.31445
40.989918	47.450493
44.551865	45.966087
34.286697	44.81415
33.804157	44.614906
28.936647	63.01262
37.949265	60.005894
28.181265	65.21262
27.463629	65.737595
27.731882	64.4449
26.421404	64.671234
27.41583	63.693497
27.199297	49.439568
42.211246	49.100876
57.264412	51.350365
41.930443	50.09857
42.090004	52.897152
41.50541	51.134155
41.990406	53.395424
-22.523603	52.605553
40.62128	58.18535
40.621574	58.18482
-45.7467	81.15537
-24.000715	52.37778
-45.77969	82.245804
-45.868317	82.57267
26.630823	66.01168
26.307661	65.5075
41.68314	45.52311
41.713383	45.278225
41.55098	50.236263
52.570038	51.64628
34.069023	59.133553
41.19215	57.028374
33.511173	60.16913
33.485176	60.228024
-14.329154	52.163757
-12.634154	49.428032
-14.354162	52.01503
-12.60199	49.77026
-16.501698	53.279682
-16.951683	53.429512
50.113426	6.2937875
-68.71975	-3.4819977
-68.73395	-4.4115133
45.14719	2.6774983
-21.250555	33.76876
-39.98963	-22.6953
-41.460247	-22.817945
52.4798	-63.779015
52.495132	-63.793236
-39.380615	-22.314354
9.994403	-71.77014
-48.07683	-9.84301
38.552246	-13.905062
27.104876	24.322971
36.398373	-14.665176
-21.014978	37.086346
27.065191	24.322573
40.34214	-13.117716
36.713146	-14.63806
-16.552969	45.71276
-16.127235	40.83444
46.941906	7.7166843
70.54957	-0.42581654
44.13318	4.8718715
-72.43179	-8.098588
51.95569	26.227757
-65.50989	57.910645
44.140385	4.8857193
52.028378	26.292765
54.97608	26.070461
38.85723	-11.045264
39.06058	-12.411035
38.776863	-10.964242
36.082863	-14.999163
35.224438	-16.396265
35.21787	-16.52992
35.947	-12.495315
46.03691	32.074936
50.833675	4.193464
50.978413	3.4964256
51.194607	2.5102682
-67.59305	-4.743396
-65.0523	0.4352468
-67.32571	0.20294
47.95995	-0.9669414
-65.9314	-1.5150878
-26.60591	43.708263
-28.405453	44.246117
-26.072569	43.540573
-22.217339	43.174744
-22.071388	43.108112
43.38865	22.376694
50.51639	6.232194
57.483994	4.4265027
-31.96095	59.355164
56.6113	9.159576
56.605778	28.697618
56.5867	28.492075
-16.79263	36.48312
42.68188	30.801365
-16.822443	36.483685
47.223858	46.33179
56.129887	44.803787
-14.820234	-32.190006
-19.325905	-6.6183515
31.128912	65.150475
31.082039	65.91289
-35.70862	61.409702
39.923824	49.20394
54.748184	54.03879
37.68234	48.293247
38.066483	48.317486
36.979744	48.184666
20.737766	50.409195
21.37937	50.57503
-24.51245	51.45665
-20.777658	51.94002
-20.660347	52.092976
-19.610315	51.737297
-25.682465	49.841763
27.63761	50.317993
-18.356627	53.2906
-14.711863	6.5672426
22.339758	18.853188
-0.63037896	-43.566307
-0.6389301	-43.571278
-14.708927	6.5629005
-27.824238	-79.0014
-52.0371	-13.842152
-60.506588	-11.992194
-60.02079	-16.912905
-60.22125	-17.003584
-51.399372	-13.330134
-70.68305	-9.0693865
-48.616592	-3.7195168
-62.330254	12.570982
-47.091953	-4.390339
-47.77552	-9.297323
-48.21787	-3.965368
-26.88581	48.19348
-43.109524	-6.764107
-43.70094	-7.424114
-55.6621	-19.604216
-59.357964	-16.006655
-55.69045	-19.530931
-59.893276	-20.80614
-54.55846	-6.3879747
25.102976	-30.604177
-13.891974	-42.41559
-51.65829	-11.429685
-13.896276	-42.425606
50.97683	1.5957874
-62.364773	-10.635134
-21.535215	33.489277
-27.680593	63.628296
17.400692	50.15479
-67.35881	0.56377727
17.470411	50.429543
17.687609	51.15596
24.383722	56.136795
24.688965	57.0369
25.066729	2.658594
-45.95534	-46.06166
39.25013	-105.274185
-52.114986	-32.76471
25.647198	2.8975863
39.284847	-105.26282
-46.07201	-46.060787
25.917377	2.79713
33.466244	8.741973
-20.776339	-34.704586
-24.493681	-34.305634
-25.177048	-34.205154
-24.578794	-34.292408
-22.824146	-34.520653
-20.020943	-34.79748
-20.124588	-34.783894
-48.711124	-37.28267
8.432693	18.87174
8.472293	18.86793
9.7324505	18.858347
-37.898926	10.279646
-36.97361	9.704957
-36.63291	9.7988
10.5236635	18.935198
-37.127228	9.921292
18.253227	10.48386
18.342667	10.585498
16.004232	12.557636
-30.369425	-14.035155
15.253745	13.614159
15.177114	13.768578
26.921429	19.081726
-34.28839	12.268748
13.738665	3.7165787
13.781699	3.6944358
12.031713	3.7526908
11.9705	3.344786
11.956197	4.5011845
7.6058702	8.197929
10.377565	6.3839526
10.321818	6.7265224
4.4649487	13.846936
-14.8860855	-50.743156
-14.242335	-51.32094
-14.249713	-51.266476
-14.310346	-52.76921
-13.182312	-51.39519
81.58094	-20.249428
82.43575	-20.339218
81.83332	-21.042662
82.53256	-20.73839
81.772545	-20.653532
79.46694	-22.090082
8.975067	-100.6561
81.660416	-24.565527
82.36873	-24.788504
82.26724	-25.416616
81.89983	-25.075884
81.396774	-25.33037
8.71843	-99.0332
9.254209	-102.464615
9.952382	-102.358376
9.612301	-102.287506
9.028927	-101.68861
80.717445	-21.954493
7.844732	-99.77917
7.704134	-100.59054
7.584166	-100.49579
-7.7222447	-97.11246
17.940435	-51.004543
-7.6121225	-96.83003
-6.9087906	-96.896416
-6.892746	-97.432686
-6.293494	-97.51351
-6.1495256	-97.659256
-21.113026	-83.54588
-20.234821	-83.36237
-20.681	-83.19881
-21.44892	-81.799576
-21.03306	-82.30771
-20.686352	-83.681915
-19.845854	13.652743
-19.813738	13.670038
-24.221151	12.1498575
-23.97541	13.559855
-23.08247	13.323665
-22.251558	12.800994
-24.098581	12.751317
-22.295439	12.749272
-22.549072	10.995726
-22.96616	10.423192
-23.413292	7.1762943
-23.441153	6.052237
-24.567154	4.9903617
-23.26672	7.3941793
-23.558823	6.524863
-24.568398	5.1128044
30.267237	33.444073
25.223438	32.2452
24.40579	32.24932
24.077095	32.702583
24.434492	31.668411
22.538977	1.1935327
22.09269	2.0925765
23.393417	3.5549574
32.83215	11.0463085
33.100754	9.792064
33.152344	9.608071
-33.3945	10.741286
-33.079323	10.504493
-33.519886	9.825381
-32.191162	9.990037
-31.841518	9.418192
-32.369797	9.57585
25.799248	29.985117
25.502794	30.19718
25.622633	29.26395
-47.72567	-38.471546
22.499369	3.2861156
-48.029785	-37.90211
-36.59261	-31.857454
-35.54386	-31.7154
-19.616505	4.754959
-20.38067	4.1309466
-19.852688	4.833516
6.4034743	8.952632
6.519656	8.943407
7.8422065	9.21971
7.989982	8.612653
-15.549905	41.866516
-26.822935	1.4810828
-26.225683	1.2240905
-25.984173	1.1824151
9.828164	8.457427
-27.333597	1.7610685
15.216586	3.9384668
4.757332	12.608946
4.8205323	12.40312
5.049502	11.831875
5.166101	11.546594
-19.985624	7.4412446
-20.54112	7.155397
-20.521568	7.150439
-27.380627	-76.969246
-28.119703	-73.868935
-28.109201	-73.20477
-27.396807	-73.58248
-27.195288	-74.45416
-27.296925	-75.77411
-27.567062	-75.76649
-27.446352	-74.999016
50.360107	61.882442
23.566706	-54.692955
23.722128	-54.609364
22.49474	-54.742542
23.158741	-57.737015
23.169897	-57.622467
22.758423	-56.665913
22.927298	-58.010426
-25.582624	-81.90417
-25.693216	-81.581345
-25.740898	-81.263275
-25.295658	-80.657104
-1.7722977	-75.88531
-25.169178	-80.15742
-2.3373325	-76.348595
-2.180827	-76.198456
-23.686512	-84.69435
-23.621035	-85.4853
-23.91167	-85.67514
-23.643002	-84.59518
21.338116	-53.62371
21.39165	-53.780457
21.03189	-52.97944
22.925434	-46.89966
23.044693	-44.533638
23.048819	-44.481426
22.991573	-46.867115
22.649958	-47.401646
20.370943	-52.31129
18.776995	-51.99539
17.707453	-53.70465
17.328732	-54.16997
18.522282	-57.35382
19.10544	-57.908615
52.886784	-65.435524
53.344494	-65.6663
53.22203	-65.13472
53.627598	-65.44585
53.734604	-65.04716
-46.29287	30.453434
27.978394	5.8765497
27.995453	5.874291
42.005474	71.81637
41.630898	72.18877
42.53861	72.03398
41.60014	72.97075
42.502686	73.08337
41.976692	73.78517
41.227177	74.46622
41.929424	74.71464
42.523453	74.85009
41.656803	75.34298
42.556034	75.57747
43.54218	74.255196
-17.811531	59.317127
43.589462	74.79899
-17.792128	59.309223
-18.005848	59.51439
7.744922	40.52183
9.231465	40.342316
8.88459	40.353477
7.865808	40.386578
7.3815274	40.195602
24.741236	7.088252
-31.507093	56.99138
-31.943678	57.10336
-31.209541	-13.663116
-31.02846	-11.995857
-52.767605	-29.021317
-52.96257	-27.735369
-52.096107	-28.543062
-52.206383	-29.449923
-51.46384	-30.87149
-51.805176	-28.925941
-51.21014	-28.745766
-50.566883	-29.29677
-50.30254	-30.733335
-49.900116	-30.85223
-50.346813	-31.583134
-50.81972	-31.847908
-49.291565	-29.462004
-49.650787	-28.63484
-34.570236	-9.87307
-31.561293	-10.230958
-33.82132	-10.538789
-30.451532	-8.527337
-32.67835	-13.181776
-32.45604	-12.847966
-32.609653	-12.365053
-34.00238	-11.787059
-34.41558	-11.669961
-33.861504	-12.605872
-37.499065	19.612053
-37.813194	20.09766
-36.34396	18.143496
-34.665688	17.230904
-35.44042	17.375372
-34.787254	17.622171
-35.06897	17.143908
24.199007	38.79216
24.871426	38.605568
23.551964	38.169174
23.480137	38.8433
23.246836	37.780945
24.354534	38.03051
13.873132	31.222555
22.164812	37.81225
-30.768179	17.01611
-30.726458	16.993181
-30.721645	17.04039
-31.335989	-1.548247
-31.261875	-1.6619154
-30.403097	-3.2281072
-30.379381	-3.4540439
-30.420637	-5.4988027
-30.150625	-7.7489843
-29.48225	-8.441802
-28.850685	-7.4776597
-31.31499	-6.829913
-29.84096	-7.09415
-28.643799	-7.2216415
-5.671645	-64.074036
-31.494825	-33.894222
-31.387335	-33.95145
-5.5663614	-64.01105
-30.54543	58.691345
-28.276203	59.17847
-28.087862	59.191288
32.085022	40.446987
32.110657	40.343136
-24.772764	60.594326
-24.401072	60.71933
-24.678427	60.038918
-24.37546	59.969784
-22.931265	59.42371
-22.908167	59.478943
-22.405455	-1.4730275
-22.189903	-1.5409241
-22.947556	1.0050672
-23.147745	0.34951553
-24.210619	-0.28934723
-23.692204	1.0622598
-21.88293	1.7361082
-21.65042	1.8629256
-18.710512	51.18923
-10.755078	-53.782837
-10.796635	-53.75832
-11.738981	-53.178936
-29.63468	-66.46957
-29.635948	-66.62414
-29.79085	-68.06855
-29.559744	-68.29923
-29.772635	-68.488434
-29.660652	-68.95392
21.38364	5.754051
22.596437	5.8537035
22.785954	5.9905214
-46.196365	-39.174007
-46.161926	-38.26594
-45.858536	-39.11404
-45.561455	-39.658264
-45.5136	-38.55266
-45.371456	-38.012386
-15.593344	-24.59044
-15.743194	-24.702015
-15.995795	-24.876883
-16.626114	-25.39868
-16.660898	-25.423315
-35.101665	-14.048178
-35.177986	-14.122894
-32.837547	-29.52932
-33.897724	-29.860634
-33.668926	-29.493755
23.651943	2.4637291
-52.590275	-44.500942
-51.861416	-44.635834
-51.543945	-44.43032
-52.540623	-46.144596
-51.225502	-45.371136
-50.555473	-45.630756
-50.46757	-46.10997
-50.68274	-46.533295
-51.504887	-46.244617
11.497695	-53.184414
11.218025	-53.86814
11.237518	-54.239735
11.075998	-54.417255
-8.894909	-70.95927
-10.30779	-69.48995
-10.315176	-69.814835
-8.593093	-70.46727
-9.44677	-70.053566
-9.795361	-70.5775
-8.131216	-70.11941
-7.9111414	-71.11776
-11.842905	-70.86321
-12.09373	-71.36078
-33.709118	-33.04383
-12.792465	-71.151024
-14.1069	-71.76438
-14.699297	-71.37653
-15.301938	-71.93823
-27.529676	-78.382484
-26.061588	-73.90993
-14.712135	-70.538345
-13.437257	-70.56064
-13.806118	-72.08185
39.230053	41.486504
-34.566147	62.9266
-28.687492	61.231857
27.7642	39.075996
30.03322	38.40145
31.016758	37.913548
31.396967	37.344357
30.367355	37.524258
31.325352	36.780956
31.20034	36.607655
25.649628	35.584545
25.432877	35.58463
26.291533	35.142994
26.25096	34.56513
27.23044	33.490566
27.632965	32.485756
28.25555	32.52428
28.380886	31.906082
34.60888	31.673311
35.137962	31.41217
35.680584	31.12639
35.965496	30.970173
22.793821	34.107372
44.43186	13.224351
44.537113	13.610365
44.38768	12.809372
42.761024	12.164798
42.51942	12.156645
43.542492	14.715783
-57.940826	-40.719604
-57.163937	-40.197952
-57.76185	-40.32351
-57.062744	-41.111526
-57.595215	-41.54553
-56.328487	-42.061764
-56.65822	-41.924797
-55.436344	-40.987167
12.566959	-53.16227
-57.344845	-42.440258
18.50822	-52.636105
18.461542	-53.192
18.593786	-55.243107
18.361446	-55.59486
16.856508	-56.391514
15.693361	-57.50659
-57.788918	-43.664875
6.8556647	-66.64133
5.8134446	-66.16063
5.79696	-65.56746
5.696018	-65.34977
7.044826	-65.653366
7.182783	-66.03222
8.54745	-66.519356
8.986087	-65.500336
9.195157	-66.23933
9.152464	-65.844185
11.15261	-63.10434
11.358283	-62.85614
11.496258	-62.705524
-22.554438	-53.15248
-22.540634	-53.111496
-1.1826668	-71.4805
-1.2475078	-71.52826
-2.0802853	-72.131325
-2.1227765	-72.15495
-21.487404	-86.49743
-5.437375	-74.342384
-5.574852	-74.31872
-4.960824	-73.35626
-5.0257454	-73.27503
-20.82156	-85.48384
-20.929861	-85.54474
-8.498712	-73.768974
-7.893898	-74.75686
-8.596191	-74.01897
-8.771219	-74.217514
14.808642	-57.946697
13.633859	-57.556335
13.576345	-57.545925
13.115172	-60.800663
13.507604	-60.05291
13.726271	-60.344486
14.355018	-59.79987
12.255319	-60.198097
-4.397462	-63.289482
35.24434	4.6809936
71.78813	12.703606
35.244953	4.678251
40.38502	-98.82651
40.46571	-98.57836
87.199196	19.767344
41.558937	-99.38397
41.404198	-98.41058
42.003754	-98.261185
41.985126	-99.05615
42.428593	-98.835815
88.21991	19.127382
88.06655	18.908346
88.685715	18.806442
88.79475	18.29451
89.096306	18.023722
42.7284	-100.36416
38.807106	12.150159
38.01733	12.542058
37.5508	12.676358
37.073483	13.6158905
37.051136	13.715688
39.451427	16.292994
36.058075	17.03036
36.381348	16.983662
39.182625	16.529924
35.950672	17.676208
35.373672	18.318249
35.784378	18.696732
35.263767	19.083067
35.10661	19.828009
35.39611	20.181364
40.170116	-104.46666
40.28828	-104.1105
40.483997	-103.50911
40.83382	-102.75443
40.94454	-102.194405
19.212755	11.271241
40.017906	-95.92598
81.11826	29.249216
39.99545	-96.12574
68.497284	26.363508
67.99743	26.101112
67.52447	25.880142
66.32363	25.384283
65.826584	25.233126
65.15317	25.358475
64.646385	25.401802
38.167065	-100.77618
35.65953	23.853132
-28.03233	-20.327375
-28.3272	-20.13681
-27.917631	-19.629532
-27.927357	-19.648346
15.342917	15.082003
66.76095	29.815607
66.77761	29.76806
-36.222157	55.9421
-36.20642	55.47453
-48.69002	-46.16002
-48.58144	-46.189213
-34.689613	-31.430939
-34.200832	-31.933836
-34.368137	-31.507128
35.651005	23.928146
-28.855564	43.144
76.4897	37.773502
75.00619	38.74734
-34.900127	56.24549
-35.187023	56.49328
-35.36951	56.311184
63.85957	26.164915
33.989292	67.9979
-20.22225	62.755283
-20.39035	62.704132
-20.180187	62.78148
23.754442	60.65008
