-0.57548755	-3.8512475
-0.9241482	-3.9768205
-0.47385064	-3.7472634
-0.58917725	-3.8451865
-0.4184243	-3.8148825
-0.49722087	-3.7955704
-1.5276734	-4.0367746
-1.5327244	-4.117428
-0.6214432	-3.7309191
-0.379109	-3.8203864
-1.3529705	-3.894898
-0.69640625	-3.6119459
-0.2380153	-3.8687959
-0.18797846	-3.8698814
-0.5252939	-3.7633693
-0.5983231	-3.729805
-0.26768178	-3.8871455
-0.10077992	-3.9944844
-0.5768904	-3.7032232
-0.6591156	-3.673935
-0.4975594	-3.4917407
-0.504234	-3.5165377
-0.17309058	-3.8269856
-0.19035403	-3.837389
-0.21796413	-3.9006321
-0.31026104	-3.881884
-0.12375532	-3.986323
-0.1765766	-3.896943
-0.70102286	-3.9124315
-0.465228	-3.7790022
-0.44606137	-3.8453608
-0.33490536	-3.9174528
-0.6218117	-3.8011274
-0.579083	-3.7942457
-0.20320033	-3.8348758
-0.41561252	-3.8929782
-0.08635694	-3.8608148
-0.1371921	-3.8215137
-0.52880114	-3.7653446
-1.1777188	-3.8436842
-0.52117753	-3.9098203
-0.5417333	-3.8584414
-0.6665979	-3.693854
-1.4459493	-3.992209
-0.25095335	-3.8193233
-0.24628982	-3.8341374
-0.2936533	-3.8962047
-0.49092895	-3.922593
-2.000324	-3.9004843
-0.20803285	-3.8744285
-1.4094106	-3.9315546
-0.48650318	-3.7400599
-0.1632068	-3.963445
-0.13941309	-3.9747238
-0.38161677	-3.8126223
-0.9348324	-3.956821
-0.28073964	-3.8408592
-0.24825147	-3.8530202
-0.41182303	-3.7752688
-0.2689061	-3.8427935
-0.8271827	-2.7696745
-0.9735337	-2.7010958
-0.9182288	-2.8211963
-1.0299388	-2.8108258
-0.90515155	-2.965101
-1.0954452	-2.8660834
-0.99821067	-2.6703315
-0.80542487	-2.8102741
-0.8848629	-2.8927305
-0.8796652	-2.8666306
-0.5880553	-3.4645462
-0.67867345	-2.9663339
-0.90796065	-2.8115363
-0.7968269	-2.928124
-0.85402054	-3.1925263
-0.84211725	-2.9442873
-0.729306	-2.9307265
-0.7102175	-2.921559
-1.4768791	-3.3830554
-1.190849	-3.3753567
-1.0386424	-2.5628023
-1.0318142	-2.5400136
-0.9636779	-2.8871784
-1.3078076	-2.8610249
-0.96425176	-2.8313465
-0.6840622	-3.0063567
-0.9003581	-2.9381635
-0.6263901	-3.0237916
-1.1395572	-2.7718208
-0.81563836	-2.8764935
-0.8591424	-2.9358544
-0.765907	-2.962837
-0.98541594	-2.8423638
-1.0039799	-2.8821142
-1.2171595	-3.015814
-0.9322043	-3.0505095
-0.80272883	-2.9122524
-1.272491	-2.8053696
-1.1276155	-2.5868795
-0.84975064	-2.924753
-1.0140661	-3.004748
-1.4163077	-2.8956125
-0.75503415	-2.848138
-0.80622286	-2.8905354
-0.8772877	-2.901998
-1.734717	-3.0439374
-1.1063119	-2.9676743
-1.2106138	-2.8463695
-0.8845197	-2.9502323
-1.5606104	-2.8974824
-0.6571448	-3.1309237
-0.65911645	-3.1216493
-0.6180753	-3.5229287
-1.5115744	-3.4602785
-1.0562055	-2.8177803
-1.1759073	-2.8188653
-0.85716695	-2.7070277
-0.85049814	-2.7036796
-0.9430721	-2.9591906
-1.6807809	-2.8663287
-0.562517	-3.7603335
-0.32406497	-3.7848535
-0.5275732	-3.8030946
-0.14738096	-4.0027103
-0.33804214	-3.8884008
-0.4434068	-3.690451
-0.2920837	-3.857256
-0.49595246	-3.7502332
-0.17965895	-3.9200265
-0.59362763	-3.5735002
-1.2437996	-3.896839
-0.7631624	-3.6865177
-0.27778518	-3.799675
-1.827457	-3.8682163
-1.2786993	-3.8181825
-1.2318588	-3.892526
-0.27610132	-3.8017278
-0.2819534	-3.8593524
-0.24211392	-3.9505525
-0.5493516	-3.702848
-0.64381754	-3.6686542
-0.21690257	-3.9020889
-0.2944514	-3.812715
-0.27702957	-3.88532
-6.1471367	-4.5211396
-1.3565736	-3.8901162
-0.64774346	-3.0207868
-0.6688502	-3.7284994
-0.32399327	-3.8244987
-0.6609896	-3.0760133
-1.3385729	-2.9387512
-1.5296011	-2.9119763
-1.1650523	-2.7905684
-0.7042413	-2.835703
-0.8698058	-2.9846601
-1.1739722	-2.7774599
-1.2919501	-2.9448125
-0.93544656	-2.954383
-0.8753293	-2.948882
-0.9561876	-2.8292267
-0.8086448	-2.7343876
-0.8163986	-2.9909468
-0.9102019	-2.756194
-1.1746906	-2.7537174
-1.0207915	-2.8676891
-0.82190824	-2.930919
-1.3983679	-2.8765185
-0.8673231	-2.8357232
-0.7446763	-2.8193393
-0.7978642	-2.91392
-0.8161088	-2.90271
-0.8870538	-2.9002113
-0.8348673	-2.8890443
-1.1312543	-2.6849284
-0.85484827	-3.0054767
-0.7871792	-3.4340281
-0.7468474	-2.9481878
-0.8378119	-2.823546
-0.8234484	-2.9289033
-1.6042035	-2.8095224
-0.5015844	-3.762148
-0.39480317	-3.8658047
-0.45687988	-3.8352218
-0.18215358	-3.9960577
-0.35279402	-3.8367271
-0.5641124	-3.707218
-0.26464105	-3.8384123
-0.54948	-3.724947
-0.19751716	-3.9348156
-0.5352795	-3.5211134
-0.3405328	-3.87298
-0.5668654	-3.6901438
-0.41641742	-3.7570477
-0.41645187	-3.79387
-0.9681619	-3.766628
-1.3836044	-3.9603238
-0.26120985	-3.827348
-0.18004425	-3.9180083
-0.3140278	-3.9131467
-0.6740117	-3.678135
-0.63978636	-3.6882937
-0.22728345	-3.8858793
-0.27614987	-3.8151157
-0.22196609	-3.9042604
-6.168114	-4.5509243
-0.56002265	-3.8077946
-0.6103587	-3.065557
-0.600614	-3.7423394
-0.19601204	-3.8901029
-1.2830966	-2.8877144
-1.2366754	-2.9385993
-1.5331453	-2.9565907
-1.1718016	-2.8222947
-0.810446	-2.8449416
-0.8824725	-2.932199
-0.70649326	-2.9853115
-1.0096502	-3.032392
-0.8955949	-2.8873935
-0.87729895	-2.9681916
-0.93314177	-2.8556485
-0.8630598	-2.758716
-0.8302918	-2.9655063
-1.2528576	-2.7749476
-0.76937866	-2.853498
-1.1701714	-2.874776
-0.8224742	-2.8760216
-0.8816973	-2.9816132
-0.8681161	-2.885557
-0.7496127	-2.821693
-0.6874526	-2.9678867
-0.7948534	-2.9267817
-1.5978267	-2.9784665
-0.7192775	-2.9532213
-1.4987419	-2.565087
-0.84812176	-3.1137128
-0.6525549	-3.4993935
-0.79569787	-2.8842053
-0.74305665	-2.873083
-0.7743646	-2.9641712
-1.5235851	-2.8444202
-0.98375183	-3.9329393
-0.9499772	-3.9149191
-0.66645926	-3.6642306
-0.42903924	-3.8034642
-0.29127833	-3.7780483
-0.30679014	-3.7919343
-1.2005522	-3.8369324
-2.037955	-3.9284883
-0.55154145	-3.6630173
-0.5491757	-3.6602538
-1.2854297	-4.0255694
-1.4440168	-4.09748
-0.5471376	-3.706268
-0.47715402	-3.7391918
-0.29269138	-3.8881779
-0.29510394	-3.8677926
-0.28814197	-3.8625357
-0.33274978	-3.853927
-0.14919177	-3.8810155
-0.17781305	-3.8526835
-0.20064235	-3.8670568
-0.1972476	-3.8872561
-0.53404707	-3.485588
-0.5958771	-3.3959816
-0.30597904	-3.8125372
-0.27925998	-3.8264537
-0.36056238	-3.838879
-0.3528563	-3.8297832
-0.36151522	-3.82631
-0.4278374	-3.8300161
-0.6525488	-3.134919
-0.7312983	-3.006196
-1.2424842	-2.8206375
-1.2319012	-2.8100052
-1.2551867	-2.8135269
-0.7839255	-2.85881
-1.4640418	-2.8196309
-0.7597159	-3.1149333
-1.0867078	-2.6870797
-0.7955398	-2.9523933
-0.8773648	-3.1948667
-0.8205933	-3.4664934
-0.7135747	-2.9483714
-1.1329358	-2.8138993
-0.78862876	-2.8954825
-0.75889003	-2.9447145
-0.6921186	-3.0180228
-1.7851126	-2.8667645
-1.4151784	-3.098399
-1.2208003	-3.018399
-0.76431906	-2.925118
-0.8039595	-2.9044898
-0.33225492	-3.738518
-0.44504517	-3.6612942
-1.0753634	-2.941658
-0.77227706	-2.9093077
-1.1674168	-2.6615176
-0.9949212	-2.7370963
-0.8537409	-2.8502436
-0.9965433	-2.827721
