35.7709	34.396	35.2249	46.2393	44.4036	41.0473	37.5561	26.6758	25.0044	17.2235	21.7889	23.8187	28.0992	29.2357	32.1344	43.1505	44.4259	38.6312	32.2653	34.8402	25.9655	23.7696	18.9009	12.8192	20.8196	29.5038	35.8682	39.2315	46.9979	44.0014	37.8552	41.0403	29.2411	25.4182	19.957	11.8583	22.3583	21.6046	31.2824	34.6503	44.6238	38.333	47.4585	40.0818	29.08	27.5489	17.7724	16.1624	22.6897	22.0356	23.0995	24.5427	39.3011	42.2501	36.4959	46.0779	41.5371	32.4859	30.7772	24.5854
24.9706	33.8315	46.9423	42.5033	40.0592	38.257	30.9737	24.2685	19.5559	14.9595	13.9613	25.8069	33.8766	35.1541	35.0888	39.9575	39.8964	39.9479	35.3773	24.5035	23.8026	11.6346	19.4908	22.7429	27.3762	36.2696	42.7262	39.0815	46.3881	44.5109	37.7187	26.2496	23.0347	22.8681	10.9314	24.4129	30.0701	27.9194	42.9813	38.2759	40.5399	41.9338	34.0903	28.2374	17.3099	17.0727	14.5014	19.3736	25.3264	26.866	31.4218	40.1772	40.7762	36.4066	43.8886	26.3209	30.8269	24.1889	11.4137	13.1961
35.5351	41.7067	39.1705	48.3964	38.6103	34.5755	39.4181	29.1601	21.1805	20.4808	14.5935	24.265	26.4578	28.9629	31.7837	45.5757	48.4191	46.4321	35.8598	35.509	22.1924	23.3135	23.2302	22.6636	19.3221	17.248	27.1418	39.0091	45.7347	42.0011	44.5071	43.5643	35.0768	23.3575	20.7055	19.9759	18.6236	18.7408	27.4668	26.2064	35.5579	39.407	44.8076	48.1086	45.3199	36.0476	32.956	27.4532	15.7995	13.0734	22.8846	15.4841	32.6882	30.0856	42.1698	48.2339	46.0566	37.7721	37.2248	32.9494
24.2104	41.7679	45.2228	43.7762	48.8175	42.4056	33.754	27.3527	21.9765	22.2249	14.6318	13.2447	25.9956	22.9981	36.5781	39.1692	48.3092	44.9226	44.9275	33.9707	33.7175	25.0466	19.1417	16.1412	10.5987	24.3277	18.0507	26.8056	39.6169	45.4319	42.7228	40.7078	34.2781	36.3512	30.5172	21.4045	15.7467	13.948	14.5696	21.9495	22.5105	32.4536	43.0862	41.8163	38.1183	46.5417	35.1324	27.1443	19.4728	22.2505	14.7018	16.1907	21.4407	21.923	30.5317	41.065	44.3438	45.9355	40.3084	45.0065
31.5555	33.8108	47.7598	40.4056	34.2128	26.8555	30.1153	13.082	19.8027	19.3834	26.7693	31.8521	40.1876	39.8323	43.9535	37.7174	24.2572	23.6006	13.4661	16.1605	16.1841	32.2748	40.7452	41.001	42.0267	47.4836	31.6293	31.7157	19.3745	11.8441	12.0783	25.5561	35.7218	43.9844	48.6975	38.1681	35.859	34.6789	30.3785	23.1508	14.7885	20.0223	27.5827	38.2921	35.1351	43.0436	45.1359	31.75	29.2927	16.4292	21.88	13.8714	22.6016	26.2231	37.3841	45.987	43.623	43.531	35.1972	23.164
28.8411	34.9491	42.3064	35.1881	38.3215	29.9606	28.558	27.0297	14.1518	17.7457	21.4327	32.0057	31.228	35.0438	40.8649	35.6725	36.6971	28.3977	24.3614	25.5593	21.4584	23.9996	33.867	32.3959	43.1704	35.3792	35.4439	31.3646	29.4939	15.915	22.5751	18.7745	23.6087	29.5751	32.7677	39.0122	33.9751	30.6442	27.6479	23.5429	17.0723	23.2724	17.5351	33.1531	33.144	43.3795	38.0439	38.498	34.6423	27.5154	28.0469	22.7719	17.6894	24.643	35.0257	32.2925	41.6378	38.8235	40.2336	28.6438
28.4004	39.8835	40.4039	42.5002	42.7544	32.9513	29.7748	20.6785	16.1984	15.6932	22.6271	35.4492	41.4701	45.5868	42.5029	33.1578	33.9853	19.0391	14.6295	15.2926	24.0683	24.7247	37.9322	47.5312	47.9608	38.2376	33.4948	31.8874	17.4009	14.9492	15.003	23.2439	26.7731	34.7717	40.3571	38.0118	39.9174	35.4881	24.5046	21.6087	14.4941	14.8137	24.6532	35.3538	40.324	47.4154	39.0893	39.7996	24.0185	18.8891	14.1087	10.7992	24.6741	23.5884	32.7261	43.0726	49.6394	44.2687	32.6956	26.7285
34.5403	36.1093	40.7151	40.9382	35.0919	35.817	38.3182	24.3964	23.4916	19.8293	22.4225	19.2891	21.3046	27.446	35.0779	37.4223	36.561	37.2467	34.3636	36.4961	31.5585	28.1344	24.4481	23.8918	18.6707	16.1746	18.007	25.585	30.6991	32.8416	38.4103	42.7735	43.9582	38.6373	37.5257	32.3157	23.3608	27.6761	24.5498	25.1861	26.093	19.739	29.0946	32.1618	37.8563	34.0971	44.6772	39.5753	39.681	30.0522	23.1454	23.7854	21.3468	22.8669	23.0587	27.3852	30.9244	32.8075	37.6391	38.2598
28.2605	33.4574	43.3897	41.2148	37.1533	33.4367	30.1819	25.1225	18.3349	20.6586	25.602	33.0963	43.5086	41.2493	42.5565	39.4724	28.1088	20.038	20.8383	20.7693	19.1773	21.728	28.683	45.8125	40.7795	44.9571	35.8433	33.54	20.4141	16.7765	18.4715	25.156	29.8314	38.2776	42.4148	37.2415	43.5514	33.5848	27.1955	25.4418	21.9488	13.721	18.8011	31.3587	38.3525	38.5398	46.2625	41.0847	34.1759	30.2528	21.4883	19.2692	18.9633	20.6217	26.7159	36.1302	39.6474	38.9016	38.3285	26.839
24.8898	38.805	37.92	43.1023	39.3679	39.0897	38.8469	33.6141	23.222	23.3015	15.7651	22.7762	14.1679	22.2549	24.9245	33.5719	33.8683	43.823	41.0436	46.3503	42.8637	33.6655	31.6634	20.0828	18.4649	14.0268	21.8696	24.6858	24.1681	32.5447	38.9398	35.0152	38.5666	47.4021	38.5867	39.4744	26.4805	23.5885	16.2014	22.7814	20.9013	18.7308	17.3381	24.0946	27.3654	39.5289	37.2888	42.1669	37.6379	43.4843	36.268	32.773	19.8359	17.9304	20.1922	22.3295	20.9811	27.9966	27.5978	31.8755
30.7425	37.9754	43.1891	42.739	39.3712	44.1962	37.6507	28.8875	18.4354	20.9146	13.3554	11.5834	18.0495	28.5362	31.8329	34.7209	42.0029	49.4517	45.422	42.4498	36.5443	26.7467	27.3971	19.4725	13.1377	21.002	17.6963	21.995	31.4431	35.5	38.2189	46.1688	41.2444	37.8473	39.7422	36.6668	19.9717	24.1381	15.0715	13.0632	12.4505	26.7096	26.7751	36.473	37.2131	43.4866	46.5014	47.9382	34.9641	30.769	20.4861	21.7675	16.6897	20.8294	17.9138	26.8031	26.095	30.9324	40.206	48.5869
32.1442	37.6735	44.3604	43.7898	48.9829	39.61	30.854	32.244	26.7408	16.4025	20.5381	18.3095	21.4488	30.5328	32.5922	36.8965	46.8663	42.4024	35.0662	30.2846	28.0563	19.4062	14.6652	19.9163	19.5571	22.3479	28.1336	27.7408	44.7841	44.5111	41.6795	36.4173	38.1247	30.4026	18.5294	19.9396	19.104	16.5998	20.3531	24.9301	37.6115	35.9893	43.7921	48.7451	39.0895	33.0155	37.5442	28.9469	21.445	18.2254	11.4926	19.6335	21.1172	25.5808	30.9373	39.519	43.3949	42.9109	40.4535	32.7141
28.5487	38.744	41.5082	37.8523	40.991	40.9896	40.6828	37.1377	30.4491	26.8964	15.8185	16.1749	19.811	17.9418	31.5212	25.9806	34.4269	41.4225	35.2909	42.9488	34.1235	37.9459	33.6538	24.4063	27.8152	18.6115	23.3455	16.5313	19.3346	30.7055	26.231	30.7317	36.0663	46.0435	35.8849	32.1875	39.7325	24.5143	28.4302	28.1053	17.0588	21.5861	26.6075	21.9976	22.7838	35.1121	36.0863	40.2796	45.1335	37.2871	43.0745	32.8185	33.2167	23.3482	19.4809	17.3597	22.8378	23.1099	19.1903	27.7754
29.7481	35.0096	45.5182	47.1441	42.4431	38.1345	30.4926	24.4804	17.8574	16.51	14.1993	18.7899	18.0614	29.2729	29.1877	35.8468	38.3537	45.3945	37.4028	35.2864	28.8721	27.2127	18.7626	17.8971	12.5872	22.7502	17.8389	27.1988	31.4798	42.2281	43.6363	49.2067	41.6685	41.6546	37.9759	26.9402	21.5901	22.7819	13.9352	18.9154	20.196	34.2972	39.5432	43.9576	47.102	45.4469	38.9672	40.748	25.8723	29.2668	20.9359	21.6952	14.8328	19.0264	26.6645	28.0073	41.5617	40.1772	44.9136	48.8988
33.2631	32.5615	40.7387	40.0448	45.5522	43.5135	32.7647	29.3747	31.0824	17.2672	18.66	20.116	26.9831	21.2942	28.2209	38.3987	38.3702	34.4489	39.7835	34.3838	38.8619	30.9972	27.4411	28.5552	25.3819	16.982	26.2182	26.1982	26.6734	36.0118	35.1193	43.7258	36.6988	43.0794	34.658	27.4547	22.6351	22.3977	23.4841	17.3228	25.5161	26.6178	31.5342	36.1283	41.9434	34.2076	42.6871	35.7141	38.8656	27.1743	25.5406	28.3597	25.664	24.0535	24.7123	23.6286	31.0698	35.5657	38.4197	39.0139
30.7568	30.4465	35.8128	42.8655	38.2801	43.9991	37.319	28.0925	30.2355	28.6748	15.7433	18.6039	18.7363	16.5419	22.8501	32.1103	36.2311	38.324	44.6487	37.9792	35.8137	40.8654	35.9729	25.282	28.9272	17.8594	18.2777	19.9084	22.4766	26.3122	35.7893	38.1887	33.3	34.4444	43.1842	35.8281	37.225	27.1919	22.5461	27.3743	17.0854	20.8361	25.69	23.2508	30.3844	24.8467	29.9052	41.4951	35.0381	39.2123	35.4702	41.2383	26.802	24.4047	20.5264	26.2182	13.3387	21.5827	20.855	23.967
27.0824	38.1203	36.7182	40.8167	38.6049	42.6665	29.1573	31.1564	21.1538	24.6409	15.9524	21.1574	18.4404	27.6077	28.6911	41.7983	38.9014	45.3085	44.0046	34.7437	28.9773	28.0688	21.854	20.3247	21.7831	22.1205	19.1262	32.9311	33.934	35.5011	37.7656	38.0625	36.6877	29.434	29.7622	24.4747	18.0805	16.2138	15.5198	28.5203	28.1273	30.9865	42.579	34.9057	41.0299	43.4027	41.0141	25.7749	29.5514	27.1423	24.3613	24.6047	15.3662	21.1386	31.1652	40.1686	39.749	42.117	35.3176	40.0279
26.276	42.1307	40.1317	47.0287	38.8451	30.8415	24.337	19.0405	19.1752	19.5516	17.0312	22.4861	32.3838	44.9532	38.306	36.4755	31.7606	28.7161	26.7456	23.1604	15.0946	21.5373	26.8234	32.0104	44.7619	43.5953	44.5503	42.7948	26.6791	22.0618	13.6412	20.7571	20.5604	29.5806	28.6862	39.0231	38.7712	39.1912	42.6814	37.0817	29.8035	22.8459	21.5674	15.4343	22.0363	24.8876	38.1926	40.1233	43.6209	39.6101	38.1169	22.5113	25.9638	16.903	13.9054	19.1836	30.9761	34.5208	36.4414	41.8306
31.1421	32.324	37.5355	43.4115	42.5755	38.6982	34.8363	27.2288	18.4128	14.0898	20.7811	22.3786	22.7188	21.7725	32.3935	37.9021	43.4003	43.8388	39.0265	39.9676	34.1245	26.6117	23.7401	20.7135	19.4116	15.1044	26.2716	32.786	35.771	39.324	38.8783	41.5105	32.8248	29.6894	30.6898	16.3157	22.2143	17.4271	24.307	20.8704	27.7921	30.6916	42.9717	45.0107	44.7348	35.1978	36.2263	33.5025	21.2598	25.6927	14.2865	18.9865	21.5345	22.3358	37.3268	38.1527	45.8281	37.3389	44.6804	42.1113
29.7793	33.5955	38.2882	39.257	45.4788	37.7171	31.0806	26.7689	31.4416	23.4211	19.662	22.336	15.6057	29.3483	30.2411	36.5924	42.3301	41.7646	42.5535	42.6153	34.2203	30.2243	30.6954	20.5443	21.9657	25.8915	17.6732	27.3834	21.425	26.3878	29.9536	38.6526	40.3809	35.2698	37.9023	38.6286	27.9722	27.5859	24.6164	22.9904	15.6561	22.8803	31.1704	25.1837	38.2491	43.418	38.8503	35.6262	42.9412	38.0385	32.2666	27.6102	23.0217	15.0511	23.428	24.4191	27.0137	32.8483	28.9665	42.7579
29.8417	37.657	41.6643	38.1337	46.1419	41.4995	29.7408	33.6235	19.9875	13.6796	12.828	19.8401	17.3603	22.4517	30.1885	32.9343	46.853	46.4827	42.9656	36.7467	36.7744	20.4711	15.7887	12.4713	21.2193	18.5793	23.4753	34.8505	34.8788	38.2861	40.2723	44.0685	35.6235	33.0224	35.322	26.8051	16.7937	22.0056	19.1145	22.1034	23.2371	33.9955	39.5705	37.2169	43.5294	45.0718	32.4193	36.1643	30.3446	16.2215	17.1046	11.7595	20.1056	27.3057	31.8437	29.8439	43.9624	44.9137	38.4624	35.4745
29.8854	29.021	38.6378	36.2892	47.0325	38.241	33.7387	25.925	21.4466	25.7283	15.9478	21.8276	18.6095	19.1829	30.8004	37.6624	31.2481	45.6552	40.4705	45.8088	39.9595	39.7848	26.5972	20.2628	15.7385	18.0137	20.5864	20.9369	28.0654	32.2934	39.3129	41.3306	34.7946	42.3561	45.0426	35.4503	37.7498	24.7401	22.2827	21.1901	13.3013	22.5931	17.446	21.9409	25.3415	40.2555	33.0786	35.2796	36.5139	34.1983	30.2432	36.7576	27.1158	18.8256	19.0554	22.8141	22.9512	23.4063	29.7463	33.4762
26.059	33.4436	38.8249	41.7848	42.5722	34.0582	30.3299	26.945	21.1241	14.6946	19.1064	16.5727	16.3218	27.062	33.3793	37.0183	42.1883	40.2596	38.4041	39.3723	31.278	23.9	20.579	10.6051	14.7531	19.2064	24.1793	31.9541	36.2601	39.3654	42.3175	37.1907	41.4338	34.219	21.4009	22.1022	22.1928	18.823	15.4352	19.2243	32.4192	42.8326	46.3957	48.1395	43.4007	40.1506	29.0284	21.1716	21.3189	11.9235	13.5061	15.7231	17.09	30.7336	34.3057	39.4032	38.3136	39.0705	42.5527	34.4024
33.2194	35.8685	36.955	47.1315	38.3517	37.7406	25.9408	25.4453	16.7407	23.2634	16.3406	25.8889	31.9872	39.2912	37.5751	43.4289	36.8162	31.3377	26.7043	20.1941	16.6629	13.259	22.0613	28.1936	27.0563	33.181	38.2686	44.5323	37.7158	33.6835	24.6716	23.8462	16.3875	23.71	23.0742	25.3557	33.4573	37.4594	42.8146	46.9368	34.0586	28.077	20.6412	19.6025	19.3939	22.5548	17.9909	31.4263	33.4172	38.1911	47.984	44.9496	34.9163	29.4409	30.0664	15.2331	14.5865	12.5258	24.0905	32.3692
26.8147	35.659	40.0448	45.9509	36.8047	34.5668	32.1102	28.8161	19.8025	24.7117	12.7327	15.7631	17.2377	30.5339	31.8565	42.5577	42.3353	40.318	40.9768	31.39	33.3716	23.6424	18.1504	14.9351	23.85	24.354	25.5352	35.4305	35.3653	38.1625	38.1975	42.2875	40.8422	35.7815	29.089	17.6211	20.4405	16.3431	25.2666	21.2145	25.9342	40.5964	40.3963	46.1159	40.5779	44.576	35.195	28.672	21.1011	15.5465	20.8647	13.8917	21.6347	25.0307	29.474	38.5146	41.664	37.7865	36.9201	32.8873
24.0037	35.8809	38.8854	39.6478	39.082	40.1985	29.1954	17.0442	20.4087	9.3816	15.597	17.1616	29.4168	41.178	46.7701	48.7631	43.1989	41.326	32.5536	21.2629	18.8219	15.6749	11.9467	28.1057	30.9185	40.1609	43.7781	46.2128	37.7389	37.9744	22.7584	17.1595	14.568	12.7434	16.1829	25.8339	32.3265	40.2639	41.1807	47.8568	36.6706	38.2492	24.0261	21.1555	22.0908	12.807	23.5331	19.2486	29.1826	42.2556	44.3969	44.3432	41.3229	40.1345	30.4834	20.4561	20.6186	21.0214	15.5366	30.5863
29.7191	30.7809	40.2461	40.8522	38.4162	38.2877	29.6741	25.9852	14.3845	21.9506	15.3331	20.7709	18.7554	34.1252	31.5834	46.5455	49.2307	43.8259	32.1281	26.4022	27.4004	24.5293	12.1374	15.5811	16.099	29.3377	36.7325	39.3069	47.8725	46.4693	45.2809	35.0506	31.9822	24.3381	22.809	16.0267	11.6986	15.0845	29.6455	27.8207	42.5484	40.1427	49.7552	41.3569	30.9477	30.6163	18.8822	21.9439	12.9733	18.6547	24.8714	24.3326	30.0769	35.7262	45.0236	39.7163	36.6515	36.7801	28.0335	27.4249
34.0413	33.0558	47.1407	40.4858	42.9716	33.3002	24.5335	20.8579	19.3251	24.6109	20.9691	34.9149	40.4454	42.1688	37.7588	36.3252	35.1673	18.5778	16.4828	14.8446	16.4814	24.9002	39.2064	39.6818	38.721	37.4091	36.8732	29.192	25.3144	19.4178	15.1449	29.9338	33.3385	34.7259	39.0679	38.9667	33.256	32.1431	23.5196	14.6488	18.7324	21.901	30.1836	29.2278	38.411	48.1184	47.2263	36.9325	25.7795	18.1771	16.9523	13.0915	27.4217	25.7377	42.5988	37.5728	44.5405	40.38	30.6777	23.0052
26.3583	41.0159	46.4368	42.2493	40.7608	31.7019	33.7671	16.3022	12.9129	14.5288	17.3474	27.3406	36.521	41.0073	36.6456	46.338	32.6653	36.2698	29.778	13.378	19.4014	20.3952	26.7193	33.108	42.7399	45.7245	40.1983	34.6581	36.5698	29.7383	23.5417	14.2801	22.7594	25.8083	26.8188	40.2959	37.922	43.2431	38.2278	39.6924	34.6257	29.0349	24.9492	22.7362	17.1803	26.8355	25.3635	39.8799	43.7804	46.1271	40.019	30.9997	26.272	21.2123	19.5439	23.5599	27.3578	29.3063	32.6175	39.3324
29.4044	37.9153	42.9343	47.06	32.8872	33.2271	20.5219	17.818	12.8334	24.4642	23.4341	29.958	43.3039	38.5418	36.8787	37.9667	22.7553	15.0891	20.0411	17.1499	28.8686	35.9479	39.7371	45.5263	39.9928	36.7381	33.9146	17.7287	22.0216	15.0298	20.5751	23.1473	34.8849	43.678	37.3212	37.6177	33.0966	21.7189	14.9764	15.721	20.7521	20.9265	32.7448	37.5577	37.7375	37.7271	32.0695	28.1809	24.9757	13.3169	13.6127	22.6827	23.0514	38.0797	38.6815	40.4707	42.4664	37.1812	19.465	19.7029
32.7824	35.4013	43.1513	41.1918	33.3502	32.3278	30.7077	20.9117	17.5616	13.7516	16.5663	28.2534	33.5483	39.0958	42.7483	35.1686	36.4193	34.1711	32.6901	24.7323	21.6053	22.7476	22.446	19.9948	32.1531	33.7879	40.9765	42.0481	34.933	30.3235	28.9688	19.613	16.6861	14.4412	17.6487	22.8212	24.6169	36.6319	36.9189	39.286	34.0266	30.4264	29.79	19.7448	23.9866	16.7953	22.7954	28.3563	26.0288	38.497	39.7943	35.695	36.2334	30.2115	31.9464	28.6318	21.2604	17.4355	17.5393	23.3659
24.0823	39.542	44.7246	46.4448	44.1481	37.6568	27.1227	25.928	20.0148	15.0963	19.9849	26.8917	28.609	32.2573	36.2212	38.5804	37.718	29.1157	25.728	21.2087	14.0566	16.2058	22.0113	26.2517	30.0016	37.2407	45.0267	42.8906	32.2107	26.5808	24.5923	20.3293	14.7924	24.1676	21.5377	26.5376	36.7649	44.3524	35.8989	42.4474	31.4146	22.3716	19.3152	18.3085	14.8759	26.1938	22.6466	38.906	33.7466	36.3569	36.8069	42.2168	37.1631	28.3435	26.3122	22.2013	23.8705	27.9548	30.8444	31.9461
30.8956	39.4336	39.5974	42.0363	46.8106	34.0587	31.4438	33.3497	25.9809	17.4067	16.1807	15.1859	16.8501	23.6637	29.3002	37.8865	49.0356	37.847	38.2559	29.2626	29.5323	21.6039	13.7374	19.9304	19.8256	24.4574	32.5921	36.161	38.2161	43.1261	47.4378	41.8185	41.6468	30.5036	27.6898	18.8469	17.3307	13.0762	15.9185	22.8611	32.9682	36.1319	38.8105	38.041	39.3573	41.1814	33.9421	23.7546	20.6031	10.7425	11.6026	20.7221	21.7875	32.3239	33.6417	47.94	38.5679	46.6194	37.0306	26.8016
30.6452	33.5252	47.7151	41.2529	39.2562	38.762	38.4	24.4824	19.1655	20.1992	13.2109	12.8291	18.7599	25.6468	38.5677	36.1103	48.6031	48.2751	45.7563	32.5005	29.7102	22.3788	25.1075	10.5893	10.8242	15.1053	21.3766	29.6578	33.7933	47.2711	43.4118	49.0611	45.2724	34.169	31.5485	23.9859	17.2146	17.5982	20.4758	24.7824	28.2999	31.1446	39.9752	49.6628	40.3528	42.8835	33.5415	37.2749	26.5876	16.4501	20.2041	19.2114	12.4077	23.5028	36.1555	40.7686	43.7731	38.7943	45.2266	42.783
35.4646	35.478	37.3539	40.355	38.3622	37.224	31.0864	22.7959	18.8444	12.2326	19.2947	28.9564	24.7471	31.3671	42.8636	39.7815	39.4978	29.8952	30.6365	19.7036	15.4996	20.3918	14.4383	23.9745	32.4388	41.6363	46.3351	37.8753	42.8424	31.785	30.2816	19.0999	14.9406	18.7319	17.1666	22.0404	26.444	33.3483	46.9012	41.4629	45.3279	29.9568	32.9891	17.3461	18.3272	15.0005	24.6997	24.2448	31.2329	36.3487	48.3386	42.0269	33.9831	28.4909	28.7518	19.7386	17.784	14.8201	20.0448	27.7847
29.5406	33.5848	35.8956	38.0802	42.6702	33.6437	31.6486	20.7756	24.8114	13.2187	17.9847	19.1082	26.5453	39.8323	41.5444	42.6346	36.3555	39.1189	27.2185	19.8007	19.9331	23.9433	24.8578	21.0209	30.7559	33.1634	42.1031	42.2453	42.4509	34.2776	33.3231	23.1818	17.8762	16.7051	24.5144	28.5012	27.9923	38.2543	35.2001	39.6505	35.7929	31.1492	29.7761	25.7107	20.9752	18.3334	21.468	19.684	30.6163	39.3569	34.1597	42.4861	37.1547	34.9041	33.2341	31.3235	18.1452	17.7995	19.2096	18.7337
26.1545	37.2301	37.0039	44.8597	42.1159	33.9911	30.7743	20.6414	22.1169	25.5723	22.7121	35.5808	42.6517	45.5983	35.8229	36.978	31.0988	19.7673	21.3027	19.6922	24.9255	27.4865	29.5363	39.5122	40.9042	45.146	33.9636	26.3889	19.4483	21.8745	18.82	24.1643	32.8481	37.1484	42.0557	38.9684	40.8135	31.4954	21.8887	20.5554	14.8372	22.4996	30.557	34.4191	33.456	35.0899	36.9469	34.3121	27.8942	18.838	16.871	13.3219	26.9516	25.106	32.9866	44.2686	43.8543	35.5043	34.9124	23.3873
24.3422	35.9905	38.3697	41.2425	43.0979	29.3166	24.7874	18.155	19.4387	17.4181	31.5329	30.2066	44.1624	50.1312	42.0688	38.7064	25.1866	17.7194	16.1348	14.9991	27.5425	33.7719	42.1944	47.5171	48.3573	35.6699	28.374	27.1421	18.7235	14.5728	21.0474	23.5288	34.8436	45.2607	47.1319	38.758	39.575	31.5292	21.4903	14.5456	22.6757	19.2534	31.849	40.1556	42.5452	47.1333	40.4108	25.6262	22.655	16.502	17.6411	25.2974	32.839	42.0852	45.8687	38.8255	46.1264	35.347	30.212	13.206
31.5071	30.3462	36.6107	38.6893	45.5604	42.8918	33.7633	32.1046	28.3337	22.8577	16.1567	15.3482	25.9952	26.9467	30.3955	31.194	41.2203	39.3286	41.6774	34.8559	39.2224	29.1269	26.1037	26.0756	20.7749	14.8812	21.2606	28.2754	25.9128	33.7993	40.8501	43.7985	41.4138	36.2297	34.4368	30.28	32.6419	18.9889	22.8559	19.314	19.3678	25.6036	29.9304	27.985	31.0956	34.0094	35.7771	37.4168	30.8219	25.6021	28.2777	18.9879	16.1107	14.3997	17.2542	23.3894	24.4656	29.6396	41.6298	40.1532
27.6388	41.6688	40.9344	36.8213	39.6225	33.2428	31.9644	26.2984	14.9493	16.5426	22.4119	22.6485	35.0749	32.0629	42.1071	46.5702	45.0406	31.273	26.8028	22.5754	16.326	17.9722	15.7631	27.1493	26.7165	38.901	44.9105	47.4412	37.7306	36.4598	33.008	29.3038	24.6391	18.3406	20.1702	16.4429	31.9993	36.6776	39.7713	43.6607	36.3792	37.0118	31.3474	21.299	21.1175	13.9727	16.0292	26.9176	27.0947	39.4409	42.5749	36.1273	43.0568	42.4995	35.986	25.9462	20.7706	23.2863	16.4481	24.7488
32.07	35.927	46.0664	47.0233	38.0722	37.3594	26.1317	13.0016	11.8143	13.1851	20.6026	32.5702	46.5346	46.8849	48.0136	41.0053	24.4386	22.9657	21.3305	22.1853	18.0982	23.2729	39.1643	38.3771	49.8789	46.526	38.8149	24.2987	15.3701	15.621	22.1259	28.6364	29.853	37.2934	42.2965	47.0608	37.8995	31.8064	21.0852	11.6247	18.9693	19.9275	30.0616	31.4037	41.5582	46.1573	42.0035	36.9515	23.261	15.7532	10.0067	18.6147	27.6506	28.8793	40.8209	46.9311	38.1265	38.3925	29.3815	18.3166
32.8485	32.6025	44.1224	44.172	38.9286	45.4076	33.8422	30.8023	23.2227	24.3516	14.5351	11.5571	14.8621	16.2949	19.733	29.5489	32.9115	41.8805	43.3745	42.1549	43.6066	35.1158	29.2947	30.3348	18.1857	17.4701	20.6168	17.1849	18.81	28.07	29.4401	34.6812	43.0026	41.2569	43.7137	45.057	34.6971	32.011	26.591	16.2748	17.8578	17.2245	17.638	26.9431	28.2579	29.1225	36.3099	42.1851	39.6961	44.402	38.7069	35.8327	34.125	25.8361	21.2947	13.2201	11.114	19.7152	17.937	24.2756
29.754	36.7461	34.6286	40.5504	39.2134	35.2695	33.2825	22.047	22.3463	19.5624	21.2992	22.7115	34.0128	32.7474	33.3342	42.1226	36.1492	41.6544	30.8434	26.7906	20.8851	23.7475	20.409	26.7196	22.4263	34.522	40.72	41.4645	37.212	38.1099	38.7157	22.8614	21.2261	17.9143	16.2007	20.4512	22.1374	25.989	35.9593	38.0723	46.6801	45.6258	30.5352	33.1574	20.3447	24.133	17.4168	23.5009	23.6633	26.5852	30.5295	35.4169	43.1147	35.3654	41.1558	29.3852	24.103	26.6137	23.4871	18.7953
33.2499	37.0387	33.8307	35.8394	46.4239	41.5376	36.9618	31.5665	23.3927	23.5002	22.6525	14.0547	14.1816	18.4807	23.1592	39.3093	34.7405	36.473	46.6633	34.9894	37.6656	28.5279	22.2917	22.7089	20.1469	23.121	24.9717	24.6005	24.7445	34.7381	39.1458	41.5146	43.3606	42.5441	34.4009	31.4789	23.8239	24.9875	23.4311	24.2214	21.2743	25.3592	28.5526	35.8624	32.3876	40.6384	43.3183	40.4228	35.5989	37.4503	35.0737	22.5084	26.7123	16.3324	18.4152	18.5273	29.773	33.9627	31.4135	43.2634
34.866	37.2033	37.6021	37.1155	38.9525	26.3406	26.2779	17.4786	22.8414	18.2825	24.384	32.1421	39.3936	39.6524	44.6648	37.2981	27.3327	18.2058	12.9646	21.8875	26.0695	32.6881	38.7865	46.1023	39.0817	32.1304	34.5745	16.8289	17.7765	19.4344	23.4832	33.7653	38.9598	36.9246	36.9039	32.7045	27.7873	21.3409	23.3078	16.878	26.3753	33.357	35.6636	39.8499	46.918	38.2275	37.7751	27.8586	18.6142	18.4058	21.5551	20.3103	27.1387	35.6624	42.5884	38.8837	40.4569	27.9889	26.381	17.2159
35.2035	37.3285	38.2443	42.1728	33.8241	31.908	25.1495	14.6118	17.7035	21.8239	26.6091	31.1333	36.8255	43.551	39.8234	35.593	26.3809	21.0756	15.3222	20.0376	25.1575	33.7307	40.9874	37.022	38.0681	42.7154	28.3405	20.6781	22.7555	20.4602	14.7227	29.8481	36.8477	37.4034	46.4199	41.7533	30.6525	25.6968	17.4739	21.7989	22.8206	19.4374	25.4278	32.0002	36.4538	36.355	40.7067	28.2642	21.7133	24.8581	15.254	21.7874	31.329	35.5845	42.6682	38.3417	35.3498	28.7492	24.6032	15.9912
29.0966	32.2456	42.8464	44.8088	42.0107	43.1734	37.9001	22.9514	14.2457	20.9101	19.2761	22.2626	29.733	35.6708	40.6508	47.289	45.6782	37.9898	43.4654	28.7345	20.5433	15.8385	11.3742	14.0309	24.2713	25.3649	32.1028	40.4668	44.6626	43.3681	39.8671	36.1131	25.4762	26.9889	18.1215	10.774	18.2763	20.0719	26.9272	30.0059	39.7309	49.7645	46.3279	39.9572	28.1115	29.6589	24.67	11.4743	12.2871	23.8411	22.1446	25.5382	39.7498	38.6521	42.71	42.678	37.9684	37.6345	26.9205	22.6955
30.6026	32.5901	37.9136	48.5191	39.0556	31.6838	32.6279	26.1194	15.1641	13.6984	22.7437	30.8435	35.1712	44.1129	39.5097	43.3012	34.8629	32.2158	29.6659	20.8511	21.3297	15.5137	19.8034	30.7427	37.3769	44.3648	39.735	36.3637	29.0326	24.982	21.1251	14.2826	19.8996	25.486	27.4441	33.3133	37.5749	44.3084	42.6221	41.4362	31.4037	19.3797	19.6594	15.1039	23.6236	27.8709	28.1088	44.7615	46.993	40.8773	40.4693	30.6739	23.9784	13.7305	17.9631	21.5228	20.8976	28.3958	32.487	44.577
28.9343	38.5836	35.7467	45.6941	37.8738	32.42	34.5536	21.907	22.9692	18.4397	17.7828	23.1734	26.8727	36.3405	38.364	39.9035	36.3162	43.4516	31.2474	21.0024	17.6787	15.7715	18.164	18.9568	21.0625	33.8114	43.2818	46.2368	39.8807	35.3188	30.2036	28.3298	27.3346	18.9719	12.5432	16.3812	21.6816	33.394	35.4495	43.767	39.195	42.041	37.6842	30.4695	21.2571	13.4003	21.5573	17.3195	18.5569	25.6788	37.2236	37.8406	48.088	46.951	35.0124	30.2583	23.4928	15.093	14.8612	17.2173
31.9525	34.6294	41.1201	40.0693	33.8886	31.6604	27.242	23.4285	22.6107	23.6916	24.1668	27.7273	30.9359	36.6393	45.1425	42.1243	30.5826	22.8608	21.3639	18.5702	22.1494	26.1455	28.0886	37.753	34.5612	41.6792	42.2417	38.2841	27.0361	20.0837	20.8001	13.5588	22.6072	28.1691	38.3313	40.9077	41.731	34.9247	29.8962	27.9848	20.509	23.8579	15.2224	27.9981	22.9443	38.9532	33.6126	41.5427	34.9631	40.0668	29.6134	24.3705	18.0091	22.6876	21.7537	27.0703	29.6967	32.9133	44.0655	38.1459
31.0256	37.2065	38.9794	41.096	42.32	31.6997	35.1004	24.7022	20.8778	24.1232	22.4419	23.1952	25.1711	29.7732	39.6769	41.7512	35.9021	31.9066	33.7481	29.2289	15.2418	17.7303	19.7818	25.6413	23.3539	39.0119	33.3656	36.77	39.7571	41.1175	31.1922	32.6844	21.402	16.8938	22.064	19.5271	31.4056	30.3655	36.9143	37.7382	43.3153	36.518	36.6348	34.4306	26.156	15.9816	19.2507	25.4982	21.9805	24.5307	34.2705	45.3072	36.9543	39.9395	35.6233	26.6766	19.4241	18.8798	12.3171	20.7148
26.8177	36.247	42.76	43.3242	42.3945	42.095	31.8504	29.5704	26.4291	13.9468	16.8736	18.653	29.4633	33.2647	36.0939	38.5427	40.6096	35.3769	35.92	31.2921	24.2228	15.8631	22.402	21.5859	27.7929	34.6204	37.1484	43.1207	43.114	44.6128	37.1051	28.9082	25.288	17.4575	17.3587	13.4336	18.6193	30.7478	33.7329	33.6488	44.1534	45.2834	34.7636	33.5979	30.646	22.2933	22.1472	12.6371	14.9493	26.6374	32.8969	29.2682	43.4099	43.5762	36.8844	42.1848	38.2532	25.0578	17.0962	20.0338
24.1212	39.138	44.7903	39.59	38.8291	32.6002	30.2106	24.4395	21.6196	16.3847	24.8099	33.1998	34.279	44.3566	35.4984	38.9918	38.8147	30.9747	28.0701	20.1696	20.1191	25.3803	30.2381	40.2618	40.0547	38.3541	40.9271	30.0574	27.2238	19.5551	16.451	24.9023	20.7698	34.7747	30.2435	45.0205	42.9342	40.5618	33.8609	22.1165	22.9078	24.5628	24.5469	24.3386	25.8194	35.5894	43.1462	46.4495	36.124	34.9131	23.9198	27.9153	13.8007	23.0402	21.9833	33.3965	35.1382	35.6664	39.1259	39.8947
27.2381	33.0688	35.5037	47.9814	35.8772	34.3964	31.5676	29.2289	22.2233	13.3213	13.4067	19.5147	25.5158	32.8675	40.8028	47.3925	45.3858	41.6648	34.6966	22.8944	28.2007	18.3056	15.7062	15.832	26.227	35.2259	32.992	36.7741	36.5804	37.9341	38.9267	24.9742	18.6681	15.9754	16.1688	24.0822	19.2296	31.8168	28.769	34.6447	43.9554	40.8663	42.2959	37.2861	28.6749	24.6312	15.4931	13.3221	21.9283	23.4931	30.568	38.5444	43.6723	41.7671	40.4899	36.5012	24.7778	25.9279	20.162	18.7329
29.6181	41.2386	44.632	47.8926	44.6445	41.1246	41.4001	36.0841	26.727	26.1316	19.5195	9.80804	12.8942	23.6048	24.9783	32.8095	39.2279	47.1987	41.6618	46.1304	37.9118	31.8729	33.1485	22.1589	15.6544	11.7219	12.6076	17.44	19.3073	25.4926	27.1464	35.036	36.4738	41.6348	44.2709	46.0801	41.498	32.9224	19.76	19.9674	17.1624	19.4836	15.8079	18.0776	24.5263	38.7108	39.6139	38.7708	50.0985	46.9157	40.9179	31.0978	25.2723	19.1213	14.8607	21.3939	19.3002	21.058	27.5373	33.6752
34.7518	37.8581	33.9115	39.0104	40.3342	35.3339	32.8157	29.2201	22.5748	15.4523	14.7442	23.852	32.8415	37.8022	44.5937	43.9901	41.1524	33.9709	29.8271	30.4667	21.9371	20.3822	18.888	19.9011	31.5657	36.6357	38.4958	44.0208	39.2993	40.6416	26.9174	29.916	22.7786	22.6408	20.3626	25.0666	33.2931	39.6588	40.725	39.3124	42.2019	38.9795	37.3862	28.8823	23.848	23.9066	14.338	23.1383	28.3407	28.2566	39.5542	45.1578	45.5955	31.2422	31.913	20.5122	23.3023	18.7024	20.177	25.4505
30.4502	39.1266	41.8917	47.5008	45.2692	42.8967	40.4848	25.8616	23.3423	19.4595	18.4559	10.972	24.2661	26.5284	28.8131	33.5516	47.2281	49.0463	49.5643	35.0389	33.1257	26.0026	15.716	12.3118	10.7228	13.9319	18.77	21.4354	32.2466	33.8913	46.7421	43.1544	38.9747	40.944	38.4454	31.5541	23.8754	12.749	16.5329	17.4854	24.084	27.4615	31.5406	36.2441	43.4862	42.6993	40.3258	38.7832	35.6165	23.4585	24.2058	11.555	20.332	13.7037	22.3995	32.3923	36.6823	38.4867	43.5813	44.2187
24.4293	39.7616	40.1207	45.9506	37.17	36.6564	37.6492	23.9352	24.0386	21.3343	18.5594	21.3349	27.2994	32.0006	35.9327	33.9412	35.2246	40.9319	42.6484	29.4594	24.6605	28.0779	21.685	16.775	21.9714	22.6046	34.0883	37.9202	35.8967	37.635	40.821	35.4524	30.9297	35.3715	23.9494	22.3958	24.3919	19.1855	29.1486	29.46	35.9995	36.0491	41.6027	34.3697	40.7295	33.8878	32.6883	26.3955	20.4315	24.9524	25.3634	28.5198	29.0868	34.1211	31.5094	43.5375	37.4759	42.3223	31.9421	32.8973
27.0957	32.1208	41.3884	44.6437	43.0262	29.2457	22.4244	22.0992	15.2671	22.1804	28.0592	31.7798	34.6858	46.5108	45.1019	42.858	28.6596	21.878	20.2123	21.108	18.5661	21.4538	30.0997	33.9909	42.3083	38.9634	42.0963	27.0734	29.5048	22.8434	21.9233	20.5295	29.4646	29.1772	36.492	39.5518	43.8244	42.8789	33.5313	20.8253	20.785	12.1337	25.3245	30.8716	35.5802	40.385	40.7768	40.477	41.8406	35.1573	23.4253	11.9278	10.8316	15.7002	23.2335	33.5085	45.5429	46.1017	36.5624	42.5511
33.28	31.7139	40.0542	38.4934	45.6483	36.8369	31.7404	25.3062	22.3216	21.4503	24.4459	19.822	35.1442	42.0838	41.2696	41.1945	35.7095	33.0415	31.212	21.2648	19.2317	16.0097	22.7469	25.6344	31.8187	45.5574	37.7153	37.4709	37.5934	30.0256	24.7731	20.4962	20.5249	22.914	29.074	27.1797	42.3352	47.7195	46.1196	38.5376	32.0601	24.954	17.2334	14.915	14.4022	23.7793	25.0981	28.3379	44.7335	41.8822	44.5929	37.0021	38.1604	25.0817	17.4369	13.7251	17.3254	23.7679	29.8211	30.1182
32.3175	39.9719	40.6855	36.9174	36.5269	35.9285	36.4151	24.7463	30.8736	25.3094	17.4796	24.0689	25.6087	27.306	28.46	30.5855	41.4506	38.8306	38.5291	37.5073	37.9685	28.8007	28.5452	27.5674	22.6191	24.8834	27.5658	28.4074	33.6677	35.1708	34.0609	45.5823	44.3196	34.1341	31.413	28.7343	30.7444	18.422	23.227	23.6823	20.8873	19.5205	31.514	31.4149	40.7749	36.4495	37.3267	37.2455	30.3454	28.8087	21.1383	23.6666	16.7965	16.2003	16.8775	21.5906	28.4799	28.8281	41.7112	35.3453
35.2861	30.1693	39.4484	42.5375	33.6134	34.167	28.4885	32.2912	24.4984	23.9583	15.8835	22.932	29.7026	33.5952	38.4932	31.835	41.696	38.4359	42.8051	38.5515	34.9461	31.1885	19.0131	18.4092	21.6016	27.2044	28.9701	26.2583	31.5583	39.9736	43.7824	40.9751	40.848	38.1816	26.5036	28.0058	25.4816	24.6209	17.351	22.0492	30.8285	34.5771	40.2469	43.7121	44.7351	34.5975	38.7742	31.9872	31.8327	21.4722	17.729	16.6126	21.6958	23.6195	27.9105	35.718	36.0142	34.735	42.1424	32.0592
26.821	39.9874	45.6618	39.5939	33.4887	28.3824	25.4047	15.416	22.873	17.3458	30.5443	38.7773	42.9812	40.6694	33.1481	28.6585	29.8744	17.7239	24.481	18.9026	25.8529	36.1941	41.0276	41.8697	35.4705	36.7043	30.6348	17.4391	15.4935	21.9196	20.4097	25.9102	37.3782	43.8211	44.4293	41.6217	24.3869	24.1532	13.3121	22.6591	28.3463	30.2719	33.9718	45.7586	39.2259	43.3521	27.4292	18.834	24.6169	20.3389	16.1112	24.2131	30.3887	36.5793	40.2941	38.0366	38.7868	30.0894	15.9237	12.8022
25.3437	34.293	38.2116	39.9892	42.5053	32.7023	27.069	22.3364	21.3176	17.8632	26.7314	30.2757	45.5687	38.7466	44.3744	39.7253	36.5967	25.99	13.0739	16.0105	13.8256	27.7116	28.5977	36.9964	44.423	43.2376	30.956	23.6792	26.6523	21.7737	11.0502	21.5332	27.4375	42.5336	46.5312	49.4928	37.1504	30.8607	26.715	23.3207	14.1386	21.5582	24.8324	27.0154	39.8051	45.779	40.8189	35.4252	29.5666	22.6462	12.8988	20.0886	17.8615	25.0158	31.4907	40.9387	48.5442	42.9061	43.9021	35.1827
24.3566	36.5163	38.6025	46.7903	46.0926	34.0541	33.261	31.3628	26.8938	12.6914	12.1574	16.9906	23.2936	22.8489	35.8733	41.7359	47.8879	38.0542	44.5395	37.9045	28.2295	27.0008	15.9992	14.1633	16.5696	18.0427	25.5086	34.0165	41.38	45.5368	45.7775	37.9929	40.2147	30.7053	21.7048	26.0713	15.6256	20.1134	16.9003	22.4561	34.1121	36.8474	36.8295	42.359	41.7918	33.1681	28.0556	25.5528	16.2418	19.1346	17.0958	17.8939	17.4148	28.5712	39.1376	41.4326	37.4663	44.7348	35.8699	33.4728
30.4656	31.762	46.6635	38.9044	38.9709	38.1865	25.2559	20.7731	23.3157	14.3041	13.9611	18.8206	30.4076	35.1663	43.6501	41.1181	39.4811	34.5424	31.6275	22.0734	14.419	14.5922	17.5726	23.4665	29.3214	40.882	36.2945	47.1997	34.8418	40.5679	32.4865	22.3774	22.4962	14.3913	16.4699	23.9059	27.3175	43.7743	36.3488	38.8555	35.0621	34.5067	26.1874	16.7925	13.5021	15.3371	24.4679	24.7941	34.5562	43.2478	46.1784	37.3244	41.8288	37.71	31.8965	17.0563	15.2779	15.4991	25.1892	27.4536
27.7996	30.405	44.5422	46.0903	44.0251	35.2849	26.0516	32.4237	19.8578	14.6441	16.1298	19.5872	32.6327	32.9863	31.6707	39.5351	45.131	42.6888	35.4296	28.9766	21.1118	22.1948	25.2844	19.5537	22.7322	26.4435	36.3716	34.8338	44.5665	37.7999	36.9434	29.5745	23.1386	21.8949	23.2375	24.7425	26.9827	20.3099	29.5038	36.0068	37.7439	43.7525	34.4246	34.3078	28.066	24.8774	21.8369	23.8019	24.9829	19.1767	21.2739	36.1164	33.4789	43.2495	35.0526	39.6157	30.7268	34.7923	22.4433	25.9781
25.308	39.1094	37.0313	40.5428	40.6583	36.248	35.0834	26.7755	31.7161	24.3675	16.0791	16.454	15.7093	25.9926	31.8971	34.2265	33.4233	35.8726	39.241	40.1658	42.1519	34.9884	28.1219	21.7858	27.6219	21.0688	19.8814	26.0437	19.5669	22.7895	27.585	33.2198	35.1378	40.7376	34.0421	33.8796	32.3544	31.7894	31.9164	24.2168	23.563	22.0454	19.947	23.8918	23.617	26.276	41.0386	43.3317	45.6733	43.1258	34.1438	37.0052	24.9664	20.9687	19.934	20.4371	19.098	20.5303	19.253	28.5972
24.7381	38.8324	45.2444	45.4828	39.3667	35.1001	25.614	24.6833	25.0595	22.1634	27.7047	32.2716	38.9718	45.1165	42.8549	31.7307	33.6418	23.62	19.7335	25.4688	18.6195	21.1685	32.4975	40.9839	36.3593	43.1952	39.113	28.7579	29.2625	15.7588	14.6338	23.368	33.9209	31.143	38.8354	43.3231	39.2509	28.8652	33.3156	18.1286	21.6254	20.9901	20.4098	33.1032	35.6549	44.2123	44.1626	35.0995	33.7887	27.7123	26.2248	19.9014	24.2568	28.2048	28.3815	31.5464	40.6665	39.187	32.1575	31.5037
35.9258	34.3601	36.8129	41.6699	33.0051	32.8896	20.6579	14.713	15.4679	19.4486	20.8808	36.15	44.262	45.4064	44.5532	29.7262	33.4035	19.4187	19.8111	18.7687	23.8189	35.1031	35.8554	39.7761	38.9337	32.6482	36.6745	23.9739	19.1861	18.8524	21.8593	23.0264	28.5491	44.0749	42.8595	45.1513	40.6436	34.3019	17.9363	22.1737	18.4738	26.0639	34.8423	30.3571	40.7255	35.3295	42.4148	26.8759	19.7363	16.5024	19.6711	23.608	29.2072	35.9468	34.5492	43.5977	43.6723	40.8966	26.1019	21.0406
32.716	34.4624	39.9308	41.2031	36.7692	34.8305	26.4752	18.6752	16.8035	15.0381	13.8694	28.4405	38.3421	45.2852	45.0892	45.1278	45.0149	36.9788	28.1217	19.8534	12.8856	19.289	24.9619	26.4264	30.4139	39.9704	45.2465	43.227	39.4389	32.4509	24.4247	19.2532	19.4648	14.4983	27.1488	30.6762	33.0809	44.4197	44.9099	45.175	35.9552	26.4771	17.2278	14.9977	14.7964	22.3719	31.3013	37.8703	44.5885	42.828	38.9108	37.242	25.7467	22.6635	24.2303	20.8374	17.104	20.6524	24.1314	31.488
35.7896	32.3795	38.436	40.1131	42.2311	33.7903	35.1347	27.8393	24.2927	20.9103	22.8484	19.9092	29.3135	29.5942	39.8753	38.9158	37.8845	40.6796	33.2358	31.4955	24.2423	21.7104	11.0473	18.2701	28.6112	36.0023	36.3948	47.342	38.1091	46.0064	32.9642	24.6417	16.0315	13.518	15.9996	17.7003	27.7257	31.6165	39.578	37.8052	50.2515	43.3758	36.4053	33.8402	19.5715	16.4226	20.4881	18.8864	27.2939	24.8868	35.5865	47.8093	40.2979	37.7722	36.8111	36.2955	21.3112	21.6274	12.4358	10.9356
29.8142	37.6585	40.596	44.5742	44.9079	34.9695	29.2922	25.0674	11.79	20.3221	24.7539	32.0059	31.3778	44.9408	50.1125	47.2495	40.5009	31.2325	19.8518	12.9848	20.6605	20.9502	24.0231	34.7075	41.3321	37.827	40.9794	37.4774	39.3666	26.5946	25.0499	15.6122	13.1802	14.2604	29.8755	29.9838	35.5487	47.8542	43.504	35.3484	28.2006	25.5456	15.8462	20.8775	19.4976	19.214	34.6789	39.7521	48.8496	43.5751	44.5902	35.1446	22.9514	17.954	16.4736	20.6933	22.6032	23.802	38.2354	42.6176
26.2753	32.992	42.9596	44.7994	35.8042	38.0698	37.8979	22.6653	18.6551	19.9587	13.7404	16.774	26.7887	30.7915	37.7107	38.2388	45.675	35.5137	33.3507	35.6635	23.1249	23.9289	23.0953	14.1643	23.7111	23.8931	35.7854	44.1221	44.6031	37.6833	34.7215	31.1475	34.0017	27.4072	17.3013	19.2803	16.9973	26.4973	26.5086	36.8745	41.7641	36.2323	38.622	33.6377	29.55	22.1039	23.9627	14.9599	23.1248	19.4595	25.1915	26.9136	31.1622	45.0925	47.4567	39.6012	33.75	26.4614	27.3192	25.5401
33.41	33.4254	42.5327	46.4694	41.7184	38.9634	23.2206	27.688	13.4399	14.1763	22.1868	23.8021	32.4146	40.3452	44.1663	43.1989	37.47	33.6843	22.3874	21.517	19.3608	23.871	24.4554	23.46	37.9469	35.7747	37.2175	38.7794	36.753	32.9727	21.8096	23.2041	23.2589	23.9389	24.5569	29.3372	41.2972	45.9104	43.5796	44.3204	34.8004	32.8034	24.1583	12.7402	20.3446	25.2639	29.9379	35.835	37.2604	36.2004	45.3458	38.6145	25.8346	25.5507	14.7844	22.099	17.9578	27.1539	32.0284	32.8216
25.9852	30.3829	34.8524	34.5155	44.8727	38.9719	38.0508	23.9616	25.4375	23.8909	20.3892	19.5645	18.4486	22.5862	30.0838	42.2632	42.0686	41.4877	35.2049	33.4379	35.1696	23.9026	20.3071	16.8551	17.7336	22.0427	20.3093	31.8121	37.4139	35.0906	41.988	41.3889	37.1855	36.36	29.9237	21.8404	17.2346	20.7388	21.3777	21.6715	25.9828	27.2989	40.8161	34.473	39.2071	42.1319	39.3151	30.5356	25.2671	26.7418	15.2704	18.4936	21.8752	26.1425	30.4536	36.6527	37.347	38.5922	38.9042	36.7101
30.4263	31.6327	46.6698	48.9582	40.0309	33.1004	36.0582	23.3431	18.2161	13.2019	17.1544	23.664	30.175	37.0568	45.0795	47.1703	40.0633	33.7069	31.2085	27.8554	18.8463	14.7332	20.996	25.3971	28.9077	31.2821	38.6375	43.3876	39.8404	44.3824	35.9683	23.4232	23.3557	13.5064	11.9169	25.3355	30.6258	29.6697	37.7853	47.4906	48.6625	34.7035	34.7343	22.2885	20.2692	22.1443	11.3342	16.0277	25.7879	30.392	37.3136	41.2004	48.7232	41.375	33.6045	24.3277	21.3865	12.8611	13.441	23.6507
24.1847	34.7777	34.6964	47.8299	46.5885	46.6013	32.8805	31.1499	23.6288	26.0118	12.7073	17.3334	23.9686	24.4537	30.9613	36.8414	35.765	43.2106	43.0446	43.6868	36.2016	41.0922	29.1629	21.0833	24.4921	16.6965	14.6607	23.3559	19.2725	30.5418	38.0932	40.0787	44.2849	40.4234	37.2995	41.6467	36.8056	22.9298	19.2132	22.0484	21.3324	22.2866	22.6476	22.2954	30.4205	31.3322	35.0983	46.2959	43.6555	35.5152	37.0053	32.0781	25.8186	21.2632	14.8307	11.5735	12.7388	21.701	27.3388	36.7612
33.9553	32.5771	37.6761	40.1896	37.6077	41.1157	34.7775	22.8503	20.0405	16.4381	23.3044	24.0288	26.0043	31.1739	39.5377	41.2757	40.6317	46.4331	42.7369	34.782	30.7004	23.7045	24.4069	21.6598	23.2067	26.9517	34.7368	34.3904	38.1986	39.7788	43.6692	37.7029	32.0916	24.8689	29.36	23.4851	19.2527	24.1359	21.408	23.1186	29.9737	36.3816	44.3502	45.7122	36.2852	32.1303	30.6749	23.056	19.0561	21.6195	15.7511	18.7108	25.5103	38.8963	37.3157	43.5271	46.062	36.0117	31.422	32.8345
31.8398	39.7644	42.3454	48.4909	39.7943	46.0563	30.5996	30.3578	26.5168	22.0041	20.4492	15.8159	16.8223	26.1001	33.2104	38.463	39.3005	43.2708	48.2773	45.9229	41.669	35.8161	20.6378	21.2626	22.4211	11.2571	20.1158	21.9945	31.5214	29.4344	42.283	44.1298	41.2562	41.1775	36.8477	31.3528	24.5302	24.6996	16.5617	19.546	15.8928	21.2638	22.3717	26.7268	42.284	41.4001	42.951	42.0196	36.9653	30.8763	24.9357	18.6947	22.3683	12.2241	16.638	20.9214	19.0474	28.1877	34.5126	43.6559
29.7213	42.3627	36.3361	44.5727	34.6856	27.065	26.059	15.9149	22.3648	18.157	24.339	31.0608	34.792	39.9518	43.4183	39.8327	34.7446	27.605	19.3989	11.5428	19.5986	24.5474	32.6573	35.1199	37.6852	40.6482	41.2162	24.9769	24.8217	16.3684	19.8944	18.5372	32.067	32.8928	47.7122	47.8011	34.7605	29.6624	26.2625	17.0298	13.2058	13.035	28.2252	33.3776	35.0886	45.3628	44.5357	33.1756	32.4687	25.7023	17.382	12.8802	21.2238	28.3215	35.0303	45.8045	47.9082	44.7344	35.7092	23.9391
32.8441	35.408	40.9221	46.2115	44.0382	41.4539	38.8912	37.8997	30.584	26.3553	12.593	17.6862	16.3178	22.9099	25.7019	33.0972	33.6184	36.3716	39.5662	49.1555	40.7177	32.5354	31.2305	22.8033	24.9243	18.1188	21.9585	24.4415	23.39	26.2296	32.6278	44.4558	36.8819	43.5822	45.3246	40.7702	28.4996	29.6699	20.8751	21.056	19.5544	18.2719	19.129	29.6352	26.0842	39.3331	37.9659	38.9607	45.4164	39.0573	38.5936	32.9582	29.1983	26.0044	20.3114	21.0096	17.2589	17.3894	31.7591	28.5306
27.1111	34.0624	38.6419	36.5439	42.0513	32.2969	31.0709	20.229	15.3987	24.602	19.1427	27.6713	42.084	39.7743	36.7332	34.6315	29.3749	28.64	15.9529	23.3278	25.1729	30.6085	26.2048	40.9001	41.4394	43.6026	39.4725	28.2489	23.4596	16.0973	18.8692	24.483	21.8046	27.5689	33.1216	43.6293	35.5945	35.6738	29.2665	28.054	18.2133	13.9936	28.1488	22.0607	38.7226	34.8596	40.0589	35.5494	33.4865	22.7518	18.6092	17.1169	21.567	17.7808	25.5686	32.1095	44.4332	43.6132	42.6213	38.7247
29.0875	32.8862	46.6395	39.3954	45.5096	40.0179	30.7446	23.2357	14.4476	22.6805	19.8003	23.7057	35.0993	43.2125	42.9126	45.1533	42.3772	30.0492	25.5925	19.6269	21.9391	20.6705	26.3571	37.0265	37.4641	45.6748	47.0213	39.5001	29.419	23.6609	20.1667	17.3178	14.0001	22.6078	25.5213	33.0804	40.5433	48.4447	41.3228	34.9232	28.8677	19.2215	22.2638	12.4436	27.5786	27.6151	38.4579	44.6021	49.0474	38.6107	39.2059	27.906	27.8161	22.8421	20.0701	22.1681	25.3195	34.2882	45.1036	42.5741
26.3693	37.7914	41.8385	39.6942	36.7276	35.0793	30.6678	24.7547	20.6103	18.8854	15.4591	14.0738	19.1172	34.2304	32.2018	40.715	39.5428	37.1928	39.4483	30.8291	25.2726	22.3244	19.8008	13.5048	17.4618	24.2869	27.3976	38.5768	42.1081	41.9465	43.987	41.3308	28.9584	23.664	20.3077	22.2438	12.1485	15.7679	18.9637	32.5792	33.2024	36.2051	42.3642	40.6006	35.4149	39.5762	33.1449	19.9359	23.0618	19.0527	24.3827	19.6106	25.2178	38.8595	36.5698	38.9636	36.946	36.9	32.5926	31.5626
30.0852	34.4054	42.2759	44.7302	32.5587	29.5027	29.1632	22.4555	23.2076	26.907	21.3557	33.8091	34.5538	37.2629	43.986	35.6464	30.7109	22.4143	18.0548	18.6312	20.4955	34.1067	31.0022	36.3599	41.6821	31.2384	33.9636	21.7661	17.7568	14.3251	24.468	29.5992	34.2757	39.1944	36.198	38.9495	31.9839	29.8793	16.9011	20.9663	25.7188	23.5272	27.7608	36.303	41.5397	43.2173	42.4951	30.0285	22.702	17.3796	16.851	24.0083	29.8584	35.0486	35.2665	42.5152	33.1512	29.791	28.3935	21.5382
32.4431	42.6474	35.9781	43.3994	36.1537	29.9644	20.5353	16.9501	17.6589	17.9669	28.3813	33.8381	44.4409	46.9492	39.0773	31.6024	27.5346	16.6075	21.8526	22.054	24.5292	39.9323	40.792	47.6013	40.3894	40.1628	32.5887	16.8144	22.6509	21.9149	18.857	29.3536	44.5924	44.9225	45.0304	36.4588	25.3791	23.67	13.405	21.1524	17.4213	30.8274	31.886	39.7042	39.2322	36.4444	31.4066	23.5269	18.1839	22.7098	24.411	23.9707	31.4605	43.9825	38.7201	36.7134	29.2307	19.4191	16.3833	21.0229
24.3918	36.9381	43.4671	48.3742	37.3181	34.6266	24.4798	25.3016	14.9215	12.8385	14.7964	21.395	35.6423	37.343	37.485	38.1121	37.6857	27.7354	18.889	18.1479	12.1962	20.6191	19.2287	35.0272	42.2747	47.5621	46.2217	43.4303	31.1956	22.8932	20.2434	13.4576	20.5581	20.0322	22.9262	38.0431	36.2683	38.1313	43.531	33.485	24.631	26.6509	24.2126	13.8983	24.5684	26.3132	28.8983	32.8437	48.4558	43.9386	39.0099	27.9314	27.4809	21.0781	16.7338	23.2277	28.082	23.5618	39.7664	38.8657
35.3886	31.1781	40.0412	43.0335	49.524	40.9418	42.369	30.1531	26.2527	23.1775	19.8854	19.6929	21.8371	26.858	23.5333	29.7983	43.4008	43.3492	48.2375	43.868	44.0174	28.0555	25.2838	22.7374	13.7026	14.0234	22.1151	23.7195	25.4777	37.8699	37.8675	46.9544	43.1349	41.2859	37.2685	29.3465	24.3118	21.7426	19.1515	21.6677	10.8815	16.147	30.0197	28.4724	38.7162	44.6195	47.8467	48.8456	39.3609	38.4488	33.1053	19.9349	14.9612	12.1486	12.6295	13.4592	18.9672	35.4734	30.1459	45.5273
24.1766	39.0044	48.2963	48.2486	40.8786	32.8647	16.2863	15.6584	17.3529	22.4531	29.6056	39.6846	47.244	38.4427	42.7575	35.3891	20.1312	19.235	16.6598	21.353	31.2285	32.6311	47.9165	47.5869	35.633	29.2271	25.5368	16.9426	20.8414	21.189	27.9991	33.2743	37.0979	46.9395	37.8911	31.1203	29.0386	18.0151	21.4667	26.29	31.4764	36.3436	42.4115	39.2835	34.6662	27.746	19.4891	17.4662	14.161	18.2937	26.5135	34.0129	40.3288	38.4396	38.2219	26.4478	20.689	17.7139	14.6178	14.3818
27.648	33.5861	42.7934	46.4275	41.1317	33.9477	29.1796	25.3117	19.6424	11.4724	21.7208	22.1861	27.5997	34.3349	37.9275	40.2055	42.1164	40.0931	24.3769	19.7755	12.5162	13.3379	20.628	26.4421	36.3659	39.8148	42.8554	48.3719	36.8583	36.7131	27.5907	17.5332	16.3427	21.4677	13.7189	29.7273	31.8794	36.2559	43.951	41.9473	39.0828	39.8352	29.7303	19.1593	19.269	11.5792	18.7224	29.8883	29.9162	38.6006	44.2021	42.9841	39.9989	30.0995	27.5627	19.7863	13.4556	20.3962	24.237	23.5146
27.6615	37.1994	39.1576	44.2635	46.4725	40.1781	38.7275	24.4118	25.1548	15.9376	13.1251	16.8667	13.8752	29.9686	34.3223	40.8696	44.2248	47.5938	47.6068	44.7513	39.8125	32.4614	16.6461	16.3054	21.2563	20.6274	19.267	31.901	34.9954	43.6426	43.1521	47.1252	48.5237	33.1311	32.6974	20.2997	14.3496	18.3297	12.1545	11.2614	19.7005	29.3133	30.4574	39.9141	49.5431	49.8514	46.4451	39.5613	28.8598	22.4858	13.9671	10.0061	11.715	15.9452	21.3477	25.4394	41.0241	37.1046	45.6228	43.5888
26.2397	35.0625	48.1225	49.9508	35.5473	40.5235	24.2953	20.7257	19.7114	21.3931	25.4068	31.6184	37.4725	35.7729	38.988	45.5345	37.1953	26.4065	18.7612	24.1489	11.399	20.8685	25.102	33.3568	36.6328	37.6404	41.7254	42.3735	34.15	32.2145	22.9206	17.1164	13.9889	15.9621	21.1623	38.3149	35.8308	46.3728	47.7459	33.0552	34.9289	22.7822	13.3693	21.9965	16.9057	20.1066	32.4563	43.1964	42.6509	47.7389	41.3981	40.8245	25.2424	17.258	14.7021	17.7653	17.2865	28.6266	31.6516	38.961
26.8911	43.6161	46.4914	41.6352	42.2098	34.4329	20.8029	13.0554	14.9234	15.4818	30.7871	38.131	39.0141	41.8578	40.0218	35.1921	23.0421	22.3659	11.7988	18.6745	24.8879	34.3958	38.6106	45.1564	43.4375	38.2177	28.1738	24.7151	20.4831	17.3737	22.7272	36.1049	44.4373	42.9198	43.5772	42.3916	35.5608	27.7454	15.8291	21.8644	18.4122	29.6449	39.5166	44.5715	38.6288	40.5667	35.2902	22.6827	16.1952	19.2354	24.257	22.5919	34.7132	44.7643	39.4429	40.6234	36.0594	24.6428	23.8761	16.2003
25.7836	34.1285	42.6593	37.1762	35.9612	34.3068	32.1078	29.7494	25.0472	17.4549	24.6516	25.3114	22.9948	30.2558	25.9548	28.426	34.5555	40.3858	39.6422	40.5662	32.6122	34.0911	26.0326	25.6679	26.5453	17.3382	24.9795	20.1339	27.5418	36.6117	31.8551	37.9467	39.7359	33.5354	36.6071	37.4791	32.6121	22.2615	20.662	16.1235	24.5471	27.6863	21.7472	27.1976	31.2589	40.5694	37.0671	34.4648	34.7299	33.3714	23.0596	30.1622	22.0215	22.2164	14.8119	19.3567	24.5075	34.4315	32.155	34.8388
25.8699	39.1949	36.9079	47.0517	47.3839	40.7405	42.4937	30.2818	25.8342	17.65	16.0044	17.895	13.3209	19.0447	27.4401	31.9108	39.2084	43.6215	41.5669	44.8149	44.9214	35.4217	35.4772	23.1904	17.8589	14.6844	23.5036	23.1408	21.7455	30.816	31.3605	37.0151	38.0939	46.6881	47.6813	43.777	39.6516	31.7013	23.7666	22.265	22.6536	22.3271	19.1945	21.1628	29.6024	27.5627	36.2438	38.8592	44.2335	42.3517	42.1601	40.1721	30.0935	21.092	25.1925	13.0963	18.1111	14.7535	27.3859	27.0259
30.889	32.4894	37.0183	39.6446	45.9137	31.5081	21.6369	21.9437	16.3393	11.6047	23.1959	26.4595	42.8419	40.7642	45.4687	45.2996	37.1222	23.2974	21.2917	12.3005	12.0308	23.3942	28.8808	37.3818	37.3172	45.0726	35.7872	39.5548	28.4235	14.6857	18.1118	15.1853	26.3777	27.795	35.0796	37.0053	37.8553	37.9298	36.4397	25.0217	16.1311	18.6636	18.4888	25.0112	23.5126	42.7319	42.5988	47.6508	36.1755	39.0345	25.0577	21.8179	10.8131	22.5345	21.1824	31.8022	31.9355	37.5677	46.9366	35.429
28.0747	41.7835	42.1198	38.7345	44.3196	34.3157	32.2124	31.8679	24.3011	14.5474	17.1777	22.2789	24.3573	31.0105	31.4443	34.837	46.5501	48.3011	38.8587	42.3626	35.6567	31.4985	19.7938	12.1236	15.3712	12.4359	15.7626	24.6788	32.5973	43.0044	36.6163	38.9346	42.954	34.9566	36.1832	28.1765	16.3258	14.9877	10.6797	22.7278	24.0753	24.0577	36.6162	43.9824	39.1977	40.1177	40.0776	34.7518	34.0178	23.7495	18.3743	12.2511	15.5389	18.6989	28.9726	24.0444	39.4043	38.0344	46.4582	44.4323
33.6696	38.6754	39.7419	41.9887	37.2908	43.9746	31.9092	25.8783	31.0801	15.8582	13.9495	23.0965	19.983	21.6921	31.5791	38.5696	33.3758	38.8434	41.936	33.5336	39.1946	32.8967	25.3429	18.5227	15.0894	17.771	22.6142	25.3127	23.6868	29.0099	41.995	35.7116	40.8716	41.6692	32.1562	25.1622	24.9799	23.7053	18.4134	20.9754	14.9059	26.171	30.1646	27.8182	35.0828	39.5136	37.8505	33.9673	32.3375	34.9768	26.5887	28.0785	19.597	24.6693	23.098	25.685	28.2153	34.9395	36.9095	39.7494
30.5729	41.0741	44.9793	44.9217	43.2718	39.713	33.0965	31.0122	26.0301	22.1912	16.8196	21.0894	29.1007	27.7625	41.4299	42.2451	35.9468	44.8676	35.8214	24.7753	29.2435	20.6863	12.3807	25.885	18.8727	26.3807	39.6961	40.6656	40.6931	35.2486	31.4581	28.821	24.0146	19.608	13.0171	13.5915	26.8407	26.265	26.931	41.8942	38.723	42.7303	39.0364	30.8168	24.1798	25.6181	14.1642	16.6744	14.1068	24.7889	29.0875	31.4823	36.3266	46.8327	46.544	38.8168	32.5324	24.353	19.7201	12.7513
31.3987	24.9653	28.7758	28.0515	29.2066	27.7721	37.1089	28.8364	30.3375	32.244	37.5035	26.5441	36.0212	28.4489	36.3764	29.9429	38.1711	28.0999	30.2058	32.966	38.7074	32.1641	38.023	39.0665	32.1428	36.4759	31.9306	30.5072	33.0331	35.117	30.748	37.887	31.35	35.4752	38.285	38.033	41.6004	32.7202	43.2126	40.1186	44.5204	41.8285	38.7962	40.0053	35.3026	38.6383	38.795	46.2453	37.346	40.4335	35.7605	38.2306	42.7972	45.1616	46.5	47.8927	39.6977	47.7654	46.5461	44.9522
31.8423	33.3021	32.3712	30.4253	31.1032	27.9209	28.0685	31.6294	30.8263	31.6236	31.6596	28.9334	28.4097	30.999	32.7143	31.1408	34.8166	31.4493	38.534	36.0718	39.5278	37.4857	38.5054	36.7237	41.7028	38.9689	34.8491	32.8099	41.126	33.7559	36.3514	33.0182	32.937	38.9925	38.0194	39.337	44.1277	37.2854	39.6778	34.8823	39.1971	38.6173	42.2168	38.776	45.8156	35.7799	38.4099	44.949	39.094	46.217	45.3056	40.7793	43.6028	42.1233	38.6905	42.7685	39.8767	45.9186	41.1792	44.3473
