53.923363	56.559258
53.976845	56.413708
54.220173	58.042168
54.1837	57.97196
55.029198	56.627693
54.94809	56.43583
53.306507	56.562103
54.021034	55.946754
54.986347	56.05606
54.977123	55.972668
54.534065	56.8574
54.09518	57.74523
55.084126	57.433178
54.7796	56.803036
54.707912	56.442272
54.93063	56.400063
53.806156	55.435184
53.49525	55.543957
54.91962	56.716908
55.55166	56.659527
56.171497	55.905815
55.76751	55.295773
54.69002	55.6211
54.773777	55.511158
55.180477	55.503197
55.143173	55.419376
53.318314	55.77275
53.629166	55.772038
53.317585	56.81702
53.20509	56.905975
53.584515	57.18616
53.670914	57.172073
53.476597	55.945778
54.723625	57.288403
53.790462	56.44628
53.741943	57.15995
55.449375	55.530045
55.335213	56.814377
54.623352	56.6933
55.180454	56.808304
54.322815	57.423985
54.226444	57.34868
55.2754	60.96228
55.280384	60.97315
54.87623	55.68551
54.92672	55.399982
53.994225	56.20941
54.00244	56.12579
54.387146	55.556137
54.05293	55.413452
54.411514	57.449894
54.65024	57.558598
53.32092	55.510742
53.293953	55.476322
53.782547	57.093613
54.022648	56.94414
54.480045	56.2521
54.64428	55.68147
54.535866	55.706696
54.50603	55.824154
59.962006	54.36403
59.624554	54.176384
58.212784	56.13054
58.257694	56.48313
57.494843	56.346333
56.88081	56.100338
60.376526	54.845215
60.384842	54.731495
57.669216	56.125412
57.999607	55.966072
59.354225	54.686256
59.095406	54.65236
57.801395	55.40757
58.071945	55.575726
56.8906	55.775417
57.15806	55.828888
57.120934	55.66844
57.577515	55.475525
55.272427	55.530567
55.506172	55.461895
60.052425	55.064262
60.352516	55.10427
58.29566	54.52267
58.1587	54.61448
58.63602	55.296585
58.362415	55.289284
56.483475	55.793274
56.409893	55.67925
57.686394	55.701385
57.768654	55.649406
57.46942	55.530884
57.868313	55.198036
57.803432	55.90088
58.536232	55.235977
56.385586	55.993885
56.301167	55.848362
57.50815	55.4257
57.577244	56.05313
57.713398	55.142067
57.369446	55.242947
59.906616	54.621376
59.82807	54.35424
58.639282	54.743084
58.619026	54.596313
58.688885	54.480743
58.883472	54.417328
58.41264	55.303177
58.425583	55.58257
59.600014	54.59954
58.265556	54.865185
58.171978	54.882854
57.934235	55.347755
58.798565	54.488594
58.69036	54.467262
60.135944	55.44894
60.154076	55.330284
60.164925	54.48682
60.17396	54.532986
58.75697	55.61703
58.950058	55.51104
53.966824	57.367252
54.872948	57.237785
53.50838	55.82705
53.319794	55.533325
53.67452	56.992897
54.608734	56.55251
53.851	56.853027
54.158943	56.219906
53.92676	56.189205
56.566826	55.927246
54.796707	57.2065
54.20188	57.842075
54.134434	56.64586
54.9251	56.310173
54.399147	55.62484
54.8348	56.251034
54.69993	56.239502
54.837727	56.008102
53.419823	56.07125
54.92053	56.99451
54.08189	57.0258
53.81686	55.612526
54.303043	56.455276
54.97013	55.951748
55.622242	59.42822
54.571182	56.98488
54.731216	56.167202
54.12003	56.912525
54.46913	57.402138
55.680283	55.209755
57.561325	56.459503
55.94675	55.785492
56.133965	55.894344
58.36781	54.804874
57.072193	56.19571
57.76462	55.424343
58.966198	55.55473
59.73483	54.342403
59.547604	54.80538
56.33537	55.537254
60.6079	54.905037
58.029613	56.07524
59.416534	54.58162
55.304882	55.166958
57.459377	55.691814
57.523552	55.66817
58.709442	54.81775
59.19752	54.3906
60.67808	54.82662
57.84852	54.673004
58.26472	55.07458
58.091644	55.240784
58.20616	54.617874
60.16225	54.688995
59.21088	55.147903
58.43357	54.30629
57.68722	56.10364
59.33108	55.48887
59.16912	54.686226
57.06021	55.644474
54.023064	56.962933
54.84598	57.11961
53.959213	55.5504
53.32529	55.541885
53.55216	57.0181
54.508125	56.295197
53.78188	57.130466
54.515324	55.68396
53.51552	55.75846
56.770584	55.76406
54.75006	57.08984
54.218754	57.70322
54.219078	56.5674
54.85952	56.385105
54.21036	55.52544
54.718914	56.527187
54.54906	56.13297
54.457146	56.138737
53.68621	55.736454
55.20232	57.443363
54.176247	56.89569
53.772327	55.544186
54.193768	56.444286
54.800323	55.78321
55.63656	59.461346
54.53251	57.350147
55.15162	56.120995
54.324207	56.88287
53.882145	55.830067
55.696182	55.428593
57.369312	56.398335
55.75339	55.522186
55.908222	55.77751
58.309097	54.615047
57.121998	56.217274
57.70112	55.376537
58.650333	55.996475
58.09212	54.475872
59.264744	54.78341
55.404152	55.27728
60.45539	54.723965
58.15014	55.963726
60.047108	54.574802
56.73576	55.44591
56.889214	55.477024
57.60086	55.609676
58.64589	54.955086
59.078354	54.528008
60.74562	54.946644
55.820824	55.36456
58.148552	55.26704
58.38155	55.0776
58.47245	54.765762
60.187847	54.432304
59.009556	55.097637
58.18508	54.51828
57.578613	56.044323
56.984432	55.95625
59.01428	54.56926
56.89005	55.90384
53.363552	56.05561
53.426243	55.57698
53.76554	56.79352
53.917072	56.58447
54.479347	56.959972
54.011925	56.75874
54.406258	56.545425
54.27965	56.372032
54.967335	57.166878
55.036	57.43983
53.683887	57.067528
53.836216	57.360527
54.496708	57.75547
54.542637	57.621597
54.086773	56.43638
54.279106	56.560352
53.77484	56.900414
54.013786	55.76316
54.219376	55.693375
54.118176	55.505093
55.102596	55.693516
54.643703	55.578465
55.44954	57.42977
55.484116	57.450024
54.462555	55.765705
54.060215	56.5726
53.38291	56.564316
53.349846	56.7087
54.599236	55.757046
54.515125	55.832703
58.49906	55.52518
58.668697	55.73572
58.908234	55.21066
58.95519	55.548775
56.841877	55.38778
57.912437	56.238213
57.76386	56.104538
57.65249	56.14833
58.62122	54.783382
58.894756	54.65742
59.185455	54.782726
59.165993	54.666126
57.169235	55.62924
57.181335	55.717545
59.598976	54.57881
59.42449	54.583595
58.109047	54.87382
58.314396	54.83971
57.932205	55.675114
57.81749	55.740128
56.70497	55.370735
56.643166	55.39129
58.48375	56.164433
58.44211	56.126408
59.522327	54.667606
59.431934	54.724903
59.726536	54.6924
60.03326	54.546192
57.327312	56.59106
57.52932	55.474613
