6.6261153	5.9763784
8.798109	7.558654
7.2582116	6.0036955
3.2763786	7.9891644
1.8073845	7.8200445
1.4049083	8.346824
5.027465	6.411335
5.9640436	5.732147
8.792232	4.748259
7.931977	4.873947
9.346499	4.6317625
6.8001823	5.7373753
2.8486516	9.255141
8.2074995	6.352142
4.1555142	6.571735
6.9553404	5.6353955
2.3383691	8.56128
3.5325756	6.6175756
4.2819524	6.1313415
5.5047445	5.585073
7.4165883	5.422719
5.2197585	6.250685
6.198005	5.7554517
3.6819677	6.7388306
8.31214	5.0433946
8.650185	6.0099163
6.6397843	5.773739
8.100666	5.369576
2.5879884	7.334626
8.995245	6.6740756
4.8262205	6.0023985
5.3266945	5.6257043
9.188555	5.0673695
5.0241585	6.2740407
4.731797	6.094862
4.602518	5.9932766
1.8286282	8.103955
3.9742644	6.790475
4.4864707	6.3167744
6.3506823	5.5665727
7.483948	5.222972
7.312224	5.919305
8.898797	5.1332436
7.505592	5.2227845
5.241262	5.66371
4.3332906	6.1599545
8.32705	5.097715
2.4076817	8.164476
6.592081	6.2257123
4.8044915	6.4052773
7.5568867	5.391469
8.7881155	5.879192
2.514121	9.264619
7.238783	5.2649474
9.283861	5.3455424
7.344996	6.5611424
5.827178	6.251098
4.19056	6.212189
3.9124534	6.451644
5.399158	6.5247173
7.4070096	5.4045835
2.0601788	8.303696
3.4814203	8.243339
6.7259455	5.7120905
6.6959414	5.498874
7.1460805	5.4303346
5.333309	5.851905
5.1330175	6.485812
2.359908	8.204332
6.088077	5.764108
7.375242	5.2166705
3.04374	7.759911
8.799524	5.228667
1.517804	8.642459
5.273522	6.703221
2.0528903	8.6555805
3.7385716	6.8676143
3.2671034	8.19435
3.5663478	6.9909506
5.871352	6.314639
9.025679	5.238201
7.9474626	5.416812
6.546898	5.904168
4.1575184	7.0724306
5.973856	5.6748104
7.2364697	5.713454
3.135986	8.148551
1.751112	8.781816
8.284405	4.9461336
8.742416	5.0362825
3.4509385	6.864583
9.077916	7.203489
1.4081491	8.672369
4.5356402	6.4284973
8.059365	6.337214
5.1852236	6.588449
3.748141	7.1810713
2.2753627	8.2522
2.651293	7.2434044
8.18017	5.182653
4.958378	6.0964994
4.832815	6.3040595
2.4844718	7.8224974
2.8530612	7.1255827
7.398988	5.452696
5.5448494	5.675267
6.3551702	6.1094546
1.4554058	8.686637
9.036179	5.1391253
1.8011419	8.692098
4.4351377	6.679651
7.0781684	5.6445785
1.9300468	7.781682
5.1602693	5.7059045
7.807492	5.107556
8.4671335	5.200745
8.729492	5.1352167
9.784714	5.5936966
6.3474007	6.002815
6.8569546	6.359264
7.0054755	5.4888506
6.0991964	5.5969024
1.8222857	8.091229
9.541888	4.7310867
3.4292362	7.320457
8.557494	5.7597704
3.484709	7.130591
8.041859	5.1799855
7.1232185	6.0039554
8.354268	4.8318505
5.1136675	6.3731036
9.418318	4.6357126
2.0352504	8.899009
2.5750563	7.554711
4.5483675	6.7074385
1.8159628	9.088926
4.766456	6.5132976
7.6453285	5.5497546
2.2962751	7.531601
9.40098	6.225604
2.6079888	8.902094
2.760817	7.1318674
3.4161	6.9831142
8.174548	4.691007
5.8648043	6.4981513
4.4806123	6.8833194
8.498617	5.2731805
6.5962925	6.276048
7.741449	6.05391
1.5787843	8.718196
3.6698942	9.447676
7.8389554	5.7857165
4.926216	6.561557
7.243046	6.0819016
3.7139876	6.648884
2.737175	8.264249
6.186105	6.2181034
7.0129714	6.280711
3.7679482	6.37549
5.684725	6.106102
5.3303933	6.3618903
4.4306173	5.9628725
8.755784	4.6862817
4.151571	6.569638
7.760071	5.5965915
5.9035344	5.717258
8.109217	5.814565
6.8027844	5.998072
7.646427	5.5695972
9.407385	5.293142
5.545925	6.0862856
6.528107	5.7182603
5.24534	6.514281
3.219086	8.2582855
2.4293253	8.279312
3.1881452	8.248171
8.815445	6.33547
3.7499971	6.772689
6.5607595	5.376009
6.173009	5.7134175
8.93465	4.4796205
4.9765778	6.2591453
4.452969	6.2381
2.5049279	8.287353
8.304661	5.1537023
2.9169297	7.6434226
6.0611153	5.405571
2.3875048	8.062217
2.5494626	8.199909
6.2935433	6.216838
5.4667635	5.5962815
4.9956436	6.257857
4.992624	6.243063
5.4132257	6.280781
7.853934	5.6654153
7.9284	4.8392324
5.0460353	5.895763
4.734832	6.7506547
2.4332252	8.324963
5.122246	6.4878564
7.3350935	5.433989
1.456346	8.594816
7.377364	5.6808195
4.7396817	6.853339
2.6936162	7.853333
6.247691	5.8890314
2.9589949	9.459427
3.0124843	9.243537
1.910273	8.654861
4.624933	6.5654435
8.36131	4.713925
7.579616	5.7991953
9.731771	5.678702
1.5348754	8.032544
6.1956954	5.700638
8.837504	5.358201
8.359052	6.1389728
9.767203	5.2939973
3.0141075	7.633198
6.549962	5.2175283
5.214173	5.854012
6.252014	6.4920926
8.209349	6.125966
4.712696	6.3177195
8.092079	5.2464824
4.9369655	5.985697
8.864697	4.6503973
7.6205144	5.4462767
9.639647	5.658304
3.8900402	6.386826
3.6420813	6.7564034
2.1046822	8.58513
3.6145587	6.9503517
5.382196	6.110993
9.112343	5.506406
2.4144907	9.11773
3.852523	6.565814
7.6523886	5.5166006
3.113668	8.71296
3.3068023	8.220546
5.8396206	6.0851126
6.428551	5.9847684
6.1019244	6.113782
7.240584	5.576332
4.9929814	5.805486
6.289454	5.6190352
7.1861954	5.2579784
1.4310498	8.170387
4.375844	6.6978693
6.0414915	6.3363504
2.749209	8.02984
7.7687893	5.917803
1.2746049	8.777601
3.8038406	7.0373616
4.904363	5.937527
8.352271	5.551736
4.8927274	7.333532
4.2010202	6.7362266
5.8584414	5.8031425
6.775154	5.930474
7.4752984	5.251235
1.4364504	8.741131
2.0328548	8.219608
4.3939824	6.124702
6.478648	5.791084
6.2510104	5.541564
1.9522569	8.766034
3.4932032	6.6171427
5.4741955	5.8018947
8.670009	4.5344133
9.277305	4.855964
2.7060723	7.163734
2.974686	8.281783
4.3094506	6.66973
9.166359	5.118229
5.8725243	5.925273
5.362389	6.209888
3.94578	8.200848
8.345926	5.329951
8.654428	5.292124
9.619878	5.0938864
6.2478275	5.513935
6.3171167	5.6987967
5.598148	5.9427524
7.827735	6.465114
8.118136	5.4966016
5.1633263	6.058444
7.3854585	6.2094274
8.438456	6.617362
5.4394484	6.4471817
5.9233704	6.4935336
5.245763	6.125689
5.6523104	6.157578
6.1214347	5.8846416
2.9601161	7.6994686
4.232224	6.544398
3.9768043	6.461341
6.138319	6.278078
2.1064546	9.2198715
1.3281803	8.479362
8.67509	6.6572375
1.6796687	8.170378
1.5031458	8.053744
8.337681	5.18915
9.726201	5.3864822
5.494833	5.7929206
3.390076	6.818363
4.5835276	6.787678
8.861841	5.1097703
5.9717517	6.3644924
8.470646	4.8950763
8.881146	5.8555613
6.5052404	6.389935
5.769009	6.3598905
4.110225	6.7837777
8.595991	5.226904
1.6056179	8.072181
2.1101127	8.8307495
4.742194	6.729388
3.404838	7.734837
3.2841527	7.670785
9.150363	4.9942565
4.491435	7.1710596
3.9755044	6.695727
7.283353	5.9092274
4.3778305	6.314676
8.186366	6.228516
6.025218	5.8382454
7.840442	5.449339
2.708836	7.7857156
8.651658	5.9781675
4.7770233	5.957667
9.262659	4.6593447
9.076363	5.225127
1.8316882	7.997147
4.6524057	6.2312474
6.5580378	5.535461
8.763627	5.4489384
3.2865481	7.346999
5.622776	5.7347846
4.9905243	6.882414
4.909343	6.871671
2.752305	8.150929
6.182614	5.352567
6.3065376	5.758558
8.856046	5.5557923
6.4958706	5.5702024
6.593628	6.131797
6.9360313	5.593692
4.7808204	6.4601793
9.051793	5.2416606
1.6680719	8.36808
8.885018	4.6667857
3.2528744	7.669239
9.536645	4.955862
4.542511	7.2342243
5.8774047	5.961988
4.925506	6.869088
8.08179	5.730462
2.0242252	7.8437457
6.8581467	5.603311
7.8056226	5.624138
6.190811	6.1554112
4.1703973	8.77716
6.235066	6.036722
4.898901	6.8653584
4.462779	6.8758492
9.651828	5.777021
4.116172	6.4716644
5.00344	6.652262
6.9443336	5.645058
8.735366	4.6705437
4.643481	6.569544
6.9647994	5.994686
4.737831	6.2089596
3.4656212	6.952268
4.8445992	6.0576305
3.0292177	7.3953633
9.232661	5.503893
2.306127	7.668111
1.595467	7.9012184
4.0263567	7.1905456
3.2797313	6.9994516
3.6725693	7.6194973
4.30392	6.172371
9.256605	5.636102
8.267872	5.134493
3.800561	7.4172583
8.477894	5.6497507
4.584774	6.672368
8.056037	5.487297
2.5006225	8.019631
8.416852	5.635395
8.771895	6.130489
3.4944162	6.8996806
2.2201233	8.855718
7.724335	5.990812
9.173035	5.3274264
2.0158725	7.6445956
3.9732695	6.798556
4.4738145	6.46662
6.164241	6.043108
4.1742525	6.580301
2.139034	8.228013
9.236049	5.305677
7.034856	6.172501
7.553378	6.1781898
5.646612	6.5525594
5.0738616	6.6694913
8.44924	5.4684105
1.9966127	8.092026
8.131764	6.0335097
9.536326	4.769959
6.0395436	6.016915
4.687471	6.294074
9.236399	5.269259
3.181319	7.5074177
1.4887987	8.636339
8.428876	5.69475
3.3155656	7.6506324
7.880568	5.594944
7.575702	5.2389717
5.4157467	6.82589
6.2174363	5.7534237
7.628417	5.1150723
1.4909147	8.743357
3.9769282	7.515081
8.434239	4.761779
1.21157	8.809642
5.9742537	6.196875
3.8961377	7.4721413
3.8859482	7.0300646
2.6428063	8.526888
6.4248557	5.6334753
3.1441402	7.12778
4.161546	6.5144835
3.881554	7.8207808
2.376362	8.867405
8.647891	4.651551
4.38389	6.32788
6.9856663	5.3852897
8.946098	4.874445
2.6736841	7.318889
7.8525057	5.6868496
6.8775005	5.80203
2.2208004	9.580532
7.271446	5.6340523
8.884796	5.572274
3.936686	7.6017923
4.8839245	6.7668376
1.7775085	8.359855
3.1260338	7.606855
9.319066	5.238987
3.8523133	7.687657
3.6121833	8.665946
8.499624	4.6937504
4.577509	7.0736775
2.533463	9.03856
4.3053875	6.5959916
2.7613	8.336827
7.717355	5.206811
5.851361	5.420989
9.406551	5.3666744
9.019388	4.949685
8.69852	4.5243053
4.277661	6.0647264
8.837296	4.728194
2.4120157	8.473219
3.219891	7.6987715
6.42035	5.9568033
4.525703	5.9987044
2.9019186	7.0583916
8.177839	4.664912
8.153838	5.3305764
7.2821226	5.3146734
5.1925974	6.5567894
7.6893587	6.185906
8.875897	5.915124
1.8772694	7.6796756
7.6649733	5.1712523
8.960539	6.1002455
7.6455617	5.7946796
7.4868417	6.4876914
1.6900345	7.7258663
4.857755	6.000457
7.790649	5.263268
8.1608715	6.5473385
1.7752649	8.116585
8.61438	5.7144704
6.3678093	5.392975
6.06606	6.802267
5.468552	6.1963806
2.9573545	7.496283
7.5533214	5.3487787
5.721291	5.953587
1.8039606	8.69992
7.1939406	5.2887597
2.8618422	8.115087
2.463524	9.027815
4.0252385	7.593921
7.01441	5.4908004
9.449375	5.5321016
2.608144	7.2685432
3.922648	6.9880233
4.6217036	6.778689
3.8441331	8.630826
4.1877303	6.1598086
3.6686904	7.3176584
4.675882	6.0083222
8.434908	4.9907703
2.7035627	9.379505
6.5646677	5.982939
4.8828206	6.303822
8.245846	5.894394
3.1729465	8.163932
1.2973315	8.775147
3.286982	7.116885
4.0473337	6.3958344
9.096174	4.6774206
6.962522	5.5404835
7.980157	6.3476286
5.2032785	6.5003057
5.3468995	6.63246
7.3794184	6.533074
6.6830893	5.768297
3.70714	6.4808517
1.5922	9.120847
4.6389265	6.4398656
9.005327	5.767267
1.8307338	8.413022
4.6513352	7.188196
7.565578	5.4828506
6.2017083	5.8565416
2.8726993	7.895666
8.714111	5.910451
3.4894998	7.3649845
9.142503	4.858027
8.363966	5.8114853
4.395381	6.2619057
7.8051963	5.1571536
5.596203	6.453877
7.8901725	6.139462
6.3033023	5.4527183
1.7998006	7.8465695
1.879478	9.074528
9.217533	4.8555
8.375095	5.5785565
5.8525505	5.837326
3.2962112	7.043816
1.4978362	8.658489
4.8587604	6.4608173
6.956533	6.4804263
4.2201715	8.194939
8.588412	5.8544436
5.84876	5.906239
8.193684	5.622088
3.6346176	7.6058292
5.0235357	5.642959
4.0222087	7.8890834
5.2957296	6.4308596
4.453492	7.188849
8.693403	6.094413
9.490272	5.1794114
2.5046036	8.134335
4.415802	6.3194814
3.3586495	8.959676
2.7669237	7.1617327
3.9285152	6.594027
7.782702	5.071501
3.255689	7.9154644
2.1134217	9.094291
5.007913	6.580335
8.361738	5.7684693
8.498933	5.3700986
3.6254601	6.8171253
6.153435	5.9714
8.78214	4.6425133
6.997256	5.708205
2.943194	7.2156615
5.287371	6.1905313
9.223516	5.28598
9.150636	6.7840586
6.262101	6.0528564
2.0533142	9.125719
8.962045	5.8432055
4.9214873	6.224585
5.9891753	6.373341
8.596497	4.5811195
8.797152	6.6952944
1.492772	8.842507
4.6398315	6.4082484
6.9457126	5.724854
2.1976097	7.645463
4.258025	6.3939376
3.3062572	8.823608
4.3983827	5.97049
9.137754	6.8208623
6.9522266	6.2557483
3.5088341	7.0155554
8.964768	4.701047
2.3751144	8.504235
4.254707	6.6623583
9.44698	6.0579524
3.9132042	6.6309347
1.5334685	8.937971
7.963313	5.301992
1.7263604	7.810123
8.024622	5.4830427
3.007253	7.7976046
3.8915253	6.745584
3.648465	7.6331844
3.648061	6.6886573
8.162208	5.5445867
8.924482	5.2857623
7.1019588	5.475792
2.9226005	8.2673645
6.6461635	5.8306336
3.1886685	7.8740883
2.651533	9.379819
9.418873	5.8848805
4.2635813	6.592143
9.49704	5.3713827
3.0430243	9.101586
6.053651	6.288366
4.1819015	6.3822365
9.190442	4.7552533
2.3908918	8.231001
8.986065	4.6717978
8.396267	4.5935464
6.762121	5.5909696
6.216861	5.408958
4.6025395	6.5596724
6.2279253	5.8807483
4.338829	6.4147415
9.626195	5.0924544
8.777153	5.2040386
4.617371	6.5104647
6.4412174	6.455206
9.686458	5.3244066
8.2868805	5.363219
5.1436157	6.2746086
2.0637746	8.737213
9.069382	6.511393
9.655866	5.6983194
2.8869574	7.163229
5.946758	6.1157174
8.424292	6.650442
3.5968633	7.3436785
6.8638525	5.496115
7.0372505	5.9624376
2.759071	7.1415854
1.610597	8.241393
4.663862	5.9497137
4.8953495	7.1334276
2.0608928	8.077794
6.627543	5.8658357
7.507184	5.263974
8.003855	5.467567
5.154265	6.093578
4.807082	6.7411394
4.5524473	6.009762
1.299592	8.398727
5.125485	5.9734344
1.4394038	8.629162
8.175257	6.55681
3.43632	6.9871936
8.141101	5.7636957
4.496423	6.7043695
2.9411192	7.018651
8.04448	5.400665
7.6485715	5.843808
3.6198378	6.764931
4.737991	6.105983
8.826485	5.464723
2.2413797	8.586664
6.7638245	5.838316
5.350557	5.829735
3.5456872	7.206916
3.6586487	7.5097733
4.7331414	6.0957885
5.293669	6.339219
4.0938706	6.540955
5.619145	5.6105337
3.6976264	6.548463
3.1924708	7.3160744
7.502082	5.628868
4.7595625	5.9268374
6.001046	6.168833
3.682922	6.8892746
4.860008	6.169826
4.717444	6.6277704
7.996531	6.1043487
7.7948875	7.783361
2.714695	8.382452
9.327193	5.611294
5.562516	6.4910426
4.0223346	8.121137
2.4615867	9.040337
2.5876443	7.46058
5.9185514	5.777972
8.438053	4.667997
3.2678447	8.587102
7.1391916	5.7686615
5.382644	6.2821355
7.4795117	6.67088
4.0381765	7.6105022
4.2501225	6.3092947
6.8840604	5.498946
2.6223178	8.468991
4.5859776	6.333558
4.5099487	6.472073
8.041937	6.5211663
2.8814232	7.6386557
8.005792	5.147993
8.264076	5.0857396
9.23052	5.0432153
9.34304	6.546714
7.5486264	6.4975324
8.458471	5.065129
2.926563	9.776939
2.5109477	7.7135158
9.123141	5.151481
9.470751	5.756384
3.7983167	6.821561
7.017745	6.055661
8.158571	4.9453225
6.2873626	6.41359
7.998102	4.93008
8.976696	5.981529
6.11798	5.682989
9.419893	5.997264
3.9445717	7.1650705
9.690957	5.492789
4.76523	6.933055
9.657786	5.8833237
9.290622	4.9407053
4.530112	6.3121467
5.8304806	5.4834313
6.255889	6.1691732
5.143236	5.648219
2.3076499	8.233365
7.1699653	6.1082277
4.1409636	6.64032
3.3784986	7.9819345
9.144533	5.7690353
2.8827934	7.327645
7.728818	5.2073684
3.307859	8.201848
4.2477922	6.676305
4.667715	6.4083166
1.4394116	8.594769
3.9074092	7.4083366
2.0949	8.637749
1.4327925	8.753231
2.3392665	7.4745
4.0909324	6.6057053
2.2355561	9.547223
1.9135113	9.10724
6.741037	5.2561035
6.475688	5.5271673
7.6425056	5.8079267
7.7510476	5.98929
5.415055	5.8817797
6.703333	6.267333
8.199097	5.293651
5.0268164	6.1173115
4.173165	6.300996
6.048811	5.4177995
3.814171	6.598738
1.4068921	8.357989
4.0494785	6.4380503
8.540558	5.11618
1.7332015	8.056626
2.3084939	7.8473635
7.8172555	5.747308
9.355259	4.5370193
3.238283	8.790607
1.5638437	8.157597
4.6643195	6.6592717
4.702406	6.514353
2.6847548	8.236131
3.4066362	7.259903
9.394689	5.2326612
5.4194183	6.630092
3.2019722	7.915983
4.856268	6.5224304
3.2112148	7.9778194
8.861368	6.175417
1.5078361	8.516802
3.6069472	8.064395
4.5506773	6.3227806
6.5524044	5.6882215
4.3704906	6.7780814
4.987816	6.136394
9.241206	5.579447
3.848461	6.69437
6.077515	6.1456127
2.8400707	7.6432023
5.270725	6.274947
2.247491	9.363928
8.276649	5.3652945
1.7965517	8.643658
7.469219	5.3349304
8.572854	5.239391
1.9981729	9.573321
4.2518725	6.954416
9.044929	5.5388255
3.0086317	7.597996
3.0101585	7.1553164
5.517932	5.635966
4.0586476	6.7057157
4.4605794	6.594505
3.57477	7.744966
9.11612	5.1095
4.496752	6.9247456
3.2358863	7.921245
8.428864	5.6850743
7.428584	5.67592
9.595541	4.9646387
9.9374485	5.448531
6.110193	5.944297
8.705073	4.9309683
6.2358027	5.93719
4.0095143	7.0082364
7.0706563	5.728997
6.324133	6.093955
6.823356	5.858258
5.141987	5.945747
4.5755296	6.028371
9.560078	4.7817845
2.7162113	7.5520415
7.92992	6.3185897
9.291484	4.568511
6.520293	5.8146443
2.2477627	8.006254
7.38813	6.2239084
2.528897	8.992538
1.5602329	8.60027
1.6437713	8.859548
9.392957	5.3256135
5.537689	5.648678
4.705901	6.5419745
6.172383	5.938258
5.1922884	5.905391
8.088324	5.1961203
5.9414015	6.255131
4.0842	6.3488145
4.7597494	6.6857667
2.6185942	8.035516
4.550927	6.266052
3.6706886	7.1869273
7.2793975	5.3752065
6.236396	6.312471
4.563065	6.0981665
3.6426723	7.726724
9.474955	4.713666
3.6024528	6.607061
8.336147	5.0079865
4.341531	6.3757124
5.4503455	6.2396283
3.8264012	6.930509
2.7530148	7.8830533
4.3872766	6.4635906
8.252068	6.4009967
4.344573	6.6258173
2.8972836	8.208122
8.299073	5.5204225
6.562936	5.6833544
4.6097546	7.1973896
3.1831026	8.191762
7.7428102	5.7256746
3.2716076	7.8220925
8.965774	5.7108793
4.1462345	7.187551
9.197719	5.9741907
8.438423	5.0262384
8.419122	5.9471807
3.2691326	8.358594
8.552378	5.874854
1.9679528	8.620117
2.826383	8.077205
3.239597	8.325638
3.584383	6.6296854
5.175971	6.0163226
2.4539037	7.6960487
6.0876207	5.4915833
5.8755255	5.4786973
5.128111	6.7986913
9.123876	4.468825
2.6368246	8.413494
7.696342	5.434726
7.369747	6.2122574
3.7378309	7.663727
2.4031496	8.345899
5.2237988	6.524621
8.294197	6.094759
8.124176	5.22104
4.955944	6.2841544
2.8788466	8.07296
8.045329	6.645128
3.775303	7.177825
2.2824895	7.6092463
4.452911	6.047199
9.790526	5.705868
4.389633	6.418333
8.10794	5.25874
3.2713127	8.290018
3.6263347	6.5647464
3.5821502	8.890659
1.2165564	8.693386
4.5500956	6.0775766
3.0269165	7.542002
5.403914	6.2174177
6.4690456	5.9045324
5.2910385	6.4188066
6.1088943	6.6285515
9.177584	5.81918
1.7433014	9.218472
3.336006	7.6995645
8.684465	5.3072968
9.345501	6.195744
4.636467	6.5609007
7.729742	6.559618
9.28807	5.4656296
9.090398	5.0066547
8.724091	5.550358
5.7666616	6.0486717
6.215326	5.741053
4.4035006	6.502346
2.1833746	7.294388
4.583868	7.006704
2.105624	7.785878
5.7091303	6.6753426
2.7655697	8.109673
4.9201756	6.2710266
2.3005872	8.373322
5.566931	6.2466
9.444146	5.2751045
4.3239603	6.3331685
3.400299	6.837173
4.906234	5.9721785
4.0479493	6.88979
2.2305367	8.542245
5.909507	5.787118
8.410518	5.4349284
3.2003253	7.1037936
5.9628954	5.7019196
3.2775793	8.101796
3.5221686	7.3684278
9.542272	4.9424534
4.067545	6.826789
6.263802	5.5442114
8.64535	5.6237917
3.2171967	8.104512
3.6774356	6.8157396
8.867321	4.5401516
9.301579	5.530227
3.902222	8.337119
6.5457263	5.9524474
7.9915924	5.4352803
1.7147638	7.812665
9.263708	5.0169373
9.48451	6.6909285
8.307281	5.0660744
1.3801379	8.386304
1.3993831	8.541952
8.765795	5.230687
6.9896297	5.51815
4.6316056	6.078636
7.2296934	5.7273684
4.659172	6.949924
2.1202552	8.338133
8.108025	6.405885
9.398427	4.859372
8.540959	5.217103
3.4316478	7.146657
9.394796	5.043523
6.3077717	5.453307
9.720035	4.943156
7.639123	5.657921
4.3029037	6.9691906
6.371574	6.266673
7.949075	5.157072
1.50933	8.026697
5.8704615	5.902575
7.022296	5.9319925
3.9475148	7.909559
5.043463	5.8403506
4.945555	6.948589
7.611994	5.424916
9.342125	4.527127
2.1679966	8.674383
2.263911	8.35814
3.652994	6.8522387
9.31039	5.1304154
9.741843	5.411287
6.6653376	5.9107823
8.965617	5.03866
5.425308	5.745678
8.930465	4.8316836
7.664907	5.821888
8.332116	5.6095977
8.212426	5.71488
8.211766	5.2118206
8.982107	5.0846686
3.3086941	7.5640626
4.7291923	6.0982547
6.990977	6.377718
6.14299	5.7397027
5.0468125	6.7401905
5.99184	6.3560925
7.9033594	6.541655
8.27239	5.809402
7.6081505	5.541589
8.207612	7.3347416
2.108674	9.457873
2.894353	7.8213906
5.7156334	5.5280976
8.310802	4.7663226
4.814281	6.6304483
7.4194274	5.844501
4.908016	6.1444993
7.990955	5.213203
8.170166	5.1757083
6.5730853	5.88137
2.018596	8.053021
8.455745	5.4441223
9.122816	4.610319
5.9988556	6.0215282
9.325006	5.450525
6.132171	5.445649
4.1112957	7.7939043
7.495094	6.4458823
2.4101171	9.056187
4.748797	6.991546
7.272581	5.8133
3.5171328	8.464481
8.733074	4.623825
9.10684	4.541636
2.999577	7.160541
6.910831	5.564221
4.479126	6.86422
8.463558	4.990465
9.695259	5.375586
5.9658637	6.0474777
6.633329	6.3317924
6.1175	6.5885215
1.7932355	9.250035
4.464636	6.298
4.4727798	6.7173667
5.978254	5.3959723
3.0224109	8.776079
7.0494204	5.5618205
3.8207197	7.3015437
7.653235	5.7292547
5.68957	6.5269666
5.4251914	6.0130534
6.5443106	5.852704
4.548633	6.6292644
5.214462	5.9301214
3.0668306	7.80025
2.1830618	8.660528
8.7531395	5.3263464
9.599077	5.636485
2.3339944	8.192059
2.6989338	7.4259787
2.3985345	8.035158
2.7648206	8.30695
9.217197	6.2575684
4.2944016	6.961577
3.8143587	8.189623
5.708817	5.969091
4.831146	6.4479413
6.113713	6.1068096
1.9753494	7.6829944
2.4028661	7.756512
3.1132395	7.247389
9.205319	4.6080875
4.5569143	6.2989273
1.5171347	8.204869
3.5092547	7.004925
2.5114126	8.086267
7.357831	5.4229975
1.6175143	8.665909
6.958553	5.480408
5.2784195	6.167678
8.836903	6.2500925
3.3866696	7.399848
5.7354965	5.549417
6.3308296	6.352988
7.3175364	5.467633
8.796901	4.7819324
6.042322	5.897791
3.7733238	6.5943084
1.954428	8.618311
7.9361825	4.952545
4.223625	6.482664
7.328107	5.269021
1.4058867	8.855485
3.812401	6.7281933
5.721358	5.7367344
7.559836	6.276786
5.146549	6.502577
3.289276	7.7712154
3.1761618	7.9825644
2.6758735	7.9644785
6.130581	6.5764265
3.7749968	7.1170416
8.68517	5.4893465
7.5331855	5.9510655
2.273543	8.977499
5.242772	5.6361847
7.7324243	6.0917215
8.318793	5.141694
1.5556133	8.698596
3.6197343	7.1482167
4.483847	7.023654
4.579749	6.306501
5.0036926	6.161406
3.7786016	6.714623
8.190023	6.2266264
2.8644464	7.4711895
4.8899364	6.602604
1.2459034	8.548199
2.865136	8.165865
4.8348255	6.17639
3.1749434	7.731319
2.0023935	8.519581
1.238313	8.745044
4.566806	6.5255494
2.7047162	7.185933
5.871682	6.2311506
7.240582	5.4040117
5.042259	6.077247
8.115354	4.936174
7.939112	5.288048
1.5107458	8.260785
4.875429	5.931847
4.5173817	6.256536
2.7571857	7.8516445
8.79864	5.1046286
5.9905305	6.72323
7.929509	5.1808457
4.0052557	6.7097044
6.0284944	6.2471256
8.207173	5.158573
3.0894575	7.566606
3.0332325	8.079068
3.909002	6.4867244
3.8282435	6.8896456
2.3070245	8.936933
3.987663	6.2214613
5.33859	5.7022076
6.6399345	5.4141583
9.431128	5.6806707
2.1773405	7.5607204
6.562313	5.972512
1.3948276	8.804477
9.439232	5.4605117
2.8603466	8.703902
3.0260348	7.5982475
1.8336047	8.546938
8.965367	4.5829396
4.2266765	5.975198
6.887797	5.850572
7.6102777	5.151993
6.141173	5.8554053
4.7970552	6.297538
8.971305	5.0521693
5.50341	5.8891087
1.7749131	7.705854
2.9025424	9.016652
8.79136	6.3571286
2.1142502	8.708874
3.5157528	7.833752
4.9343085	6.8228426
2.4113185	9.145184
4.3951426	6.421611
2.2527244	8.192923
7.2052393	6.0971007
1.6465645	8.138737
4.6150966	5.973239
7.260908	5.725053
2.7103817	7.662358
6.0471163	5.6709266
5.78561	6.0044007
8.8621	4.6420712
8.895295	5.596934
3.272297	7.385775
2.3194883	7.3885612
7.8064413	5.4305015
6.068489	5.7701893
3.2899773	7.53393
3.8545146	7.0283046
6.815726	6.352739
3.805781	7.8471193
6.740477	5.490655
7.312568	6.0263305
2.31361	9.628523
2.2774148	7.6253247
8.064824	6.0568485
4.919604	5.797896
4.385132	7.1837144
8.073836	6.6796374
4.791602	6.7115088
1.4485718	8.347848
4.73197	5.9451904
8.8116255	5.0532517
4.493771	6.330769
1.4711709	8.814187
8.749648	4.6336436
4.2820325	6.5808616
4.621	6.765858
5.874442	5.925218
3.2316563	8.574324
6.7583795	6.178311
4.304045	7.060483
9.60708	5.536664
3.2156453	7.3839626
7.71393	5.738802
5.533766	6.237406
4.1923857	7.601015
9.155415	5.3022485
5.921233	6.134377
7.341084	6.5663166
7.183768	5.5516157
2.8971865	8.604872
3.2174077	9.040539
5.4655733	5.821987
2.9989386	7.861048
2.078869	8.829142
5.264938	6.081032
4.41236	6.8958354
4.2028008	6.526077
7.0379834	5.7876344
8.577555	5.9053283
5.9865007	5.9231386
1.6910844	7.959296
9.121463	6.4613886
9.264935	5.1853175
7.120545	5.588197
8.149788	5.2647085
8.701257	5.3405833
3.3934076	7.588154
2.6532378	8.626123
4.1371803	6.3537602
8.239805	7.26681
1.3432722	8.707289
5.5906515	5.5112863
1.6125906	7.9926853
6.315717	6.3256655
3.1872766	8.108602
2.8839335	8.672185
8.809349	5.527486
7.3393507	6.2826037
5.5343595	6.059619
9.117756	5.7007074
3.6602364	8.156381
3.4658623	7.6654425
4.0968456	6.247484
6.280992	5.509371
8.365499	4.9382205
3.8169868	7.5145206
7.33197	5.030371
6.629446	6.00352
4.5419016	6.255668
4.6373296	5.9562454
2.0288107	8.900812
4.7498813	6.023435
3.0040593	7.194012
6.1058927	5.9842963
7.255904	5.782505
3.1916237	8.077184
6.220725	6.190416
3.59843	7.070478
8.593718	4.699974
8.232705	4.899796
7.6031957	5.6805625
7.2967343	6.214067
6.8188086	5.4997687
2.477706	8.083128
8.532582	4.9788604
1.8455819	8.302005
6.3027177	5.4769363
5.6931834	6.3143926
2.4025471	8.201708
5.905352	5.985898
4.9552474	6.772343
1.586882	8.418869
2.100582	8.272174
2.9083815	7.4708667
5.167995	5.97039
8.258264	5.893932
7.710852	5.8816447
8.535316	5.43019
8.4706545	5.863381
3.0626178	7.469346
3.5100186	7.051123
7.1058793	5.587977
4.391361	7.120444
6.3308077	6.5515833
8.396727	5.072678
3.573335	6.9340005
7.2199435	5.865197
2.0854018	8.7472725
7.20459	5.016938
1.2892048	8.3934965
5.020647	6.439436
2.4532166	8.137665
2.4150002	9.064697
4.882694	6.295197
8.761258	5.3739667
3.4235241	8.24668
2.1554968	8.85716
4.396716	6.170527
1.7789654	7.9201827
5.673434	6.2694254
6.3554626	6.233582
2.6141264	8.422962
9.016302	5.141831
9.026789	5.2517447
9.534271	5.139255
1.3330016	8.665516
2.9682233	7.0429034
7.420604	5.329377
1.9607477	8.598398
8.679611	4.7923446
2.5152571	8.956834
4.0840917	7.125141
7.574797	5.775011
6.4944787	6.1184845
5.603835	6.2145686
5.1288548	6.57873
4.9464045	6.6705046
1.5349573	7.973039
1.4265231	8.356047
3.8048553	7.0687833
4.291132	7.25397
4.779551	6.6550913
9.022832	4.9012737
3.8419158	8.770085
4.6097918	7.2541595
6.008321	6.191258
6.8857865	5.9521694
5.4811425	6.106501
1.4615978	8.322032
2.6030533	8.024527
4.4862833	7.183857
7.25762	5.5427785
7.452634	5.075105
4.9316745	6.3389854
2.1399505	8.327441
6.63263	5.6291156
3.8714616	7.097691
3.2175999	7.8584976
7.9775434	5.028429
4.2258406	6.4261656
4.8088417	5.9943786
4.90498	6.4916053
7.9262986	6.585936
4.3459907	6.678464
7.2001824	6.3220997
1.7267522	8.277411
3.4958498	7.1645594
4.2334256	7.430464
4.2714157	7.04096
8.54166	5.2156086
5.2500434	5.875644
4.4810753	6.5416484
2.4282591	9.613953
6.2812157	5.574215
7.844177	5.57179
4.5591183	6.9440556
5.4464955	6.2327843
1.740897	7.8603477
7.046694	5.4302316
8.655225	4.81717
8.823857	6.2156386
7.501648	5.3803244
5.229436	6.6527576
5.063587	5.8028145
2.4192114	8.23614
9.113796	4.606923
1.3323886	8.644919
8.176312	5.500242
3.8405967	7.5446224
8.740748	4.6939483
2.7471979	7.915175
4.0271525	8.011608
7.4806023	5.4191766
2.8208654	7.0826263
7.2869973	5.2709703
3.6282947	7.285224
7.5567107	5.341028
9.5057955	5.9433007
3.6532378	7.0492105
2.0768585	8.924
1.68763	9.084928
2.793008	8.010789
7.4234934	5.291169
4.8898683	5.873522
9.715261	5.8184443
1.5049402	9.054024
3.9991338	7.2132154
5.4768324	5.5511546
4.8295026	6.6945605
2.0973372	8.713673
4.1078787	6.924589
6.7732263	6.136907
9.579644	4.764038
7.8487916	6.2597704
5.1590004	6.028291
9.642903	4.8950505
2.6225023	7.577721
9.001803	4.7309585
7.7296233	5.3868356
5.82133	5.7850885
6.2514453	5.425973
3.1589131	7.3200054
3.9009516	6.961324
4.7839155	6.3050733
4.4345055	6.809246
8.364058	5.0006313
9.629214	5.775108
2.8487704	7.5444703
5.1862645	6.664165
1.4949415	7.8755426
5.900899	6.671154
4.8110175	6.3334336
6.815263	5.5495296
8.043443	5.4497104
4.7646728	6.571016
4.1743965	6.7529716
8.456661	5.269092
8.780938	8.230222
8.911685	4.998288
3.1841218	6.954896
9.035012	5.627083
7.345708	5.5384073
6.60508	5.6150208
4.227564	6.27111
3.0098112	7.902384
7.061522	5.561333
2.5595498	7.9551597
9.792792	5.199855
4.4909744	6.637983
8.07477	5.1554184
4.3232236	6.6762915
1.8391801	8.51707
1.6491606	8.716598
2.1585453	7.6751304
8.4708395	4.93371
1.6616312	7.800219
2.2853954	9.102016
7.834378	5.355679
7.7432523	7.0357094
6.3098536	5.7579894
7.6524305	5.3395257
7.7030234	6.333602
8.71436	4.6807513
9.056816	5.826189
2.3980796	7.9442453
2.249145	7.9373
4.9917417	6.298131
8.342574	5.125289
4.324215	6.3530726
8.989554	5.241938
8.684761	4.841318
5.9723544	6.01664
2.9075515	7.733496
6.3602405	6.103223
4.226645	6.3090096
3.4510982	8.249362
4.170781	7.066939
8.24036	5.6605573
3.4995723	7.3801293
2.4614804	7.44708
4.2794633	6.409314
9.017143	5.4793324
4.707403	6.1588516
9.159137	4.9173093
2.2983148	8.626459
7.5147166	5.714455
4.008851	7.4202175
2.6265779	7.981803
8.485661	6.305269
7.2265368	5.607145
2.7426076	8.14894
8.536918	6.1328363
4.817339	6.4159746
3.038861	8.279216
5.2249064	6.4379573
5.561301	6.4455047
4.752411	6.2161493
3.7233527	7.0640774
5.510526	5.9996424
2.618701	8.06627
8.399669	5.396499
1.248513	8.87192
8.58108	6.190219
8.992576	5.457408
9.249826	5.060283
2.858718	7.1570344
2.1577182	8.150161
4.0521736	8.8590765
4.475993	6.2055483
1.24035	8.86445
8.779075	5.1918616
5.0622697	6.845623
7.955856	6.2169394
1.9911926	7.564177
5.6562257	6.596191
7.6428576	5.3766937
4.686656	6.0161333
4.6837573	6.773109
4.3733673	6.4386706
7.542024	5.592228
7.2746506	5.8204937
4.6024394	6.8933864
1.8720907	8.067136
8.512183	4.7928367
4.078133	6.654358
2.1133232	7.4783545
8.053091	5.30908
4.6499786	7.1472235
3.139008	8.1152525
4.898409	6.9610467
4.5723257	6.684705
3.9886062	6.4458637
2.9996898	7.8629665
1.9413707	8.87552
1.7630576	8.21773
5.808617	6.170135
1.5309516	8.116892
8.90419	5.3142405
8.488344	5.58463
5.45602	5.9540567
5.547684	6.121484
9.155491	5.2499185
2.9185977	7.326878
6.7117276	5.614782
9.402524	5.69676
2.9349144	8.119586
8.251887	5.601039
2.3461957	9.25619
4.026457	7.213672
3.7122831	6.720218
2.9186728	9.022318
5.3052797	6.2898397
6.544263	6.0208535
3.467111	7.3411407
1.4629921	8.157117
6.745377	6.300284
5.8606024	5.9911137
3.2426307	7.889163
3.3551865	6.890404
6.0123777	5.9941554
1.9954104	8.7450695
9.171815	5.5096183
4.9116864	6.5270123
7.2099056	6.121836
5.7787347	5.9554033
1.6822338	7.965361
4.5735545	6.3453937
8.011022	4.77819
5.344607	5.8309774
8.5760765	5.6391907
2.2911208	8.837212
5.299761	6.359667
4.4261527	6.0528545
4.7346	6.6960125
1.5717334	8.620706
9.479269	4.8192368
3.8907828	6.622983
5.4856625	6.602663
9.291678	5.076289
7.489194	5.6419606
4.1697865	6.9925785
4.2474794	7.1407104
5.8284273	6.2147512
6.7965	5.9989395
6.011275	6.3277593
2.5763822	8.443576
3.1828713	8.290993
4.896078	6.1343665
5.3087697	6.1261497
3.0499291	7.425749
2.2071977	7.6811204
6.897176	5.5814342
1.3929982	8.393074
3.0426188	8.112059
1.2855254	8.814096
4.589569	6.0165606
5.456879	6.250019
1.7456723	8.431094
2.117199	7.7717614
6.0420375	5.8136463
4.149382	6.8934965
9.046904	5.2290397
6.8215613	6.2959094
7.9156637	6.2804756
2.2002301	9.456965
2.877033	7.788843
8.473963	5.9423156
4.969784	6.57338
1.9517951	9.183159
4.4906297	6.274908
3.4479334	7.2062874
6.847293	5.7779684
3.0046217	7.7052855
7.9505877	5.688835
6.0678396	6.0435677
3.98412	6.5994678
4.309441	6.480005
7.9258723	5.470405
4.2994637	6.739015
5.653103	6.181322
4.681099	6.4657664
8.498989	4.9584494
9.654336	5.5776024
9.354336	4.7415814
2.2614717	8.822767
1.9254948	8.176373
2.2220256	8.060027
5.7167487	5.9286385
8.521371	5.4075127
4.566512	6.7045755
4.404821	6.4071546
4.874523	6.379825
1.5287066	8.612451
3.9969158	7.3612576
4.665868	6.455026
9.9120655	5.414385
6.8778358	5.8485756
5.9257936	5.986618
2.6088774	7.618929
6.3223414	5.9127984
2.0351841	8.281616
8.280423	5.925479
1.6330504	8.493883
5.552689	6.1230545
4.987838	6.1747923
7.715926	5.111559
2.6205685	8.116537
6.199653	5.6097946
6.143274	5.631386
2.0031464	8.205264
2.7946332	7.696606
2.0285325	7.6806197
7.756181	5.143643
2.6789193	8.088485
8.231644	5.731515
1.2639532	8.711994
8.001814	5.9920526
7.678961	5.13351
2.3102968	7.5074086
1.8395258	8.928849
