4.181276	1.4713366
1.4155836	-3.4357715
4.1671233	-2.857781
-1.4215951	-1.2456359
9.1328335	2.188254
5.865594	2.047323
-3.476821	2.6120253
-3.2928605	-2.4253256
8.691669	1.7017467
4.773703	-4.6960826
6.7964697	5.0496464
-0.85394686	-0.38423732
3.046442	-5.946336
8.335784	1.6276343
4.1310983	-2.966366
0.3754422	-2.3387678
-0.96305454	2.956273
4.6748633	-4.166674
-2.3981473	-2.0101464
-2.3993201	-1.8006315
4.63479	-4.7731085
-2.2015383	-2.204626
8.920008	4.404439
-0.55544776	-1.7248309
-1.7018768	-2.407566
4.9587193	-4.5592794
-1.2171617	-1.737761
-2.147774	-0.863095
-5.8267894	-2.7545881
-4.1620383	-2.6747372
3.0069556	-5.6007323
-3.6469686	-0.8352213
-0.27803642	-1.864687
-2.7861247	-1.7506588
4.770451	-4.688971
1.0428942	-3.0205615
4.859157	-4.882846
-3.3471236	-1.5012616
4.235829	-6.3853707
3.9304557	-6.8937073
-0.12599559	-2.6189246
-5.0544434	0.95019937
5.4558554	2.0390308
6.419469	1.5703915
3.152605	-4.814112
-2.9998002	-0.30867645
-1.0629768	-2.2002418
2.0079474	-3.126921
-4.695164	2.2808743
2.6461098	-2.6851878
2.6705031	-5.4439654
3.26437	-6.1894193
3.9019387	1.4055873
7.679794	1.3588766
-1.7484788	-1.1489192
7.846969	1.3712283
-4.2950783	-2.3266685
9.5670395	0.71404487
-6.041877	-0.08564446
-4.10734	-2.8306952
-1.1710945	-1.2665427
3.9298987	-6.4921865
-1.2477347	-0.64878875
-1.913751	-1.0950505
4.499006	-6.657714
-0.61945266	-1.9569589
-0.8744475	-1.3746957
9.394665	0.9544744
-2.5490701	-1.9557663
1.5441397	-3.0842018
9.588719	0.8170799
-0.7221432	-1.8768995
4.6912427	-6.921367
-3.510893	-2.5198812
3.5103812	-4.8008924
4.679918	-6.9595885
5.2512283	-4.7797117
7.9043036	4.7611895
-3.2941988	-2.3979063
5.357289	1.8676683
6.326314	1.6742839
-1.6897898	-1.8907878
-2.918213	-2.0129423
-1.7183319	-1.6624697
1.8051361	-3.3669622
-0.6079793	-2.1033382
7.6881256	4.3126097
-2.5108957	-2.5499368
9.12387	3.5160267
3.1909795	-4.847587
4.7244964	-4.341505
1.280326	-2.7852058
8.274658	3.5241153
8.981373	1.7858307
-5.595482	-2.0205452
-0.9369021	-2.154255
0.6267928	-2.1601732
4.0089464	-6.355915
-1.0032961	-1.4953053
8.767272	3.7199647
1.0606614	-3.0403962
9.423633	3.4927423
4.562817	-6.7031364
2.8766372	-5.791643
4.4437203	-4.684555
-0.25812784	-1.0182595
5.2602234	5.232145
-1.7575026	-2.224416
8.132846	1.6017754
4.1729474	-6.873018
2.251907	-3.2591634
-0.8570883	-2.7902074
8.802188	3.9876416
2.2826786	-3.954215
-3.079046	-0.72351253
3.2796435	-6.3242745
4.0194764	-4.1102266
3.349288	2.7693572
3.4493935	-5.746247
4.0510573	-4.3145857
-2.620572	-0.29788947
-1.9745007	-1.0594203
4.4082675	-4.1918526
7.2102246	1.8251327
-1.0520506	-1.088146
2.6741502	-5.0325227
4.6029773	-4.1277924
-0.36624002	-1.9298087
6.6065145	1.636914
-2.6000402	2.2816722
-3.904986	-2.0784428
3.0141296	-5.872936
4.346969	-4.461118
4.888001	-4.223136
5.067132	-4.7887588
0.64306945	-1.654939
4.169467	1.6691225
3.1732073	-6.177119
3.3235586	-5.7127137
9.126177	1.2040416
-2.6974845	-0.9060416
-0.8259075	-1.8950641
9.202795	3.4556239
-1.0872769	-1.590276
3.222422	-4.6128325
4.9908805	-4.176721
-5.303637	-2.078127
1.139143	-3.242129
-5.182865	0.5795447
2.1743288	-2.8741274
-4.942945	-0.5500606
-1.9952337	-1.6489325
2.8714561	1.5475928
1.783452	-2.801345
-1.7888914	-2.185611
4.403059	-6.8807254
-0.86898106	2.9381196
2.5442953	-3.2384756
-0.95275676	-1.2085824
3.788841	1.2519798
4.109785	-4.176174
8.054384	1.2331324
3.9278553	-6.758167
3.202572	1.5119071
3.6878743	-6.53548
4.253315	-6.8749876
4.2017264	-4.3597426
1.4575049	-2.4668498
1.4983652	4.692368
4.230233	-6.953419
6.7563796	5.083499
-0.90483195	-0.6192821
-0.06574395	-2.3916879
-2.9830966	-2.2204826
4.9469156	5.619963
-1.632033	-1.4394135
3.8074641	-2.5207112
0.64211965	-2.3529975
-0.92677444	-2.926853
4.165087	-6.8151083
-2.627576	-1.4860713
5.23458	2.541603
1.9270991	-2.9272685
3.8888319	1.3932525
4.366272	-6.833132
0.9201856	-2.3510942
-3.7295642	-0.0872982
-3.8448095	-2.0985327
-1.6581945	-2.6659894
-2.7331262	-0.20742989
7.0698075	1.4928174
6.386397	1.6633588
-2.561879	-1.1408267
-1.7563592	-1.6520472
1.2997917	-3.1967738
2.8540902	-3.232819
5.150239	-4.800613
-1.0676596	-2.4826095
1.4806927	3.0754704
-0.8860661	-2.6817596
-5.9579	-1.8812362
3.1710527	-6.0115237
-1.5583572	-1.9992332
8.441302	0.9502134
1.4334058	-1.8202804
4.4524717	-4.1058455
-1.9113108	-1.0402269
4.701152	2.0325823
-0.25362504	-2.0291576
-0.38132054	-2.7912004
-3.143204	-0.28983724
4.268875	-6.911339
-2.394035	-0.9958741
3.709006	1.3545331
4.2364097	-6.88625
3.7967608	-4.316457
4.854473	2.0516086
3.998705	-4.5603704
8.498103	1.7603904
3.2097325	-6.031152
-3.0374525	-0.23784155
3.496161	-6.362251
-3.853231	-2.5992255
4.3542237	5.291425
0.9746881	-3.1180646
-4.211834	-2.2415261
-1.385757	-1.579428
2.7192879	-6.250668
8.402476	1.5347848
1.8868707	-3.507889
-2.13312	-0.13958928
1.0978947	4.371468
4.264053	-4.4699135
-0.89621943	-0.36171335
-1.8756896	-2.3245327
-1.5958706	-2.8837028
4.9908104	-4.2335796
5.3721223	5.4100204
4.997721	5.52491
5.0017357	-4.792795
8.200465	1.5575494
-0.18440928	-2.4428785
-3.3503275	-1.4838886
-0.88420826	-0.40638366
-1.7000198	-1.8706775
4.718584	-4.1916695
4.73364	1.5183269
-5.0017724	-2.0402918
2.054961	-3.3556657
1.4078524	-3.441267
0.63478106	-3.0149856
-1.0648911	-1.69752
4.729925	2.0313354
4.2508707	-6.934696
8.147294	1.837151
-0.603511	-0.0568372
-1.7629985	-1.5343244
9.552413	0.87393636
-0.7119359	-1.8958027
9.550606	3.4555602
-0.70275795	-2.646871
4.288519	-4.4804444
-0.9755603	-1.6931561
1.9833987	-3.3582668
-2.1595244	-2.286709
9.118583	1.5179555
4.1810737	1.5785401
4.647463	-4.7193294
-2.7649283	2.7817018
8.166628	1.4274473
-1.686122	-1.4805694
-1.340078	-1.1542654
-1.9807446	-2.373208
-1.1476922	-2.1004822
4.071575	-5.4906106
-2.4176235	-2.0091164
-2.2649689	-1.2249577
-5.378223	-2.1136022
-4.510315	-2.0132098
-2.2107043	-2.237313
-2.8936737	-0.6467273
-0.5090898	-2.1213458
9.21903	2.7633088
-1.0895737	-0.6915001
3.4465477	-4.5843263
-2.0275474	-2.3031337
4.0604753	-6.805498
4.75019	1.9059491
4.3502607	1.838627
2.7818835	-5.8220315
4.9337983	5.6384897
2.2297735	2.904596
6.6661115	1.5939287
4.6270823	-4.18308
-0.86681277	2.8115592
-1.8153464	-1.6241267
7.412957	4.8741684
0.4398487	-2.8554838
3.9400504	-6.378449
3.8209097	1.22745
0.54226756	-2.350178
-3.2632082	-0.566973
3.546953	1.6775931
8.142386	1.8514781
0.1724058	0.8445429
3.330976	-6.280778
2.7806566	-5.8216705
-6.966494	-0.9885745
-2.6862922	-2.3150783
1.3001812	-3.368139
-0.39524242	-0.8799848
4.320045	-4.47779
7.9910526	1.3741186
-2.0228686	-1.0921537
4.460312	1.7727519
4.552114	-4.619555
4.7468553	-4.1774793
8.132633	1.2160398
4.4641423	-6.848758
7.922848	4.2625604
3.6933415	3.089347
1.7513468	-3.4375167
4.773861	-4.877568
-1.1503301	-1.2314053
-1.1323715	-2.6810663
8.120326	1.2700781
2.4066117	-3.5766628
0.20559314	1.4144832
-3.7840157	-1.6213107
2.3300958	5.9198804
4.2389483	-4.2609286
4.559787	1.9034687
-3.8514757	0.9264603
4.3799515	-4.201001
0.38490334	-2.307658
5.893952	2.117018
4.328064	-4.178887
4.8182964	-4.7224817
4.6717477	2.1084032
-1.9271742	-2.5382328
-3.5618732	-2.339803
-0.31939968	-1.4399017
-3.8891091	-1.7601253
-1.1243362	-1.0397291
0.9856008	-3.2712526
4.845939	-4.707343
7.698911	1.8555377
-4.1564336	-2.3010561
-3.7653155	-1.570224
-3.0217738	-1.720757
3.6613822	1.6279606
3.6308837	-6.695612
3.6350193	1.6287289
-2.9737098	-2.0257132
3.831561	1.3674566
6.581242	1.6918583
2.7349572	-3.7071316
5.23999	1.7997494
-1.0805663	-2.1386936
-0.35259995	-1.6941932
8.526931	1.6114793
8.97997	0.5503521
-1.8679898	-1.532889
4.758516	-4.32251
8.496128	1.7345308
-2.240837	-1.652022
4.1763334	-4.3291926
-1.5335388	-0.9142137
0.53999174	-2.7974772
3.9768724	1.5820273
-5.3345304	-1.9628844
5.2673583	-4.8183746
5.5514045	1.8712751
-1.5664432	-1.5813712
5.838185	2.0462022
3.8139427	-6.5106273
-2.1750596	-1.3783319
4.7731733	1.9580747
3.8447244	-6.1383824
4.6475954	-4.7858224
-1.4299634	-1.6411177
-0.10285162	-2.4528394
8.793418	3.3374376
2.803278	-3.310511
4.716239	-6.986586
4.8254285	-4.2873588
-4.372918	0.07262308
-2.2640433	-2.05031
5.081159	1.7685077
-3.192901	-2.4657059
-5.6605763	-0.7023063
1.5298071	-2.6692748
1.2061931	4.960881
1.5313287	-2.5349143
-0.7211103	-1.9398752
3.4008758	-6.483748
3.3309338	-5.918442
5.090548	5.605774
4.7144246	-6.9856253
-3.437471	-1.6391131
4.5057907	-4.1287193
1.3977991	-3.3462286
-4.004529	-2.78259
-3.11837	-1.6388366
9.247199	2.6995735
-0.2662555	-2.924455
5.0142097	2.6543796
-1.6030917	-2.8021939
4.260752	2.0917325
3.3245037	-6.144005
-1.1765096	-2.1742542
3.9304233	-6.5473948
-5.0794916	-2.3809924
3.9035149	-4.2075734
4.484119	-4.142747
2.4371903	-3.116287
9.154958	2.867516
-5.2062516	0.21441327
2.883689	-3.574044
1.2956984	-3.3889644
6.8347306	5.033433
-1.0275624	-0.9288552
-1.0385202	-1.9457127
2.673842	-5.408926
-4.6956134	-0.6329581
4.1076565	1.82666
4.3196015	-6.8941245
1.7133076	-3.3535547
3.028633	-5.875391
3.7447789	1.4979314
4.5563154	-6.571495
3.0148458	-3.658689
-1.867038	-1.024213
8.602779	3.517864
-1.4193561	-1.4464933
3.6021488	1.4516543
-0.30646464	-2.508117
-1.7610451	-1.5725291
-2.528891	-1.0317862
8.925171	0.9270219
6.163553	1.8472143
-4.278294	-1.3567183
-0.9348763	-2.8310897
4.7334247	-4.7151804
8.415204	3.5286467
2.5580583	-3.4879777
6.609437	1.6011317
-1.108806	-1.2269112
-3.3092935	-2.4324164
-4.5550947	-0.12488945
-0.4541492	-0.49914917
-1.4982188	-1.8244848
8.360441	3.4467063
4.3866005	1.7968345
8.538042	1.7667671
0.34236577	-1.6160777
-0.5160084	-1.9784352
-0.7768781	-0.9069475
4.7086062	-6.9712176
0.0695773	-3.1237442
-5.0684857	-1.8074393
0.1519617	4.283777
8.519341	3.7250185
3.8601816	1.3326945
3.5050397	-6.5079894
2.8915915	-3.3867884
5.0914598	-4.598963
-7.2677293	-0.67339045
-1.8904696	-1.4880215
3.3644772	-5.53288
-3.7417881	-0.5177503
0.31831095	-2.9593604
6.6786356	1.6470939
8.4728	1.6395942
-0.13537699	-2.9954865
-3.1908994	-0.9734884
2.70713	3.9085386
2.9018373	-4.249483
-1.6585679	-1.0726817
4.7102838	5.6841707
-5.01475	-2.1442084
3.683312	-5.901779
3.6059008	-6.6084137
-3.2743545	-1.0825784
-1.654161	-1.4790765
-0.5165604	-1.9715405
4.4737816	-6.7905536
-1.151056	-1.9532276
3.6935897	1.6764356
-5.036842	-0.6981933
-1.057882	-1.2214046
3.7575881	1.3767983
-4.8791556	-0.43612197
4.2692437	-4.3621726
-0.51669925	-2.0334
3.4949996	-6.5321536
-1.6131579	-2.4183354
9.486794	1.4807807
-2.3516588	-0.86194825
-6.408789	-0.19127107
3.9760165	-6.943656
2.6742294	-5.4456854
-1.6568362	-1.5531219
-4.8322916	-0.6544078
0.13156435	-2.5331206
3.477606	-4.672988
0.34315073	-1.4294361
0.18694833	0.82567304
3.6751647	-6.2366767
-1.7062294	-2.0036395
1.4955673	-3.4418948
1.0029045	-3.304438
8.205732	1.4801904
-2.8026671	-2.853832
3.462268	-5.0889406
1.8645542	-3.2071116
-4.127064	-2.814949
-3.3109148	-2.6779294
8.413776	4.4795876
5.073152	5.533156
-1.0959764	-1.7345734
1.3854003	-2.9160671
-3.599719	-2.0877986
-1.2747643	-1.8830404
-1.9674624	0.0838633
-2.073205	0.32078657
4.79133	-4.7494144
5.1623797	2.6740947
7.8339605	4.8414884
2.4944162	-3.1817212
-2.1797	-0.53211397
-6.413301	-0.46426252
4.495243	-4.457183
-1.9056966	-1.1697437
3.4113135	2.8756714
4.027171	-4.2188416
4.0632386	-6.360906
2.8968468	-5.8127904
-1.8623197	-1.7321674
-2.9377558	-1.4924731
0.9984571	3.1377184
0.5841836	4.4226613
8.825005	3.370947
-0.576162	-1.9369209
3.7174802	-6.2174573
7.9136324	4.4424005
-2.3894668	-2.0447855
-3.4932506	-0.8442787
-4.3196807	-0.52462584
0.7907488	-2.82869
4.4132786	-4.189238
-1.1532745	-1.1188498
8.546696	2.282027
8.002704	4.477643
2.4175692	-3.516521
4.474866	-6.4952188
-1.7278476	-1.6772774
1.6512195	-3.7007253
3.9618037	2.5675118
4.973935	-4.3758698
0.37863103	-2.968692
2.703467	-3.8495424
4.0452666	-2.6424704
-5.1257834	-1.2402569
-0.86002004	-1.2835687
-2.9271574	-0.7610618
3.959238	-6.3782725
4.995746	-4.5553145
8.139636	4.5221353
4.1773276	-6.06337
2.8221035	-5.858906
-1.328605	3.6935518
4.4855037	-6.5985603
-1.9692185	-2.584247
9.599166	0.75733125
0.52385503	-2.9921753
1.5675946	-3.3348367
-2.3799212	-2.0447273
1.2972306	-3.4040887
3.3943794	-6.498676
-3.5653727	-1.7446535
-2.8998356	-2.0189557
8.743862	4.0008984
0.46664152	-2.6923163
-3.1245766	-0.73043597
8.012549	4.556908
1.7157737	-3.5648172
-4.0665164	-1.8142974
1.1335129	-2.7061446
1.4814401	3.1548073
-2.003753	-2.5050251
9.200508	1.4733971
-0.33239582	-2.223784
0.80384314	4.7934403
-1.5184528	-1.833604
4.2687287	2.9108534
-3.388402	-1.119198
3.177682	-3.9878561
0.26935273	-2.1017342
3.5086775	-3.6995037
3.9832273	-6.477709
5.9317617	1.8902056
-2.9684443	-3.085222
4.6232915	-4.2398863
2.368875	-3.5679846
0.46762756	4.494713
0.54584277	-2.8099885
2.4003623	-2.8834326
3.990435	-6.0231953
4.1848407	-4.1434045
8.858293	3.3239775
-0.49378842	-1.4698535
3.313694	-5.4816113
-0.8584304	-1.8610722
1.0716693	3.3083515
4.550951	2.7360275
-2.5733297	-2.2429452
4.578127	-6.7035184
-1.0379447	-1.1013345
8.896856	3.6670656
-0.83027875	-2.8356082
-1.1600567	-1.3455901
-3.8960233	-0.80469126
4.972392	-4.3630557
1.8472729	6.418955
3.6831245	-6.464525
0.30341995	0.9876864
9.64606	0.6813348
-0.59331	-1.9977591
-4.2488294	-2.4614909
3.700989	1.5622027
-2.217306	-0.15987788
0.17377035	-2.0985081
-1.1246362	-0.7580703
8.366044	1.6772614
-3.780811	-1.6620455
4.661904	-4.420184
-4.640301	-0.6443739
-4.2883744	-2.3453016
0.7074802	-3.0877836
2.875774	-5.041467
-4.586395	2.2099764
-1.5051835	-0.9625965
8.085197	4.3828087
4.134394	-6.784037
4.2298737	1.5197642
1.01117	-2.8103955
3.4586189	-6.4996004
4.9750743	-4.389305
1.6359183	3.3898249
-1.3807055	-1.747446
2.4748049	-3.8165956
-1.292965	-2.2210538
-4.3844085	-2.1215522
3.9011867	-6.4955926
3.6157858	-6.546147
-2.3351543	-1.0315562
-1.8567249	-2.1899152
1.5937351	-3.4162722
5.179136	2.1379652
3.2127185	-4.9128
5.0622225	5.408257
9.088808	1.9326037
8.326686	0.79937094
8.315422	3.2664416
-1.173737	-1.061205
9.221965	3.2702184
8.37336	0.7766916
4.1797357	-6.375751
-0.4050613	-2.1943293
-3.7718782	-2.1946793
2.8160195	-3.560879
6.573141	1.6029718
-4.9683604	-1.7378644
2.574203	-3.8063293
7.5395126	1.8293858
8.795167	3.5945108
-1.5362492	2.633084
-3.1650853	-2.2245471
-2.0960486	-1.0466719
-2.9947426	-2.0118234
-4.5894566	-0.17857221
-3.5779498	-1.6895181
8.369474	3.494058
0.42816052	-2.912674
-1.0756766	-2.2262084
0.71561295	-3.0204515
-1.342278	-1.7577448
4.6603003	1.9787453
8.126098	0.8917396
-2.3222067	-2.0351508
4.9199653	-4.3373227
0.2064594	-1.8063002
8.194421	3.59737
4.6123548	-4.212899
-1.6042559	-1.6755497
0.3003699	-2.5005975
1.8542312	-2.6703734
2.100867	-3.5927582
-1.7788405	-2.4235961
3.9956684	1.4848261
7.0249863	4.953922
4.092729	1.4937919
4.0818644	-4.4376965
-1.0748993	-1.5707529
-7.2675	-0.59178495
-0.75099236	-2.2324421
0.032927684	-2.0047596
3.7026439	1.1715499
8.478165	1.6717799
-1.0244846	-1.0285314
5.116982	-5.1147213
4.058986	-4.609932
6.6679997	1.5875664
-1.4368098	-0.2292035
7.979129	4.0814056
7.737768	1.3436576
2.8757074	-3.599486
4.179727	-6.471194
2.5378253	-3.2827127
1.2955014	-3.4290497
9.068055	1.7548906
-1.9839207	-0.8817116
-0.8364896	-1.415626
5.001629	5.492852
0.2401246	0.99911016
2.9006093	-5.999042
2.597962	-3.189421
8.352012	1.6999431
5.0834703	-4.849013
-2.494122	-1.384993
4.151738	1.4753405
-3.703394	-2.304813
-2.7897446	-1.6964476
1.0246309	3.161376
8.661689	4.45692
3.330189	-5.82067
-0.8345892	-0.27205202
2.3088906	-3.1753728
-0.2400483	-2.5281172
4.7113853	1.7839202
3.6314685	-4.13902
-2.7428195	-2.7347717
7.036527	4.9618645
2.7683377	-3.166849
3.7871823	-2.5213044
-3.9142966	-2.1501544
2.330125	-4.1744986
4.3640957	-6.9163246
-1.8768073	-2.030316
8.781483	3.5592144
7.6943865	1.6994996
9.59434	1.3647205
3.966019	-5.6453633
-1.1233164	-0.8661741
1.1254629	-2.9189053
8.338165	3.810622
-7.2529435	-0.6613146
-2.7865882	2.8554337
2.461956	-3.2847085
4.7164483	-4.2787743
8.349539	3.3420668
0.08430923	-2.6100729
-1.0399737	-1.982001
10.011147	2.000111
-5.173791	0.24871129
-4.1064496	-1.1298354
-0.9708329	-2.5248954
3.7718468	1.2659384
8.029054	1.1200193
5.9426126	2.0095134
2.8829281	-5.8068132
4.1579146	-6.619792
4.2426224	-4.1940107
4.3137703	2.456006
3.7968187	1.2879493
3.9528856	-6.936917
9.214322	3.0931652
3.9889975	-6.586748
-1.5664064	-0.26755276
4.334155	-5.785978
1.206524	-3.3113542
3.6091297	-4.8344293
7.900766	1.3496313
8.487905	1.7099923
-5.673236	-1.7985009
6.5642843	1.6348649
-0.14775191	-1.9755118
6.0866895	5.3324337
6.4193606	1.7881263
8.276682	1.5709339
-4.64518	-1.4137207
7.9180937	1.3413537
-4.0897813	-2.744099
-0.9611585	-0.8224288
5.426121	-4.4848695
-2.7527227	-1.4585383
-0.61269736	-2.0290089
4.2016926	1.6007512
3.8750749	-6.895789
9.892323	4.246606
8.447262	4.8634176
-1.505905	-1.9652157
3.5078971	-5.453398
-4.0436263	-1.9028352
3.8295724	-6.493091
3.2855153	-6.172574
-2.9395254	2.8921611
-3.3131495	-1.9828826
5.00046	-4.1791706
3.8891597	1.4547309
9.547268	3.4128551
4.1409807	-4.5321646
4.0677156	-6.245
5.0599203	5.5223174
8.406462	0.9767738
-1.9734752	-2.2664974
-5.3973465	0.41400498
1.2721978	-3.2293327
-3.433597	-1.9434676
4.0180345	-6.687153
3.3101215	-6.3367844
-3.3877168	2.5247066
-2.0149252	-1.7405208
-2.4144816	-1.7727599
4.708475	-4.1504874
3.3970592	-5.408935
-0.5295058	-1.7385788
0.17289273	1.2693808
9.501412	3.3881013
4.138393	-6.9807076
-1.7671697	-2.5186858
-1.0001638	-0.6003181
4.111087	-4.490748
4.4023643	-4.216342
1.4489089	-2.9583678
-0.38484302	-2.12995
0.24619627	-2.8515644
0.1690014	-2.8748636
0.65852237	4.386646
4.6913776	-4.706523
-1.1151146	-2.602903
3.8951666	-4.4071198
-0.43805727	-2.4549026
4.5217357	-4.417063
4.1238837	1.422439
0.45574862	-2.7014027
1.7734342	-3.5393462
3.9295788	-6.673389
1.903177	-3.3688276
3.7796957	-6.1993923
-2.9099934	-0.8160015
4.2995186	-4.2344303
8.39495	2.0897515
-1.8453269	-1.9476035
4.0746875	-6.5105033
-3.629739	-2.2113726
-3.1334395	-1.1182336
-1.7954804	-1.9933629
3.3624613	-4.859458
0.980513	-3.0945802
-0.9274188	-2.1559167
4.62027	-6.7699575
4.308486	-6.798746
4.436186	-4.633625
-3.315161	-0.6231686
-2.2589648	0.32699645
0.13189225	-2.144402
2.3517683	-3.4731255
7.391929	4.8733344
-1.6409953	-1.5974262
5.0789094	-4.2805653
3.264401	-6.565863
-3.3488	-2.2842336
9.783466	3.4173455
-1.9810084	-1.8060459
9.488859	0.73552173
3.787562	1.2645142
-2.734996	-2.414409
8.417996	1.9312733
7.0546727	1.6683071
3.8023458	1.5053117
2.978048	2.0835328
2.905349	-6.0804806
4.1981754	1.6064005
-1.4985747	-2.3191237
4.8089623	-4.112853
8.522408	2.2821248
4.723175	-6.9939685
0.5017151	-1.9342018
3.5917008	1.5736539
-6.2372904	-2.551328
6.9893484	1.7084421
-4.365823	-2.2566857
-4.3137946	-1.7244364
4.5813017	1.9858052
-7.025649	-0.4535533
1.2893487	-3.3186707
-1.7928495	-2.3236687
-2.7501671	-2.8501356
3.7364423	-6.6480284
3.7217107	1.1447902
8.940665	0.848815
5.2940197	1.9120687
1.1600803	-2.762593
4.118754	1.7092539
4.3399534	-4.35109
-6.302649	-2.5226038
4.290818	-4.1441355
-0.50187445	-1.722196
-4.7663794	2.2378945
3.4587944	-4.8627424
2.9267933	-5.640862
-1.0263593	-1.6889013
1.365094	-3.4824305
3.564448	-6.6462913
4.6239324	-4.1249766
8.557003	1.6627315
-1.542107	-2.6713374
1.8839667	-3.1678953
4.8148007	-4.188505
-5.012557	-1.616696
-1.8257688	-2.023136
8.069186	1.3236688
-3.1036847	-1.747795
-3.6010242	-1.8083413
-0.8286522	-1.7337632
2.5963945	-3.5642269
4.6534996	-4.8012733
5.0465198	5.595452
-0.9521252	-2.558643
4.8410907	-4.7159243
-0.6579286	-2.9365988
2.5559835	-3.4990845
2.6480904	-5.501416
5.3535237	5.1937613
8.352427	1.2211617
9.152068	3.464134
7.690228	4.810261
-1.069409	-2.529145
4.9458275	-4.1089582
8.665352	3.8353198
-5.363589	0.7004514
0.095412925	-2.73303
-7.266944	-0.59010124
3.3608246	-5.642768
1.2002614	-3.116144
8.441888	4.3224697
6.5961256	5.1059484
4.3996034	1.7945993
9.360444	0.9752028
7.9119897	1.8578603
1.5790545	-1.8753945
-5.394174	-0.86014646
2.8357422	1.6770824
1.7537478	-3.098223
-1.7902116	-2.2628052
1.3485404	3.267238
-1.3500818	-1.8507094
3.435004	-5.840433
8.885148	3.268162
4.37451	-6.9230742
0.8299542	-2.7200685
-0.84159726	-0.8195943
-0.73776644	-1.8881644
4.026309	-4.734377
-2.0310063	-2.7842865
-3.5459366	-2.4396548
4.2257833	-4.656222
8.130549	1.7197133
2.787819	-5.786467
2.190142	-2.654978
3.6824715	1.223152
0.86065096	-2.4894056
1.0382774	3.1411858
5.199928	-4.82578
1.9712763	-2.8394694
1.4937358	4.6901464
-2.724685	-0.8797529
-3.94751	-2.81812
5.0626764	-4.843325
-1.2720679	-2.3918862
2.91403	-3.7783647
1.7528288	-3.5188823
9.333115	3.1119637
-2.2414503	-2.4631698
4.8626685	1.9633448
4.0874853	-6.4710035
2.8985908	-3.2144692
0.52088	1.5232828
-1.9433919	-1.0446488
8.212168	4.526847
-0.40537366	-0.9707869
-3.261115	-1.9513434
3.6013987	1.4921305
4.664136	-4.1766796
4.688027	-4.1802654
3.240112	-6.3843145
-2.5309591	-0.86482745
3.7508504	-2.4645073
-1.6589246	-1.6471229
3.0853858	-6.207229
-7.105067	-0.41140723
2.9147909	1.5130724
0.79187095	-2.8274546
-1.9676567	-1.7731335
-0.74096274	-2.1947336
8.445337	1.6057734
3.1861515	-4.6132483
-2.3009305	-2.0627885
-1.6050081	-2.2033606
4.8176517	-4.305901
-1.2768801	-2.7343721
3.74891	-6.1153955
7.624047	1.3756111
4.617682	-4.324459
3.819995	1.3085334
-6.644225	-0.9819933
0.7262176	-3.1388156
-3.068102	-1.2228425
-2.2499645	-2.1259863
2.9922276	-5.7899075
3.4865937	-5.317708
-2.9743605	-2.0180192
4.783142	2.2458436
0.86584234	-3.280174
4.8551145	-4.9361
7.029246	4.968276
3.5352287	1.548346
0.35733512	-1.77296
-4.4796085	-1.2299591
4.2360864	-6.5539227
9.467226	3.6761456
-4.4737954	-1.290256
-0.012912993	-2.5845783
9.169648	1.9354432
4.034833	-2.6761086
-4.8161983	0.025989803
3.8817902	1.4917157
-1.873231	-0.8709325
4.1451674	-6.860931
4.735312	1.7337291
3.5532331	-6.627822
6.992659	4.983231
-1.7710996	-2.7707887
-1.4042535	-1.9227909
-1.8331032	-2.1113586
-3.7124102	0.03225638
4.602417	-4.5949006
-3.3629098	-1.0150586
8.255143	0.87045735
-1.9105734	-1.4430678
8.520443	3.733411
4.598476	-4.7378607
4.101236	-4.593551
-1.2824043	-2.1706548
7.894522	1.3725895
2.9904788	1.8111951
3.8567328	-6.193023
-5.8061786	-0.9253103
5.0459023	5.4373603
-1.5499408	-0.27411082
-1.0262027	-2.3381512
-1.5867186	-1.7027485
0.19876249	-2.7752662
-1.3781149	-2.2443452
3.9868839	-6.6715364
3.332191	-6.3275113
-3.0703077	-1.9651847
4.2653265	-6.3774023
-3.7841718	-2.0958254
-5.433142	-0.04853957
8.970917	3.7020721
-2.1472824	2.2796245
-1.0768309	-1.1525729
1.0248293	-3.2633228
1.3702313	-3.1604307
8.593723	3.8549266
-2.1078973	-2.2242467
-1.8284513	-1.553498
5.3435893	-4.6555443
-2.6358247	-0.88294995
4.0114627	1.627981
0.8643827	1.8380728
4.7984896	-4.1882496
0.3128311	-2.9312851
0.08207579	-3.108652
-2.521554	-0.35257983
8.855723	0.68522805
8.17924	1.8083178
3.8877711	-6.339309
4.1551538	-4.449129
-1.8525542	-2.709094
5.0500035	-4.1836004
3.67108	-4.9839396
-0.72854936	-1.0467287
-3.360772	1.2276807
3.2737179	-5.44666
-2.1475244	-2.138662
2.2247155	-3.2289233
4.112836	-2.7223644
3.7394862	1.261231
-4.110705	2.4649582
-0.4946525	-1.9127524
2.2031438	-3.0660872
1.4688005	-3.550655
-2.0339828	0.33954114
-2.3426683	-0.49503216
-3.6454437	-0.5404524
0.49965522	-2.6626606
1.6862168	-3.4107933
-7.0055127	-0.45459458
-4.8266616	-0.648061
-4.6245713	-2.3301656
2.3452308	2.6620102
8.508716	1.461244
6.6042347	1.641827
-2.7330651	-1.5180048
-1.5411217	-1.9262292
3.6154625	-5.8641553
7.2465134	4.923458
3.4883351	-5.52949
2.0336561	-3.1155071
7.367631	1.8505826
9.593157	0.7869754
1.7152069	-3.072296
4.706248	-6.967418
4.1787157	-6.6453257
-1.3913889	-2.3358662
3.2615597	-4.7859187
4.7834377	-4.2388973
3.3207655	-6.1746917
-1.9084104	-0.8904594
9.323408	3.7494748
2.7203076	-3.517833
3.6725874	1.201331
-4.336312	-2.8413577
5.151314	-4.8618937
-2.7413886	-2.801829
4.1129594	-6.2420425
4.6698833	-4.2717667
0.19290698	1.2387682
-0.8934191	-0.6304215
-4.055647	2.6178336
5.1813684	-4.819964
4.0717773	-6.413343
4.146317	-6.606367
3.7466838	1.5985557
-0.74533325	-1.1923728
-1.931274	-1.030398
3.1399868	-6.013272
-2.0367928	-0.074157014
0.51561713	-2.9930937
4.7498827	-4.780737
4.1202106	-2.7406318
4.755007	-4.424507
1.9208217	-3.5822432
1.5093887	-2.5265994
5.3045783	5.517963
-6.1774855	-2.0033858
8.706429	3.8144746
5.0228996	5.500612
8.826096	4.3546276
4.1941266	1.5667791
3.8052046	1.5161905
-5.057893	1.7382184
5.2062016	-4.479746
5.083595	5.334856
3.3119636	-6.248669
4.4913206	-4.665376
3.615394	1.6024742
8.345136	2.9020505
-1.7398331	-1.9527371
3.5912855	-5.850126
0.9990583	-3.0653677
3.766391	-6.2653675
-3.1517594	-0.29870278
-1.3443143	-1.1902314
-2.0562718	-2.6661057
4.8534155	-4.135604
4.5015793	-4.590543
-2.9892726	-0.846298
4.5968966	-6.775527
8.650207	2.136826
8.339034	3.5001986
-3.2486663	-1.304844
4.6189623	-4.2223296
-3.3080382	-1.0929655
-0.60333246	-2.1989021
-1.6449288	0.52496094
4.5385795	-6.556226
2.4790118	-3.2639105
3.5512898	-6.598813
-3.8117933	-2.639245
-4.194824	-2.2062612
4.1504087	-4.439807
-5.1386704	0.557334
-1.7466482	-2.2008893
0.8757329	-2.2657576
-2.14388	-0.86770725
3.3073838	-6.427044
3.684266	1.6175482
5.0747914	1.8373035
4.2568197	-4.163639
-1.7849013	3.6108394
-1.0986998	-0.57570076
-1.0393229	-2.110725
3.611823	-5.8385525
-1.0120927	-1.7959347
-3.4832423	-1.5671899
4.5008893	1.8134106
1.276937	4.8875065
4.667591	-6.975646
1.4867394	3.1418324
-0.65432084	-2.5429199
-1.1073073	-1.7713386
4.596636	-4.3371396
5.4722533	5.2165437
-1.3942833	-1.8769627
4.9897513	5.584309
-2.0397751	-2.2181158
6.394771	1.7800812
-3.4014752	1.2202828
-5.137598	0.39657858
4.866738	-4.7477374
8.344537	3.4890244
3.5928872	-5.9470606
6.785027	1.514889
-1.5517303	-2.589309
4.2034206	-4.104917
0.4567307	6.101241
8.806634	4.345325
4.2965236	-4.201943
-0.0741803	-2.545722
0.16281146	1.4129555
3.6110404	-6.090241
-2.9260626	-1.0882142
-2.4762683	-2.593488
4.5117216	-4.32038
9.149543	2.8441017
-3.5781035	-0.36649457
3.7024782	1.506591
-3.7982264	-2.4292147
-1.841027	-2.033195
-3.089174	-0.6220784
-0.92900395	-2.8559182
-4.3671427	-2.8488114
-1.7713997	-2.045823
4.6407657	-4.2429466
-4.980493	0.26281452
-4.4430137	-0.12863438
0.6034343	4.197977
-0.94464386	-0.5841322
4.7569246	-4.715134
4.5384617	1.7972424
8.482292	1.6728015
3.9585824	-6.908201
5.2518663	1.78288
5.829535	1.8130549
4.38161	-6.5406804
-2.0939558	-2.7573154
4.2028313	-6.9286795
0.21179166	1.2449666
-1.9737253	-1.4947886
-4.7436504	-1.5080036
-0.93665415	-2.069916
9.181772	3.5556886
-2.7029057	-2.0448105
1.7716053	3.3408368
8.422278	1.6654339
-4.3768764	-2.4482548
-0.5868319	-1.7349786
-1.8836231	-1.0523235
4.657444	-4.1693826
3.0219789	1.2960129
5.0031323	1.8208225
2.6863728	-3.3428223
3.537031	-5.939079
-2.2818856	-1.4464167
-2.5247805	-2.5628052
1.2282826	-3.3450844
-2.2417443	-0.07796135
4.4275327	5.3423533
-0.88671505	-1.3908283
-0.41425195	-2.5500426
3.984885	-6.6571593
3.0791419	-5.6962543
0.4391657	-2.9259012
-2.126955	0.23606238
-3.9591105	-2.7571094
3.9026902	-2.5674884
0.5292546	-2.7551305
0.050628617	-2.6654494
7.721529	4.76754
0.48967853	-2.885474
8.764203	3.3021696
4.396148	-6.4365315
-2.208559	-0.2357437
2.7915866	-3.3642426
-2.3067477	-2.280472
3.9807403	-6.566629
-1.0510806	-2.8049536
-3.9491796	-2.2137234
4.6210427	5.1755753
2.1524384	-4.028735
-3.6283216	-1.3460687
-1.9539541	-2.288212
-4.3302937	-2.4058483
3.3818054	-5.6155887
-4.3955545	-1.6457262
-1.5837188	-2.7178144
-2.9375453	-1.0441412
8.358767	1.5489607
-4.624817	2.180326
4.6115813	-4.2484827
4.1247587	-6.354362
4.144596	1.4701835
1.8392847	-3.3830059
3.6624422	-5.8644533
3.7026908	-6.5909014
3.9507804	-4.1148334
-0.936596	-1.6544615
3.7119527	-6.021397
-0.26760897	-1.2967025
3.9429266	-4.1533055
3.80474	-5.8015404
8.592276	2.2853158
-3.3183012	-0.72948974
2.5726957	-3.1281214
-4.3016515	-1.4467049
0.08231256	-2.3740482
5.1144915	5.3305907
-4.1255107	-1.8453033
1.3969351	3.3354876
8.43552	2.1173508
1.775593	5.9515123
2.723514	2.079584
2.7962291	-5.8718476
-2.2220597	-2.066566
-1.0212153	3.566698
6.7290263	1.5677508
4.497169	1.8641282
4.919285	1.8774955
4.747177	-4.368118
-3.0334175	-0.67050165
8.23233	1.1329862
1.5562656	-2.6035597
-0.30252734	-2.446799
1.7251339	1.8427536
-1.9327627	-1.5442698
3.328827	-6.3434467
4.2048078	-4.1986866
2.9168274	-5.766644
7.374038	4.8990173
3.658731	1.559763
4.5130773	-6.515031
2.856716	-5.7619224
0.25110978	4.283733
1.692987	-3.4085898
4.0795684	-6.5288644
-4.8651123	-0.3403213
-1.45933	-1.483409
-2.0331047	-1.5780574
2.9956522	-4.26887
-2.7019587	-2.6871998
4.9646454	2.9633746
3.7007236	1.6166768
4.8814745	5.1484585
4.6882396	-4.1837826
1.1535844	1.5777651
4.322476	-4.40586
9.196991	2.713618
-4.9680176	-1.531182
-0.99012756	-1.6750168
3.7455454	1.3984737
4.016314	-6.500951
-1.7712919	-1.4094129
3.7133353	1.6941969
4.2267604	3.5218687
-0.71008784	-2.186225
8.285576	4.438204
-0.8608343	-0.6621474
-2.1293323	-2.643232
4.811862	5.178357
2.4427752	-3.2703114
-2.3249993	-1.5459671
5.944569	1.8704613
8.563551	3.4606836
4.0524087	-6.436157
1.7345629	1.8133324
8.708227	3.353846
1.8744258	-3.3920355
-0.8038919	-1.7013736
9.327552	3.4377942
-1.5146339	-0.34337965
4.4340405	-4.368761
5.9027023	2.0073485
1.5613194	-2.6434364
4.9892564	-4.6183314
7.7552476	1.8248378
-1.8096399	-2.1514454
8.418479	1.7098919
2.30664	-4.1100497
4.394979	5.1106925
3.0561173	-1.174778
4.1608195	-6.72117
-2.7717512	-1.5384218
3.783121	1.2400426
-2.511459	-2.2424746
3.1079347	-4.6292424
-3.483142	-2.3928242
1.6852274	-3.1131535
-2.2014499	-1.9672573
-2.7558193	-1.7359759
1.1057012	-3.3539681
-1.671771	-1.6947005
0.9951482	-3.2944765
-1.2413776	-1.0433917
9.161152	1.9177208
-2.0191107	-2.1866603
4.052834	-4.301946
4.0226793	2.134962
-2.2241457	-0.039126582
0.7883754	-2.3805733
-1.3905088	-1.1266354
2.6335495	-1.1312602
5.8744354	1.9129226
-1.9706043	-2.8135722
3.8137991	1.290457
2.3289359	-4.2312284
1.1808668	-2.0911517
-3.7873042	-2.5476692
1.1551704	4.583576
3.1976895	-6.1412396
3.701628	1.5609738
3.6771982	1.6462315
4.8996544	-4.3149467
-4.523138	-1.2459954
3.6460009	-5.9920764
-2.1627421	-2.7673953
-1.2457305	-1.7398843
4.2280426	-6.2424154
-4.5788846	-0.5964135
1.4503938	-2.911425
3.4162314	-6.2619457
2.5363293	-3.204122
5.034094	3.0350494
-2.5675354	-1.8408912
-1.9289875	-2.797012
-3.2169473	-0.7994428
6.547863	1.6979023
-0.9577763	-1.3870181
-1.0518922	-1.9939464
4.446955	1.630749
-3.2279613	-1.5580047
3.333827	-5.1198163
-0.37133947	3.1048484
3.6969588	-5.773372
-2.3113177	-1.0455376
4.1508126	-6.466495
8.197972	4.954862
-0.82837856	-1.7765058
2.6495247	-2.6891856
8.327885	1.5370119
0.15911944	1.2811973
-1.3517429	-0.3245244
4.026177	-6.8809958
1.5642792	-2.5156229
8.195847	1.6120359
8.083657	4.1414123
-1.8721062	-1.6059963
8.570511	2.2144978
5.30646	-4.71064
2.7375607	-3.3491337
1.1468141	-2.9211047
5.2465982	2.1314476
-4.192117	-0.962739
1.7492104	-3.577167
4.4071226	5.0578637
3.781624	1.443222
3.7628143	-6.55662
2.1134841	-3.0853157
6.325645	1.8825499
-2.7983727	-2.1224864
-3.668311	-0.53106153
6.3733172	5.2966833
-1.0197797	-0.59754753
4.2907248	-6.426387
1.5040233	-2.432614
3.426758	-5.5970244
7.9780817	1.3477513
1.600818	-2.5748873
3.2147748	-4.410234
-2.2446635	-0.24791785
-0.6934017	-1.4921381
3.7057233	1.4719328
-1.8018689	-1.0566262
-0.77278453	-1.8568972
0.9191722	-2.809051
4.4152465	1.6113075
0.97173744	-2.945623
3.7336771	1.4024478
-2.4633596	-1.2455109
9.1707325	2.8329604
-3.095004	0.38455385
4.65356	-4.7946553
-0.43721518	-2.1054366
3.8045878	-6.2985916
-2.6182425	-2.7819536
4.217125	-4.485436
3.9893029	1.3732423
3.5734062	-4.547089
0.91723275	-2.3278573
-1.6914456	-1.7001544
7.277844	4.9266615
4.2952166	-4.789506
1.2994001	-3.3608787
6.4952097	1.6460363
-2.3004687	-1.0782807
9.393817	1.3950735
5.0962043	-4.772736
4.521755	-4.270938
-2.3774574	-1.5709853
-1.670705	-2.0750332
3.9842596	-6.9793777
1.0345199	-3.1005476
3.4443865	-5.682492
-0.8998118	2.000238
4.263617	-4.342948
0.89998156	3.1241262
-1.6847277	-1.8059298
8.937401	1.8229285
-1.3827386	-1.7767963
5.113485	5.3922763
4.693541	-4.1883965
-1.8900697	-2.381048
0.17599921	4.301891
5.8276954	2.1722767
3.6249948	1.507008
8.824043	3.057123
-2.1867645	-2.084063
-4.128124	2.751848
-1.6801107	2.945608
-1.7659001	-1.9389166
2.0067263	3.371904
1.3107938	-3.3428528
-3.25536	-0.7513505
0.9375388	-2.9779186
8.5306225	4.533658
-1.8043281	-1.5281925
1.6893762	-3.5105176
-1.9852831	-1.1762539
-1.5264252	-1.8089055
-2.5747633	-2.2184534
-1.7430806	-1.5150331
-2.6127253	-2.3240387
-2.50436	1.700774
3.2155855	-6.0904374
-0.6988375	-1.834188
4.497855	-4.7033224
-3.9751565	-2.3323832
-4.230169	-2.2866511
-1.5260122	0.07593777
-1.1004875	-0.99558556
-2.8051915	2.9821074
4.473405	2.5890872
0.7349992	-2.0415478
4.679301	1.8870962
0.6589416	-2.3009276
4.4721045	-6.6921124
0.821241	3.1492727
9.36862	3.4995663
8.252547	1.4813964
2.4295864	-3.0786753
-0.93453974	-1.3004153
3.8983722	-6.8361487
8.256481	3.5566466
4.6632943	-6.9892893
3.9709084	5.7499566
-2.2957807	-1.0765224
8.663738	3.5923376
-1.6063551	-1.9218568
9.2409	0.77904165
-2.421889	-1.7449534
3.7067714	-6.200256
7.87306	1.288858
8.341099	1.7260417
4.078263	-6.4244585
-1.3457506	-1.4794717
-3.4422603	-1.0839534
-1.8629198	-2.2832608
8.9582815	1.7462922
3.947794	-6.9530883
5.0608993	5.4896502
0.059703752	1.238658
3.451562	1.8611231
-2.486656	-1.8004539
-4.962743	-1.8944113
4.698731	-4.9035873
-4.882774	-0.7133071
2.9226487	-3.3103697
9.473427	0.5039758
-4.141845	0.21193275
2.799816	-5.383271
-0.97291225	3.6341987
8.090241	0.88738465
2.92002	-5.9502826
1.1538849	-3.2225258
8.051204	1.1109439
8.911729	3.6331453
2.6346798	-5.448916
1.4132631	3.0557225
-0.583339	-2.0618546
3.2145073	2.0811763
-1.270448	-0.5013296
-0.3430515	-2.179511
2.901179	1.366936
-3.008607	-0.5330049
4.0400157	-4.2567306
-4.978681	-2.0230203
8.058523	1.3391211
8.366516	1.7424728
2.0747955	-3.2190566
4.6771536	-4.585588
-5.0047364	1.9475849
-0.898706	-1.6579384
-1.0950443	0.37618813
-4.5370708	-1.38135
4.3961725	-6.6287723
4.060586	1.7856437
3.5267775	-6.421373
-2.619735	1.7629559
4.8955956	-4.154582
8.351726	1.6959594
1.0494075	3.2590263
4.749885	-4.2949266
4.8149014	-4.76093
4.765223	-4.269619
3.3104718	-5.958584
5.9528327	1.9733604
-0.8432743	-0.6612005
-2.1310816	0.31242618
-2.550974	-0.9840313
-1.4154346	-1.8888487
2.95834	1.6744926
4.5271983	-6.633783
-1.5723433	-1.5688413
-1.6958277	-2.4073946
-3.1530743	-2.1088438
-1.9847564	-1.7767721
2.4011807	-2.9256792
5.2240696	-4.846886
-1.2841692	-0.4236632
8.937457	3.7059655
-4.6705866	-1.2797914
3.535859	2.40383
-0.11800004	-2.595156
9.700341	0.97357446
-2.9655986	-2.0629575
-4.7655344	-1.7084006
0.9056895	1.2804464
4.106441	-4.573603
-1.2321001	-1.8784852
3.531613	-6.211038
-3.0898094	-0.8562824
-1.9984294	-1.066627
4.925689	5.667418
2.1224332	-3.08711
-1.3689942	-1.8586538
-1.5653738	-1.6029721
0.489604	-2.188234
4.1512876	-4.449358
4.056101	-4.604848
9.14448	1.7658885
4.8527827	-4.884212
4.2279196	-6.5275764
4.6144333	2.023108
-0.44726923	-1.6796832
-6.504028	-2.2926912
8.616457	4.086423
3.5364048	-4.7483306
3.5091462	-6.6041384
-1.3353462	-2.2330503
9.2497	2.9141161
-3.0441408	-0.7067266
3.9480367	-6.5337048
2.6728091	-5.4313083
-1.8402584	-1.5638722
-4.3977895	-1.4766036
1.6503131	3.296023
4.2630076	-6.6192484
4.666306	-4.2711577
8.154261	4.0737615
4.633888	1.9451903
1.3836175	-3.271428
1.144252	-3.0018525
-2.866935	-1.7005615
-1.8857754	1.0138465
7.702021	4.665721
-2.934573	-1.8711346
-1.5141574	-2.5367792
-1.9100276	-1.7452325
1.6155379	3.276729
0.39806458	1.4927065
0.50675106	4.6319175
4.83074	2.388375
0.18553162	0.9051167
2.3556821	-3.3032625
4.2884274	-4.2504196
2.0540478	3.3099895
9.390976	3.1325932
4.8228884	5.1345415
2.8834786	4.039444
2.8746686	-5.7993493
5.214705	-4.872309
4.705806	-4.6147733
-1.5856224	-0.7432514
7.8212066	1.3840932
2.308152	-0.9949906
6.516965	1.6363832
4.546404	-4.100673
3.2897525	-6.2717867
2.6792624	5.802255
5.2029247	1.8551446
3.3378985	-6.2604446
-1.9764323	-1.6216154
-1.3483359	-1.4953206
-1.0962968	-1.2897458
-1.6905229	-1.1868596
5.1590385	2.6960888
1.0861915	-0.27264896
1.8313172	-3.691326
-0.94189346	3.5142229
-2.6331282	-1.3052272
-4.9897313	-0.4296707
-1.7519448	-1.1234233
-3.0332165	-1.1122326
-1.8595531	-1.721924
-1.8214728	-2.7972975
5.4392037	1.9966822
-5.51718	-0.8599991
2.0228145	5.916242
7.7363133	1.344172
-2.3249764	-2.0658436
-0.48331946	-2.11364
2.7991369	-3.2368977
5.188582	5.455783
-1.6983157	-1.4892153
1.0750173	-2.1315138
-6.1811776	-2.8092153
-1.062693	-2.5601327
2.0341082	-3.170439
-4.371387	2.501816
-5.056833	1.8756762
-1.654911	-2.5718791
4.617674	-4.7665305
2.060128	-3.053878
3.3750405	-5.8339615
4.911609	5.653279
5.034243	-4.1948557
-1.0566119	-2.5251698
6.538783	5.1219015
7.702304	4.8171916
0.884364	-3.24923
3.8810608	1.316814
3.6939995	-6.2476954
4.001899	-6.6788383
-2.5797613	-0.6537848
3.969496	-5.9108224
-1.2812951	-2.4775605
7.0541806	4.9261937
7.9162307	1.8407813
9.0459175	3.7067227
3.7499385	-6.451104
-1.3485401	-1.9142107
-3.995389	-2.6970253
0.06950415	-2.6995945
3.9538865	-6.842369
4.4731107	-2.9135747
3.487973	2.2080734
0.3416508	-2.3974504
-2.0493467	-2.16053
-0.97380906	-2.5795746
4.042306	-4.379343
5.1287494	2.0279653
0.29738373	-2.8498304
-2.649834	-2.7635803
6.09397	1.9368169
-1.7195847	-1.2039585
-3.4447737	1.9371102
2.8800654	-3.5979457
3.7648652	3.0593312
-1.019968	-1.8208413
5.072731	5.354489
4.206605	1.731506
8.406733	3.4727418
-1.720292	-1.7000468
4.7099957	1.8532984
0.94063693	-1.8387445
2.7983854	-5.8530216
8.215221	4.296874
9.444543	3.8865104
-2.178213	-0.10022889
-2.3380628	-0.7189454
4.4781666	2.1685677
-1.613244	-2.667661
-1.540392	-1.9290594
-2.568566	-1.2040222
5.3184595	2.6928794
3.644304	1.4915805
3.812878	-2.574385
2.2440329	-3.1285727
3.8839958	-2.5892172
2.7260835	-3.217777
4.422368	-4.556931
3.407008	-4.8486443
2.1399372	-3.2306685
-2.9291034	0.23605195
-2.8239026	-0.8784967
9.373078	2.0355155
-1.7657582	-2.4012911
9.047703	2.919849
4.4446344	1.8141148
3.2908623	-6.184654
3.5213187	-6.546304
-1.4653424	-1.4589174
1.4965056	-2.9172645
-4.7323437	-0.6339601
-2.2875218	-2.0346444
9.218846	2.666579
-1.1417215	-2.7883244
4.3012595	-4.1517787
2.4486444	-3.2135434
7.133852	1.7723445
8.476108	1.4821472
-1.2505555	-1.5075012
-0.07874972	-2.6345768
-0.870022	-1.8017691
-1.7381024	-1.9150788
9.013207	3.0175052
2.6439686	-5.4712644
3.9469097	-4.156208
3.0419276	-4.0673647
9.203201	2.8560061
-0.2848026	-2.5122035
3.7009654	1.6414216
4.6620126	5.9039054
-1.3237343	-2.5579338
4.347954	5.351221
-2.3512602	-1.0001898
-2.3508651	-2.7624345
0.9617014	-3.3015845
-1.1057462	-1.4611093
-1.0123614	-0.9956646
-2.6991878	2.0952947
4.0090594	-6.7110796
0.44010442	-2.3351502
-1.1792336	-2.0529802
4.934175	-4.362597
0.026697708	-2.234987
7.404484	4.8535423
-7.0093994	-0.4109248
-4.678849	-1.0757977
2.205233	-3.125518
7.7319164	4.501219
-1.1537783	-0.45621395
3.772938	-6.4777756
-3.8431158	-2.703013
-1.7932497	-2.2304618
-0.9066552	-1.3821783
-0.22811893	3.311674
-3.8254533	-2.440435
-1.7144239	-1.7586359
3.648075	-6.6877966
-2.4018075	-1.5644749
-2.1554923	0.36090925
3.9304435	1.5383091
1.2596909	3.39048
3.0802987	-5.880142
-6.954208	-0.757999
8.7192955	3.6202033
8.285592	1.4375231
-0.29030746	-2.993853
-1.2288514	-2.0089653
3.9013412	-4.2588196
5.8322635	1.9289926
4.169373	1.5007254
2.755546	-3.376588
8.542646	2.272669
0.3995755	-2.8651028
3.6469793	-4.5577374
4.6027713	-6.4990215
3.6355906	1.6819508
3.7481544	2.1012516
4.5763087	-6.7246675
7.78816	1.8479664
3.4751844	1.6626396
-0.7920327	-1.4957275
-1.035388	-1.4456013
-3.5276337	-2.196842
2.088868	-3.170024
-0.46284464	-2.0934958
8.813428	1.5983164
-2.6040437	-0.89099735
1.6447077	-3.5639873
0.59045	-3.0997014
2.7516923	-3.5812187
-3.972887	-2.668263
1.0039392	-3.348763
4.618362	-4.676483
-4.6867113	-1.3573081
2.4181976	-1.137645
-2.9105234	-2.2807047
-1.4395621	-1.730834
-1.7957611	-2.2534797
5.03926	2.9917474
-1.3196299	-1.5847703
1.461978	-3.4681218
-0.66721785	-1.9177424
-1.8127229	-1.4029416
4.171227	-6.347308
4.6993213	-4.758304
-1.1198786	-2.6255615
3.141153	-4.564472
3.3221896	5.3668065
-4.2088094	-1.4132719
4.2782655	-4.124186
1.513509	-3.0191345
-4.86287	-0.2986291
-0.046463363	-2.5564256
3.7451534	1.9359838
4.1455603	-4.702393
2.6933587	-5.493405
4.2907257	-4.096866
-4.0612288	-2.7290535
-1.3992242	-2.35083
-2.566858	-0.9545679
-1.7951795	-1.6957667
-1.8433573	-2.7062023
1.7281427	-3.5264153
-0.71705997	-2.919096
-0.87717474	-1.1908239
9.3119	3.7448986
4.030477	-6.540537
-1.6389905	3.9461207
-2.0463006	0.37157363
9.817694	3.434029
-4.036286	-0.6606072
-4.020646	2.6772285
2.9676256	-5.7797346
4.557383	-4.1439996
0.33175957	0.9097049
-4.424187	-2.8324435
8.186694	0.97854704
-2.955062	-2.129857
4.147557	-2.9898317
5.8703146	1.9035305
3.8267407	-2.5174844
-2.0517316	-1.3590068
4.627806	-4.768202
2.9091702	1.8735905
3.673848	1.5851024
4.469298	-6.435989
-1.2152617	-2.8479183
3.5015602	1.7200097
0.5958583	4.2282944
8.775562	1.020361
8.468488	1.7100466
-2.3544824	-1.0171001
-1.6827677	-2.440021
4.4966164	-4.131089
-2.950042	-0.7807371
0.47881535	1.2119373
3.83942	1.2153983
4.7906585	-4.9368587
2.922108	1.6515955
-4.113121	-1.9269975
-1.8127255	-2.818731
-3.9393115	0.98383987
2.9827216	-4.1697187
4.089796	-4.475181
-1.2080709	-1.7332515
8.60352	3.52439
3.3165426	-6.303179
-4.466471	-0.4156605
-0.5372973	-2.6299868
-0.07837608	-2.6405172
0.6763977	-3.0736868
-0.7573065	-1.770049
-4.1981316	-0.54929894
3.9357529	-5.663245
-1.9216923	-0.6822003
4.597253	-4.447976
7.8890634	1.8894335
7.945423	1.8343958
2.5835996	1.8594095
-2.3783896	-1.3957087
5.1700335	-4.7767334
-3.1390252	-0.7192517
8.834687	0.877891
4.415611	-6.3990016
4.9572387	5.610161
2.894735	-5.776393
-3.2066967	-0.2979899
5.6167912	1.9166806
0.7960549	-2.618524
7.9285088	4.023261
-1.2022476	-1.9468098
3.603579	-5.9243574
-4.811575	0.5926617
-1.5615929	-1.981514
3.843146	1.394318
-2.8939884	-2.0765266
3.563203	1.796876
3.434012	-5.1004567
8.2234745	1.5651872
4.3377457	-4.1030893
4.549381	-4.3690767
5.0475	2.8868728
4.5816927	-4.7166214
-1.1663344	-1.7614897
-6.432269	-2.1103227
-3.251477	-1.4277071
-3.0709677	-0.7566038
4.489786	-4.346723
6.65175	5.130836
-1.8884941	-1.8566109
5.2063565	1.7799892
7.7175355	1.9223315
-0.08027347	-2.4100454
-0.77144426	-1.3107134
1.7691835	-3.098287
5.039444	5.620148
-1.2270305	3.741457
-1.2478449	-0.9531471
3.3020945	-3.8728044
0.14128551	-1.7332442
3.6948295	-6.4607143
-0.3555636	-2.133118
-2.9829898	-2.0286865
-0.23605128	-2.00803
-3.0442567	-0.7896727
-2.5226026	-1.1411295
-0.27188477	-1.0801007
-2.3281527	-1.7691604
-2.973505	-2.2953453
-0.46895686	-2.1391335
7.7184267	1.3596395
-2.8600085	-2.1930733
3.9926205	-4.176992
-1.1076298	-1.1422492
4.1467586	-4.152709
-4.8592734	-2.824809
-2.0946124	-1.8002759
-4.692955	-0.27559593
9.218994	2.8407924
8.271552	0.9127209
-4.597368	-0.5861832
2.9165313	-3.3018303
7.9702063	1.4064866
2.4786875	-3.1133637
9.100454	2.9808178
3.0875857	-5.2151155
2.7587502	1.584417
5.221317	-4.789027
-1.2896578	-0.7049988
3.9552336	1.2981267
-0.89515054	-1.293647
-5.206933	0.77450764
-2.3824403	-0.96850353
3.9919763	-6.2803926
4.7659874	-4.7411222
4.534921	1.6898209
-2.7983718	-2.4457688
4.6303205	-4.6230073
-0.8956629	-2.8761811
-3.408136	-0.63757795
-1.2996197	-2.699975
-1.8224916	-2.2188148
3.649685	-4.128258
0.44650766	-2.6663535
1.9779428	-3.4774725
-5.009584	-2.2297568
-1.2154621	-2.110631
0.25544405	1.380641
4.3079863	-4.141767
3.4021878	5.5532184
9.057065	2.9903884
4.2157497	-4.4714656
3.1269896	-4.428848
-5.089742	-2.2278292
7.2308416	1.7954724
4.552497	-4.687286
4.3469143	-6.6127357
8.5016775	2.2019322
9.931912	4.2242785
5.0778866	1.9617691
-3.440136	-1.704477
0.6662896	-2.5797098
3.1743135	-5.536723
-6.453107	-2.1506457
4.845822	2.061817
-3.0147467	-0.7458702
5.226797	5.45999
4.676002	5.8837647
3.3769453	1.61919
-3.500145	-0.13219507
4.370468	5.217163
-2.0824594	0.5751828
4.736366	-6.9881988
5.274464	5.377687
6.0283413	1.9137336
4.1010594	1.704519
4.6016273	-4.3370347
2.9461107	-5.79201
0.67133486	-3.075024
-1.6586909	-1.8993114
1.1646935	-3.289715
0.626896	-2.8291943
-1.4801928	-1.693864
-4.97355	1.9137753
-1.1477066	-1.7306612
-4.377857	-2.8170464
-0.8280183	-2.913212
-3.7599313	-2.3065574
-2.0820045	-1.226622
-3.0195284	-2.311332
4.2744517	-4.4499874
2.951353	-5.8092227
-0.9437663	-1.8597294
3.8270593	1.47927
2.3651435	-3.0859983
3.6692948	1.564064
8.390608	1.3799773
4.5445967	-4.708442
1.3166353	-2.7921944
9.027004	3.6687417
-4.843593	-0.40447137
-3.1893077	-0.6944658
4.8969984	2.5994883
-1.0297478	-1.8965138
-2.2304146	-0.2991186
4.0484705	-6.87631
0.6893785	-3.0333521
1.7556673	-1.7273364
-6.117556	-0.1346818
6.293857	1.7930505
8.568083	1.7952592
9.617801	1.0193062
-1.0029831	-1.9421017
4.3649974	2.7224874
-1.1012586	3.5760658
0.61691433	-2.2637222
1.3545678	-3.4509265
3.7596087	2.0964055
-2.7308426	-1.7745285
4.5578413	-4.3007064
3.9662437	-6.9825993
4.6626344	-4.7662034
3.6626537	-6.171053
3.4663322	-5.927496
3.7883284	-2.486665
-1.0614684	-0.5432293
4.415087	-6.934977
1.7070762	2.9688458
-4.0456963	-0.5448715
8.752192	1.7164595
-4.9609404	-2.0210762
5.107273	5.5233035
2.7492805	-3.7188416
4.160771	-4.087855
-1.3840489	-1.8982171
0.22018057	1.3318919
1.8872386	-3.3963537
1.7704642	-2.588425
8.426904	1.6336604
4.0970063	-4.5323424
-1.6979039	-1.9842669
4.4314322	5.394815
7.873195	1.8347546
1.2844502	-2.9757233
3.862923	-2.5963604
4.547089	-4.5687795
-3.2581282	-1.5668281
4.570089	1.6856592
2.6971357	-5.4822917
1.6389589	3.261188
-0.64491475	-2.2225602
-3.2926362	-2.4636557
4.362085	-4.50814
4.5611315	-4.6292295
3.3435948	-6.4598417
5.191103	-4.815469
5.2603526	2.0421424
3.6994798	2.1856797
1.3142054	-2.9987926
-0.36543992	-2.523562
2.6948974	-3.4859335
2.0268812	-3.0785522
-1.5111363	-1.6455504
-0.61963594	-1.9409027
8.446221	1.5462601
3.269934	-6.348621
3.3427587	-5.9060035
-4.2987404	-2.3812954
4.294566	-6.9130993
7.636984	4.4727983
2.534328	-3.3011997
-2.761564	-1.3847756
-2.2583694	-2.2673824
-1.3776374	-1.9255897
-1.2035309	-1.9192791
-1.3644325	-1.7627226
3.0291831	-5.705751
4.240521	-4.6339
7.0242357	4.9888535
4.168221	-6.5574403
0.4641878	-1.8437018
8.391083	1.8241435
8.710295	1.5457432
-2.1808023	-2.6344361
-1.9444886	-1.8125407
0.8639122	-2.913544
0.42205986	-2.6189566
-0.715928	-2.7277977
0.95283663	4.666814
-2.2367027	-0.04144488
4.311682	-4.181496
-1.0243776	3.531828
7.681986	4.804518
4.751228	-4.744857
7.7683344	4.569534
0.51161057	-2.650983
-4.2964454	-2.3757176
2.1242547	-2.8769066
2.6785965	-3.4845204
3.1960473	-5.6291895
-6.2045846	-0.23527658
3.9236002	1.3855786
0.86199117	-2.497072
-2.125861	-0.2248746
3.589024	-6.5612187
2.0073574	-3.1825027
-4.577269	-1.3428961
4.170308	1.793715
-1.643235	-2.1293862
3.7391343	2.210119
4.403738	-6.5573163
1.1018052	-3.2420633
4.088539	-6.758445
8.385691	1.2177886
5.2719274	-4.6589856
4.3946433	-4.508197
3.133179	-6.251001
8.026177	4.4739537
4.406683	-6.839916
-1.2619711	-0.7587892
-1.8366306	-1.9652535
-1.6506811	-0.87107676
9.005346	3.67718
3.6527708	-5.7387385
-1.1077434	-1.9266692
-3.1302457	-1.3156581
-1.1773316	-1.087508
-4.476051	-1.3914227
7.747208	1.8430675
4.7875743	-4.404938
-1.7592697	-1.9772947
1.2977448	3.2232456
-5.2022543	0.35357454
-1.9746283	-1.7630943
0.046108317	1.1781112
1.7377775	-3.5476303
3.3103976	-6.3396173
6.9509706	1.7265366
9.390492	0.8376079
6.976749	4.967975
-2.5325382	-1.242434
4.104395	-6.402006
7.8451166	1.3567317
4.5948353	-4.331386
4.07299	-5.803938
-6.643117	-1.5791056
6.308748	1.7317543
-3.3103263	-2.399385
4.7207055	-4.9274173
7.0075655	4.9582562
5.8714886	1.9780077
1.630394	-2.589833
-1.5036538	-1.6319494
3.3534307	-4.7826304
1.8482752	-2.803784
4.1766863	-6.3904147
4.6697106	-4.8471556
-2.9252324	-2.1157432
-0.14191684	-2.5847554
4.126332	-6.7616086
9.118833	3.7207742
5.028198	2.38053
-1.2721341	-1.9208198
3.5117822	-6.4665728
1.0214082	-3.1535325
3.0801725	-5.80022
-1.3005289	-1.7042812
-1.1994756	3.7001271
0.58789665	-2.8420537
2.9622154	-3.3055701
1.0464307	-3.280782
-4.329844	-1.2853949
8.197804	1.4027745
-3.4555004	3.2077153
-0.47047314	-2.472498
5.009603	-4.572344
1.3053021	-1.7880099
-1.8180752	3.5581954
2.5285056	-3.8547049
0.60568506	4.558529
5.327904	-4.5823936
-0.9470751	-0.5090277
6.3728356	5.28182
-1.7893684	-2.6203709
4.801498	-4.1359377
-7.2652907	-0.6619565
-2.2649477	-0.9684564
5.0002933	-4.2696004
3.5990396	-6.5282965
-3.7156174	-2.2736332
-2.6840217	-2.0194812
-5.017884	-2.2512197
5.01902	-4.466205
-2.1439877	2.9854023
8.449071	1.525633
4.1355724	-6.255677
-5.0395947	-2.0920439
-1.0703789	-0.63345605
-1.9383123	-1.0113976
0.22273873	0.97917604
4.566115	-4.224478
-1.8272666	-2.0069797
2.8325818	-5.9134045
5.031654	-4.3949237
8.621901	3.5696464
4.1586995	-6.5597267
-0.6387673	-1.9729012
3.9820092	-6.549372
1.6483053	3.2296615
-3.0936942	-1.6915312
-0.47068703	-1.4116292
-1.862092	-1.786295
4.117338	-6.717878
-2.7021399	-1.6480035
-3.0923672	-0.77162695
-3.3764389	-0.8841005
3.2587826	-6.189788
-2.6300583	-2.5932705
-1.8407345	0.14071015
2.697862	-3.3469198
7.714386	4.796946
-1.7514083	-0.21702002
-1.4677131	-2.126136
4.4794846	-4.1338058
6.7164044	1.5765331
8.425123	1.6544753
4.303608	-6.771369
4.0353794	-6.9264226
3.1866956	-5.5088263
-2.2477064	-0.046359636
-0.76888293	-1.7832532
3.9220636	-6.7520623
-1.1754324	-1.9268475
4.657719	1.7748688
1.6713586	-2.8766003
8.486527	1.6774948
4.2595167	-4.3386183
3.156544	-3.983532
8.3976345	2.018577
7.7209435	4.7629642
-2.0267897	-1.8174471
-3.9470217	-2.4481819
9.190942	1.508288
8.582778	1.8021419
9.635006	0.6162998
3.6635823	-6.2497683
-2.3944283	1.9862084
-2.1817267	-0.14367118
-1.7815049	-2.464251
9.747504	0.8494137
-0.8845157	-1.7829804
4.562064	-6.4346685
1.2476363	3.216585
7.8949347	4.173842
-1.7093127	-2.0436156
-1.0325658	3.53094
9.459332	3.0832744
4.391699	-2.8760922
-3.678242	0.9420356
4.917101	-4.0786324
-2.5652025	-2.8880918
-0.11125186	-2.415937
3.273883	-4.962314
8.056474	1.5028633
4.639138	5.1690273
9.680144	3.747179
-1.7936577	-2.715444
4.4478793	-4.4081397
1.5629983	-3.6265755
5.052474	-4.3471847
9.204598	2.7897682
6.6207337	1.6135148
3.6706154	-5.716326
-2.3395112	-1.1226242
4.326917	-4.1865335
4.293349	1.698292
-3.3312073	-1.0513672
-2.8871498	-2.2470374
4.3110523	-6.428389
3.3092725	-4.853789
2.1518297	-3.2190447
-6.2210174	-1.5629638
2.2423675	-3.1648657
4.9220905	-4.5288305
-0.56825006	-2.5241454
-1.7003444	-2.4151132
4.492854	1.8261025
7.0771046	4.970448
-0.100045085	-2.6429522
4.5130944	-6.9156585
-3.1872625	-0.30464032
-3.8479872	-1.8345166
7.407038	4.878466
8.639658	3.4439118
2.4084923	-2.994629
3.2882233	-6.39285
-6.292415	-1.023675
-1.1341188	-2.024266
3.540535	-5.9578123
4.086687	-6.462251
-1.7180498	-2.0532382
3.3487525	-5.8294206
0.41305363	1.5292664
8.681137	0.75931764
4.081327	1.4560833
4.9105587	-4.166008
0.25504044	-1.506818
-5.2278914	0.24875027
-0.64822066	-2.0795913
3.3616338	-5.1313853
3.1865754	-4.7990403
4.388719	1.5321742
4.5172563	1.8857455
-0.8184642	2.9725888
8.541872	3.7192678
3.7507668	1.2121398
4.556594	-6.725246
4.16999	-6.8121805
-1.7817161	-0.9253069
4.3324227	-4.202784
-3.5159953	-1.5280188
5.042813	-4.7981763
1.0936259	3.1000886
-1.7691579	-2.173282
-2.650911	-1.5468905
4.5844564	-6.757697
8.841513	3.524835
-4.2086935	-2.3565695
0.62980324	-2.3084464
-1.1893159	-0.4576509
-0.70938927	-2.1691468
4.443229	2.5962965
3.7289476	-5.7645235
4.0371737	5.3231535
-3.6140285	-2.5101194
3.5961294	-5.8437767
8.463745	3.7312326
0.43633595	-2.628776
4.446493	-6.5043406
-1.6968032	-2.1975245
-1.1261582	-0.9758081
-0.52516806	4.399608
-5.2035255	-1.2586287
4.37489	-4.4642177
-0.910346	-1.6770962
4.580404	-4.238188
4.400989	-6.682329
4.8485065	-4.8528857
3.4687612	5.3952785
-2.0936103	-1.4450545
-2.4007368	-1.5044416
5.8916273	1.8945333
-4.9512143	-1.4662895
6.7814436	1.5392613
-2.9022846	2.2744749
8.733343	0.8968656
-2.6002262	-0.7213896
-1.382808	-2.2477264
-3.9555032	-2.5498366
9.119375	2.8276227
1.313173	-2.9918454
4.5573277	1.9036998
-2.8185809	-0.9463943
2.199535	-2.4457955
10.013778	1.7324296
-2.5400667	-0.49237898
-2.972607	-0.56983197
4.058136	-4.329364
-3.7841265	-2.2140741
-3.2999983	-1.0304383
8.652499	3.5448573
-2.3964841	-1.016932
1.5173241	-2.545068
4.313274	-6.3988695
3.912502	1.373047
-5.1553707	-1.8165855
3.9753683	-6.7091923
-1.5969071	-1.9582992
-3.1924362	-1.4641598
2.0863433	-3.1760147
-3.4999776	-2.155195
3.8899777	2.2644486
4.937433	-4.2044606
1.5391785	3.4553545
3.7986653	-5.8779397
4.2132344	-4.54518
8.3202715	1.2492487
-1.6592479	-2.022432
-4.0387616	-2.2154603
9.86599	0.7977717
3.6685526	2.0216885
0.5461206	-3.080545
3.5584736	5.628454
5.240417	1.8236042
2.9026468	-5.780083
-3.9124944	-2.1348789
5.332907	-4.6629934
1.0871956	-3.3186083
-1.5066383	-1.9596468
4.911317	5.6679773
-4.361561	-1.4090906
-4.747224	-1.5509976
4.239751	-4.323093
-2.7660668	-1.0522276
7.1304083	1.7710366
3.1864433	2.0168967
8.71667	1.6914576
1.7232333	-3.5719426
-2.7947493	-2.1375804
2.1708264	2.8157117
3.6123576	-4.0460777
2.059538	2.1733022
2.8890162	-5.838694
9.170498	2.8656514
-1.2425518	-1.475626
-3.1047473	-2.2435248
7.0537786	4.9104223
-1.7252401	-2.2324543
-1.8617939	-2.6569548
-0.48189732	-2.5267406
1.6242838	-3.4099379
9.218237	2.8743432
4.8663406	1.8325726
3.1061668	-6.230311
-5.1461577	-0.8005194
-1.2185016	-1.6596458
-1.7148618	-1.9236751
3.8645806	1.5092572
-2.5779102	-1.4008154
4.7250814	-4.7269826
4.112576	-2.7414594
-1.0768794	-1.35316
3.8800914	1.4853605
-3.1607878	-0.47343084
3.358283	-4.8861914
4.803154	2.0300097
-2.4051657	-2.9848812
5.385396	2.4419744
-2.830449	-0.50596285
0.7206378	-2.757505
-0.6051812	-2.4331315
-2.9464731	-2.1440756
4.939475	-4.3236165
6.832543	5.035012
1.1415135	-2.9977803
3.3312657	5.3890147
4.0766983	-4.1769915
4.7985644	-7.101898
3.799126	2.0805287
0.29803482	-2.6957283
-1.3681285	-2.3059616
-3.8765867	-2.133768
4.4539986	-6.8790827
4.6514487	-4.16554
-0.3416985	-0.9338807
4.4153943	-4.630566
4.0983663	-6.399782
7.3845854	1.8287938
-2.8947794	-2.2541468
0.376808	-2.3734422
-3.1340184	3.3225951
5.53639	1.8988011
4.25122	-6.651121
7.933904	1.8206577
0.3720115	-2.7137733
9.723946	1.5049087
4.555484	-6.950806
-3.2272005	-1.5712943
-0.2925156	0.069055654
-5.708009	-0.7604321
-1.3475901	-2.151986
3.9375548	-6.9608393
-1.2722789	-2.6923807
-0.6049321	2.9334812
-2.052241	-2.448616
4.3492117	5.2533875
-2.135134	-2.0393531
4.5217376	-6.599952
-2.1314735	-1.6248542
4.521124	-4.6608334
-1.965591	-1.0047606
-1.5657929	-1.3108095
-5.468063	0.37444016
-1.7556032	-1.6282817
-3.125905	-1.0911572
-2.4845917	-2.713386
3.4826021	-5.6844954
-3.3867044	-0.9646924
-6.7105203	-0.97455937
-2.49704	-2.5841079
-2.5964851	-1.8967984
-2.2168252	-1.5999888
4.598464	-6.371175
-1.387703	-1.5277214
0.7818596	-2.1594164
-2.4411066	-0.99933726
-5.8311167	-1.9067901
4.5763865	-4.181998
-0.18752936	-2.5278046
8.498249	1.744127
2.815982	-3.3223932
2.2191532	-3.082591
4.2705984	-6.455109
-4.8077035	-1.439433
-1.983524	-0.95609957
1.4572563	1.643567
7.602144	1.837312
4.161875	-4.439781
8.825359	3.2960544
-3.378131	0.5994515
-5.4327664	0.37777033
0.6282056	-3.0146933
-1.9078529	-1.6118364
4.025042	-6.058653
3.9843197	-4.09028
1.0320302	-2.7549067
-2.7525113	-1.6599528
5.887088	2.0328827
3.907297	1.3829172
3.0321097	-3.8420005
8.823721	4.0410976
4.538586	-4.3791084
7.5825114	4.829176
-6.465431	-2.0741036
3.0601268	1.282783
4.6491895	-3.0535533
-3.2759674	-0.57294375
4.3276587	-4.224611
-3.363803	-1.4152211
-2.574913	-2.441051
-1.0959677	-1.6893383
7.7111077	1.2539929
3.7815034	-6.300644
4.114823	-6.608187
7.058093	4.900242
3.915277	-2.5841734
-4.616641	2.314
7.4442215	1.8486532
5.021228	-5.158228
8.610495	2.127717
-4.5312753	2.3660889
3.2667806	-5.744385
1.2296969	1.3914769
7.537693	4.8225484
8.245849	1.1625279
9.133133	2.811388
8.9217205	3.2933018
0.65561074	-1.8505439
-1.1244293	-1.9134043
-6.1013374	-2.0935175
-4.3239093	0.24967635
-0.51596296	-2.531118
4.129177	1.6727362
-0.17154633	-2.6226885
-3.9866176	1.0095417
2.0296762	-3.0852413
-1.4506196	-2.6300242
8.424983	1.435061
-6.3314176	-2.3525257
-4.3216004	-0.7560348
8.140755	1.1738197
-4.4599314	2.2348754
-3.4189262	-1.6470488
0.7531187	1.8466146
5.297216	5.2150917
8.399269	1.6376375
3.8498611	5.6721625
3.4352276	-4.7288356
3.202917	-5.024086
4.679805	-4.1262474
4.604743	5.17901
5.0475116	-4.2558074
-2.7489774	-1.3888559
4.544429	-4.1862183
4.555014	-4.273501
-2.1852763	-2.2054236
-2.152005	0.2726876
3.217826	-6.084654
-0.49691686	-2.086791
7.384205	4.8746233
-3.6736794	2.052641
2.486076	-1.4073713
0.5711858	-2.1037383
-4.013738	-2.275635
-1.578416	-2.2094357
3.3101718	-6.388528
4.0293694	-4.118784
9.334353	1.4805712
8.41481	2.0474994
4.266671	-6.776871
-0.11600417	-2.8560185
-3.3416448	1.3661587
3.4747343	-6.53731
-3.0754066	-1.1805614
-4.889331	-1.6190213
4.026062	2.2469585
8.867178	3.0082154
4.3079844	-4.291482
6.7030735	1.5652882
8.346254	1.6118461
-1.7869707	-1.6020694
3.6909528	-6.659105
0.06775446	-0.6924141
-4.4539785	-0.90305156
4.237778	-6.4291973
-3.5365133	-2.5689042
1.5703334	-3.4056754
4.5512524	1.6723992
4.651061	1.7945052
-0.4076999	-2.1215076
4.1014	-6.6943808
4.922169	1.8172709
-2.9020696	-2.051998
3.9765549	-6.446415
4.2116747	-4.434748
-3.3211536	-0.6926225
-2.3683388	1.8818535
-1.9600989	-0.982972
1.998179	-3.0729237
4.5993133	1.9916921
4.442008	2.6367216
-1.1859883	-2.721202
-0.98076886	-2.502636
4.743643	-4.266469
4.592996	-4.1712656
0.61493117	-2.7233827
-0.94744277	-2.1269548
4.6479487	-4.6903462
4.1832986	-6.7150383
-3.3956075	-1.3865567
-1.4395182	-1.6980444
4.3231206	-6.807902
4.514771	-6.5397096
-3.7086637	-0.6559631
2.7174788	-3.4648712
-0.8140415	-1.8793514
1.7850634	-3.4770908
9.030772	3.6813698
3.325113	1.6447327
9.162693	1.4884193
3.5159929	-6.5647445
3.906596	-4.44503
-0.95752335	-1.8221959
-1.6752306	-1.6935785
8.68782	4.619534
4.35094	-4.4491735
-2.6143923	-1.1715214
-2.4603975	-0.97366726
5.5853777	1.8153733
3.6828666	-6.6191616
4.6813903	1.7232744
3.8081367	-6.8699007
4.2189302	-6.3581753
-2.820834	-2.1936488
-3.022165	-1.7821504
-2.500003	-0.8720735
-0.9013208	-1.7945247
7.8394356	4.527177
-1.1991941	3.6018257
8.932028	3.004858
-4.066193	0.18850143
4.2233834	-6.408703
9.111608	3.440965
-3.3641853	-1.2188469
4.6932235	-6.9026957
2.0779543	-3.0755303
-1.3846695	-1.9267086
-2.2355418	-2.4938118
0.41877577	-2.6598911
3.2152002	6.558313
4.7517724	-4.783592
