4.805528	3.0199802
-2.5986001	-3.0596263
0.020757573	-2.713727
2.493872	-0.80569226
-3.685947	-1.852201
-2.7975545	-1.0668296
-4.454949	0.6644374
-1.103377	-2.1364567
-2.7742636	-1.4958423
-2.4019794	2.226738
-3.286519	-3.1160614
8.766894	0.24464692
-2.073294	-1.0595126
-1.0226026	2.08679
-6.569133	-1.2966332
-0.11966668	5.8157854
-4.34831	-1.1055189
0.2264795	2.6468627
3.2037141	6.5157313
-1.2433933	0.4902892
-4.370655	-0.7414978
-6.5610976	0.15659472
-3.2400749	-2.4313796
2.4545062	4.240451
0.1996906	2.5685172
-6.52234	0.3173812
3.412419	2.712706
-2.2559168	3.1129405
-2.6313813	-0.8329872
-4.6077533	0.14932223
-3.762225	1.4214424
3.7362356	1.3769475
-1.8979255	4.417731
-3.4910796	-0.12134619
-2.518036	2.5858963
0.6160223	1.4226514
-5.7054744	-2.3707788
-0.44222066	-1.4190084
3.2650688	3.6295629
-3.7277732	1.4205765
-2.7377443	2.4792209
0.70276815	1.3555821
2.72529	-5.2667184
-4.1252604	0.043288946
2.6919603	3.0971928
-1.5474784	4.5713997
-4.3671823	-1.1478181
-4.4674587	-0.9647343
-1.3603227	-2.6105597
0.64170855	1.488043
2.7898357	-1.2352729
0.19874173	1.6055537
-6.256299	-2.4507198
-5.895114	-1.5123909
-5.9082584	-2.446441
3.458737	6.074361
5.202678	3.3701088
-0.14129199	5.8803673
-6.0457225	-1.9054271
-2.9754171	3.3805277
3.1599226	-6.2376585
-0.47484258	-1.8034848
2.0865953	-2.8741171
-0.17087717	1.9457709
-5.7698665	0.49284673
-0.362718	0.11992279
-5.822235	-2.6969402
1.8804028	-0.89905673
-3.7327309	2.9086938
-2.7128854	-1.2550371
-1.8783598	4.4573293
9.88287	1.3459436
-2.0935314	-1.314267
-1.8304682	-2.9633605
-4.9080563	0.4462089
-5.983237	-1.9873922
-3.9107354	0.122032516
-5.1536827	-2.0939786
1.048548	6.273981
9.990779	1.6348778
-1.3542204	4.8252783
-4.005915	-1.0845485
-1.5601944	4.763832
-2.288397	1.6866403
-0.04298505	5.659159
-5.2908096	0.33165294
4.403503	3.2936273
-4.875623	-2.272716
8.839308	0.48473707
-4.321108	1.2765201
0.9000036	4.400656
-2.9828165	2.0959435
2.6651711	1.9447118
0.58634436	0.3004212
1.3862877	-1.6530092
-6.7271647	-0.50566876
-6.1244545	-0.46545193
-6.34898	-1.9860694
0.82103145	-0.63047826
0.76821756	1.3044951
-2.6252537	0.9582794
0.28231424	4.4545593
2.253292	0.1866079
0.6560798	6.270768
0.07853335	2.8487704
-3.2179286	0.18317172
2.8900998	1.8714397
-4.4603896	1.187501
4.0122347	5.823061
-1.0955276	1.1544152
-5.8169193	-0.6455634
-6.1840887	-1.7089115
-6.1106153	-0.748701
-0.8796862	-1.6387424
-2.9985723	2.5543723
-3.0663579	0.12726472
-3.816954	-0.10543467
-4.378548	0.11189667
-4.63494	-0.025386749
-1.5201174	1.7304063
-3.2842817	1.1155713
9.952724	3.9374092
-0.7410376	-0.35340372
-3.3342357	-0.77843994
1.705986	6.4830136
-5.8335757	-1.7008873
-1.9812833	-3.177821
-2.2960522	1.056629
-1.5402517	4.773701
-1.1718234	4.7516966
0.32506543	0.06451763
-6.004446	-1.2756457
-6.195443	-1.4485172
3.799403	1.3858801
1.412668	-1.6398127
-4.281904	1.2396517
-6.25257	0.55931294
-3.9748154	-1.6787663
-0.29939973	4.1770463
-0.054416135	5.906133
-1.4786333	3.6395707
4.5641785	2.9286172
0.95958346	-0.8088056
-2.4901767	3.376733
-6.2269025	-1.1469315
-6.5921926	-1.2484313
2.545071	1.7307419
-1.4876933	1.5184073
1.0956433	2.0513282
-6.153135	0.50107306
-7.04461	-0.87470096
-3.7106414	-2.4082625
-1.173564	-2.876316
3.616869	3.8566895
-4.094977	0.5374355
5.121983	6.3357105
-5.7283244	-2.3549626
-7.2002163	-1.1234045
-2.2535512	2.1265326
2.6581633	2.69953
3.4014773	3.662412
-1.0474557	-2.9887705
-2.9927452	3.6459627
-2.192004	2.222805
-3.036398	0.6920377
-1.2403893	4.6389847
-5.24759	-1.790728
-0.95843685	5.353133
0.8441327	2.4538949
-2.8938313	-0.25942641
-3.2480218	3.2223887
2.9376228	-6.054349
1.8747939	-1.5006958
-6.5950303	-0.94508785
-0.03739862	2.5030444
-3.0118685	1.1871687
-4.6368003	1.0494049
-6.571324	-0.49050695
-0.44761127	-1.9409875
-1.279955	-0.25747308
-0.85100716	-0.37841484
-2.1633394	0.9537521
3.4381592	1.5066946
-2.2374618	2.241033
-6.002346	-2.2869415
-3.7463398	0.49889278
1.3882902	-0.09096211
1.1929578	1.5961381
-6.5923305	0.12427597
5.1627584	2.714665
-6.544084	0.30820864
2.109415	6.0236416
-6.3829255	-0.7667273
4.4292116	3.5703874
1.9007881	-3.747349
-0.6833996	-2.1687162
-6.9183893	-2.1032858
-7.0514507	-0.95123863
2.2053986	-1.3662665
0.23670478	-0.023657324
0.69206566	-1.6657355
-1.3212534	4.3528533
-5.8736534	0.016335916
-5.9129477	-2.3764007
-3.402017	1.1291933
-4.2893004	1.253793
0.21151333	6.099064
-3.1124973	1.5086728
-1.0853381	4.575224
-1.4985031	3.4300344
0.45321473	-0.39948836
-4.3572783	2.31549
-0.39167064	-0.5729242
-0.40613803	-0.88815075
-6.8576155	-1.9505566
-2.8204079	0.95017046
2.3409812	-0.6869791
-2.337462	0.7983007
-3.508202	0.51787966
2.5472434	1.9829147
-1.4926208	0.73826927
-1.7766938	-2.2538402
4.2317066	3.126076
2.7587326	3.2130983
-5.784779	-0.88561773
8.752137	1.8476855
-0.24446195	2.7302096
1.3791049	-0.056778718
-1.9592795	-1.7649947
-3.5946467	-0.0043186205
0.7202274	1.4219438
-1.291532	4.664539
-7.1655006	-0.39928356
0.1160237	2.7679815
-6.6015253	-1.1472616
2.671785	-1.0636604
-2.2591498	1.4523677
3.5052986	-4.3655987
-3.6756132	-0.61858284
10.281893	3.1858392
-5.776953	-1.3720361
-4.1395483	2.6573865
2.3372884	-0.070024565
-4.1439934	1.834183
-6.17357	-0.9774288
-6.0571218	-1.7745471
-2.067468	4.453494
-3.4688528	1.9528617
1.1042211	0.4651297
-1.907974	-0.5873716
1.6725339	-0.34676674
-1.6794326	0.39358792
-5.1182685	0.39379293
1.8052932	1.3936999
-1.1183177	3.395439
-3.9694586	-1.1208738
-6.1285357	0.53482014
1.3439529	-0.81374747
-2.0367553	3.514896
-0.44508404	-2.4504395
0.5596588	-0.6024351
1.953909	6.0956264
-3.3496377	0.64636075
4.0229716	1.4154844
-3.6837897	-3.0467918
2.252734	2.2770693
-7.0816174	-1.3601286
9.456395	0.50529504
-3.4206684	0.42635733
9.400546	4.3830214
-2.8854687	3.5612311
-6.434564	-2.0659006
-6.2443323	-2.6767478
-3.5799122	1.5290313
-4.303739	0.12738085
-3.3073707	1.0966895
-3.2528558	0.945112
-1.9101976	-1.9456922
0.49481958	2.4055104
-3.962453	0.13506372
-4.289224	-1.2194474
-2.0322795	1.7201406
-1.0873214	3.7616208
-6.2013664	-0.047196522
-6.441077	-2.3275664
1.5639328	-1.4282173
-4.4596605	-0.7671028
9.434738	0.89851904
-0.91355735	1.8776773
-3.0230596	0.99600345
0.5790561	-0.7619978
-2.9483702	-1.931641
-6.5333486	-0.12987573
-1.9557011	0.944018
1.0384398	6.4047832
-5.3608694	-0.8898222
2.5951707	-0.72259754
1.6199677	6.035553
-0.023074407	4.4696765
-0.9914811	4.9063077
3.7249286	6.071417
-6.190547	0.4770672
-0.68640876	-2.6626046
2.338881	2.1945784
-0.8754632	-1.024807
3.6396081	3.4497986
-6.4558735	-0.44105586
-6.2290096	-0.41871375
-6.4573917	-2.332817
4.2982283	1.6613473
-2.0439804	0.9034028
-3.9426465	-1.9513723
-6.761554	0.1070622
0.7525421	-1.9757754
-4.279857	-0.18198831
-6.7573276	0.25480908
-2.603718	1.5430166
-3.5354867	0.19851963
-3.1531293	0.3780576
-4.869094	0.84464866
0.31005833	1.0534792
-2.3267527	3.1317234
-4.094372	-2.2098403
-4.7123055	-0.07073816
-3.545683	0.07821609
3.4139433	-1.2595924
-0.32041386	3.313969
-2.0278335	-0.87183684
-3.0784647	3.5125134
9.661875	0.7224768
8.647759	5.099225
1.5794301	3.1775928
-6.3468537	0.32012555
-2.697521	2.3398468
-3.608637	-0.25578967
-6.7548113	-0.43775415
1.4257635	3.141738
-1.5751916	3.4116373
-1.1492025	-2.9002004
-3.1051946	-0.80777645
-0.5266267	0.31869096
-5.2594714	0.2864549
2.2562735	5.2572517
-4.361003	2.029649
-1.7196851	4.6876836
-1.0429323	-0.9962222
-2.293694	-2.3046055
10.0714855	3.0811803
0.09456409	2.5438902
-3.2118154	-0.5695727
-1.7854182	2.6876488
1.0174398	4.3604946
-1.2770607	0.4496563
-2.5155337	3.448093
2.9288943	3.6907468
-7.3282385	-0.6967772
-5.32339	-0.5088003
-6.841043	-0.28275785
-3.4978316	-0.21244198
2.149499	-1.3653089
-1.4481307	-2.5063283
9.166241	1.4625494
2.6209238	-5.787323
-6.3967357	-1.2392968
-2.9883373	-0.7085824
-4.4145017	-1.7174826
2.805251	-6.084419
-3.3580873	-0.73021466
-3.3273292	-0.45854747
3.8788068	3.634912
4.249953	2.3440332
-1.4701707	0.06972656
2.2436166	6.463349
-0.587913	2.0757792
-3.9174893	2.4119787
-0.52305174	0.6978244
4.5362797	3.188248
6.17327	2.6337187
2.5358806	-2.882932
-2.2971847	-1.0057281
-3.4237487	-1.9516118
-4.2372475	-1.5060863
2.3945522	2.8283072
1.4456637	-3.0203924
9.920829	4.4475975
2.3048463	2.2933698
8.852615	0.9159736
-0.63780946	-2.869549
-6.3002176	-0.8192863
-5.7164116	-1.9633275
2.6165757	3.743083
-7.1116323	-0.65905815
9.151056	5.007078
3.659574	1.1537799
-1.9905493	-2.6466553
-2.7874527	2.1054983
-5.4061804	-2.1873648
-4.0657043	-1.55999
-1.9420712	-0.39468685
-6.2269473	-2.1741238
4.0188255	5.912801
-3.8170295	2.5393696
-2.577311	3.8627741
-3.915643	-3.016595
2.028332	2.845777
-6.1850753	-0.7757937
10.331382	3.2695854
-0.11891265	0.11449683
-3.8442504	-1.9757375
-5.7594347	-2.5880513
-6.415565	-1.6277807
0.7232116	0.2775896
-6.5882244	0.0844923
-4.0206695	-2.0052595
-4.0995636	1.2409179
1.9724854	-3.7319515
-1.5011262	-0.81754404
-4.357527	-1.7633575
-6.7104077	-0.0914268
-0.62741774	3.389036
0.30741677	5.2661586
-5.6882567	-2.570516
-6.2126436	-1.5513229
-4.918637	0.6514653
-1.2886933	3.3578014
-3.0007586	-2.943273
-1.2937015	0.5983461
-4.625805	0.45929712
1.4044049	2.973658
-1.4301878	4.849667
0.9787862	4.555219
2.4698663	-0.63309085
-6.9879	-0.013750459
-1.3027532	-0.3666061
-0.21450856	-2.9284155
-1.7888353	0.9897261
-6.54579	-0.10217451
-3.7099311	2.9014196
-3.4403534	2.110203
-6.6417603	-0.26209408
3.4627352	3.2213933
-3.634976	2.6101272
-1.964485	-2.4000776
-3.140724	-2.945462
-2.2173421	-1.2502804
-4.0379677	-1.4978887
-4.365402	1.1879909
-5.384219	-1.0185099
-3.5014617	-1.9614661
-6.921573	-2.1387393
-3.7757008	0.36395395
-6.267136	0.49784467
-2.8372977	-2.8598366
-0.60121644	1.2854137
-1.2513647	0.16953744
-3.7373292	1.8423166
-1.3232561	-1.6690539
-6.8481364	-1.97836
-1.312412	5.1562133
-6.341064	-1.173087
9.997829	1.649686
9.0426235	0.67669976
-2.537852	-0.85693103
-3.4620311	2.953434
1.0722865	-0.42959765
-3.3447378	1.3760962
-0.11131632	0.050366558
-1.7963612	3.6801445
5.226623	3.3469138
-6.9032564	0.1046142
-1.3803312	-0.5109053
-4.354235	-0.65960234
-6.6333885	-0.57578427
-6.342358	0.28291184
-6.3323684	-2.3102207
3.6250064	1.4360502
-6.595845	-0.53253204
-2.2937334	1.6677767
-1.2073308	-0.1722233
-0.5418705	0.91216934
1.6481487	2.7947574
-1.4693497	-0.81462395
-4.348364	2.2856042
-1.5263551	-1.2381464
0.31951052	-0.20064454
2.2207565	-1.3296999
-6.082854	-2.3936472
-6.5961933	-0.6588147
2.724401	-1.4189261
9.667101	4.000168
4.345394	3.7122283
-0.14821875	4.325883
-2.204397	-0.24184914
-1.9364123	-0.3636407
-6.255582	-1.7830904
-0.95568645	4.1842732
-0.34108067	3.6135325
3.460509	-4.1140866
-1.7188164	-2.9008362
1.2358057	1.699042
-0.0400146	1.8238124
1.8259645	6.2203836
0.5707675	-0.21630774
-1.19612	0.9938331
-6.383338	0.19832493
2.3768413	-0.742173
-1.2260734	-2.8024657
-4.523748	-2.4845276
-6.2907186	-0.7142684
0.29001853	5.360202
-2.8891463	2.2484574
-3.3567808	1.7993927
2.6485734	-5.7623167
0.86757636	-0.9900908
10.140356	2.712576
2.5867648	6.0689383
-1.2823718	3.330086
-5.8814707	-0.83694434
9.872862	3.214002
0.63864017	0.32960543
-4.7147126	-1.6353981
-0.2857119	1.8988343
-6.013052	-1.4863266
0.21128574	1.2039386
-2.7954977	-2.9352674
-6.7493625	-0.43401664
2.1658072	1.8407605
-3.1426246	-1.4844933
-3.8523607	-0.78357756
-6.3456726	0.284424
-5.4310536	-2.310152
-3.1457143	3.3279743
-1.0058354	1.9287709
-1.97271	-1.9758062
0.835801	5.260371
2.2883244	1.3466886
-0.8220579	4.218968
9.646888	0.32718775
0.044176795	-0.70755446
-6.0485034	-2.4250984
-1.4146838	0.25336936
-0.97452426	-2.4845767
-2.2998269	1.0519162
9.702965	3.8074753
-3.9861739	-2.2004397
9.831201	4.160463
-4.3486767	0.083691195
-0.60695827	-1.1530101
-6.516506	-0.49051487
-2.6932821	0.6899412
-3.9426057	-0.5159167
-3.768225	-1.622503
-6.1882434	-2.623156
4.023003	1.49432
3.046745	3.4973114
-6.042409	0.0061171926
-3.755512	1.3612968
-2.3576763	-0.9090967
1.2340882	1.2385608
5.952997	2.2384863
-6.7194676	-2.2125614
0.26414368	5.734048
1.1870856	2.6002965
-1.6382678	0.8338764
-3.0125802	-0.5758247
-0.11895661	2.0087142
-4.928971	-1.5129071
-7.053968	-1.0914211
-3.7677379	0.7241898
-5.981445	-1.8674254
2.5227919	3.6019902
0.3379863	4.4184804
-3.644602	2.138811
-1.9775182	-3.1367435
1.7445406	-0.59480876
3.4333723	-4.2888036
10.006987	0.52444905
2.5913148	-0.72117394
-4.3654046	0.7069337
-3.193328	1.1480272
2.3254962	6.357287
-1.3994814	0.09314708
-2.5297377	-1.7017001
-6.4330945	-0.12800255
-2.8000102	-1.5009544
-4.5124288	-0.19666795
-2.086617	3.865311
2.0283802	-2.43966
-1.5973741	3.8495524
-6.169635	-2.753482
-0.12834853	4.0216146
-2.995328	0.9347528
0.99407274	5.626427
2.2706563	2.7008302
0.6443443	2.5277
-5.555981	-2.1632333
-0.020486869	1.8976364
-0.1088146	1.901915
-4.0250473	-0.20850238
-6.835462	-0.34700003
-6.5101776	-1.9482647
-2.820444	3.4758627
0.33990964	2.1425338
2.9640431	6.2076907
-2.0038047	-2.1986456
1.8741469	5.8044786
-0.6039853	0.32453036
1.3969854	6.337642
-2.7933757	0.95381534
2.452556	-0.62061375
-1.284345	-2.500695
-3.227917	-1.3069859
-4.2836194	1.2844443
-2.8427935	3.3832324
-0.35432452	4.0613046
-5.9986143	-2.202095
-6.9742966	-1.631126
-2.5719633	-2.1007638
1.1196064	0.14069474
-5.2108946	-2.7466486
-1.9734486	-1.9025017
-3.8405674	0.59352994
-2.4774396	-0.9738533
-3.1860785	0.68238425
-1.6336344	-0.34075522
-6.427184	-2.0285835
10.347599	3.2701783
-6.448572	-2.0384586
4.1909747	-4.865247
-4.8051114	-0.32832247
-5.231625	1.1518674
3.8721454	6.117769
-2.0750942	4.106784
9.133628	3.7013042
-3.5366511	1.8706006
3.4729598	-4.0931506
2.6165433	3.6164176
-4.423665	1.8021983
-1.951389	4.313742
0.21592133	2.4534676
-0.76237315	-2.7983975
-0.52518606	0.28379086
-6.7510934	-1.0485524
-1.7238413	-1.8632332
2.5009902	-0.8176056
-6.433562	-2.0427754
-0.5629708	-2.6614933
1.771535	-1.1479665
1.6259686	2.6331782
-4.374962	-2.6747744
-1.1557542	4.2515035
-2.9712827	-2.9981701
-6.573864	-0.61729497
-2.0080607	2.1216846
-3.0620646	1.3448151
1.0856361	2.178415
1.861498	-1.6145439
-2.2489758	-2.7945557
-0.4249981	1.9446387
-4.139926	-1.7245163
-4.7420897	0.9683693
-4.3509884	0.8017617
-3.880107	-2.2312121
1.4738032	3.354341
-2.792313	-2.1617618
-4.5503917	-1.8503385
-3.459991	1.7984384
-1.390138	4.546039
-0.4403846	-1.8213807
2.1437006	-2.2688298
-2.527275	3.880786
0.41623777	2.760104
0.33528036	1.811234
-0.93136454	-2.949254
-1.0982684	-1.7448562
9.64526	1.3976622
-0.3898421	2.3120897
10.029903	3.2124324
-4.188719	2.034758
-5.922835	-1.1771419
-2.5090747	0.61932176
3.229609	-5.8163834
-0.0151028605	4.6619496
-3.632937	1.9073241
2.8440316	1.3458093
-3.965105	2.2830935
2.9131448	3.8170419
0.48865542	4.692005
-2.0020223	-2.338376
-3.5107229	0.29348016
3.527148	-4.272362
-6.7976685	-1.9622247
-4.3691516	1.8497074
-1.0599134	3.6556113
2.3184412	6.319646
2.3708262	-1.2941818
-6.5848227	-2.2862663
-0.8382501	-2.7935374
3.0806162	-4.413251
8.289083	0.8681944
-6.086609	-1.026833
2.8570545	3.1884906
3.030793	-4.629694
-3.18918	-1.4260798
-6.2462363	-0.3751595
-3.6524167	0.22329803
-1.3782829	-2.945773
-1.8225095	4.254354
1.3380352	-0.12528035
-5.5645647	-2.0276706
-1.1821306	3.8050883
-6.3694367	-0.2705086
-6.469948	-1.9486494
0.6165021	-0.8015746
-2.72494	-2.5895686
0.428447	1.3784875
2.9529636	1.435517
2.896197	1.4503165
4.441684	3.564828
-0.3280175	0.20870207
-5.2411294	1.2606759
0.2673221	-0.81598467
-3.6218514	0.06139647
0.48401242	1.4769062
-2.5742989	1.40075
-2.2143834	-0.14071241
-1.9535202	1.4512333
1.9182681	-1.5725498
-0.8674793	-1.1256413
-1.5049527	-0.6232998
0.30611473	0.049294814
0.84647334	4.377718
-1.7646832	-2.7629902
0.7229641	-1.1755748
-0.041404683	-2.356945
-6.9812813	-0.3225351
1.1197913	0.2804
0.3693241	2.3752625
-6.102392	-1.8737786
0.55673534	4.408511
3.3486435	6.014423
9.092154	3.4368963
-2.5962746	2.548059
1.3459756	-0.13004224
-2.6260774	-0.19269688
-6.637766	-0.03594899
0.5148541	-1.7150458
-6.351459	0.15181115
-1.9698105	2.4823365
-3.5724456	-1.7378685
-2.7921011	0.5305933
-1.7259022	-2.6308656
4.4192805	3.4566562
-6.4913673	-1.2383045
0.09462494	0.30670458
-0.6370741	-2.1162016
2.4921613	-0.2677414
-4.081986	-0.46114606
-0.50149006	-1.025581
3.5611892	5.772241
-5.9734983	-2.789339
2.0160296	-1.6585081
-1.9866711	2.7879128
3.4582253	5.961431
-6.286907	-0.5916231
9.110055	1.6128318
-3.2847025	-0.74667066
-2.6465287	-0.4556823
-4.7255874	-0.7979814
-3.6312141	2.498908
2.199168	-0.4525607
9.806251	3.4950075
3.1258433	6.1613326
-6.9056945	0.10446672
9.899968	0.8990399
-6.8340054	-0.37575153
-1.4572625	-3.0064068
2.1834223	4.033742
0.5157003	1.9093736
-5.9720883	-2.2798822
2.3867822	-0.7755979
-5.6017513	-2.5900867
0.104250066	2.128526
2.156519	-1.9977456
-5.8488708	-1.5305307
-2.4593194	-0.9382343
3.4250805	3.44592
-4.439194	-0.8289878
2.7904947	-6.220975
-3.891827	2.4627812
-5.289568	-0.48057944
-0.07549248	4.8644276
-4.456135	-0.84110653
-0.19357441	4.225171
-0.5508592	-0.49021703
-1.0886286	1.4946262
-2.9028656	2.965386
-0.45641994	4.5610046
1.4271255	4.641262
-6.5400867	0.3326588
-4.995417	1.9797904
2.4567215	-2.922054
1.1615776	0.25189367
-1.5971922	4.8484135
9.08422	5.0458627
1.0270964	-0.5048735
-1.5961434	-1.4691739
-3.687772	-2.9658775
-6.107074	0.52510417
-7.0952835	-0.60802734
1.3154624	2.017271
-7.3026285	-0.6949739
-6.7145586	-0.11870257
-2.446736	-2.6904962
-3.7343266	-1.8416424
-6.297217	-1.2279474
2.6242452	-0.632408
-0.45361236	1.2708335
-0.29668486	-2.298568
-2.9666295	-2.6620712
-5.2847857	-1.2692194
0.27959597	1.5948652
-5.9956446	-2.0655406
-3.3300192	-0.14809439
-6.561863	-0.5948507
-5.811545	-2.3852587
4.2683206	2.3100705
-1.1393539	4.8175497
9.865697	4.662946
-3.5105793	3.1807895
3.4477694	3.5726733
1.755542	0.20710091
-4.0016284	-1.264048
-3.9930065	-1.2538494
4.0166407	5.9538856
-3.631032	1.104304
9.893837	4.561749
-3.6118581	-0.7697503
-1.1085036	-2.7154129
0.45011538	-0.53623176
-2.1902664	-0.8670022
-7.072671	-0.2645035
-3.320962	3.0024123
0.4939973	2.4489696
-0.64292675	-0.70939255
6.2044315	2.5573535
-7.0664797	-1.2727294
-3.8105686	1.8087262
-1.2058222	-2.7758524
-0.67177325	2.1695924
-6.4265556	-0.08589396
-2.9531317	2.293639
10.016369	1.6873595
-3.1794093	0.66518927
1.1525569	1.6053622
0.4621417	-0.3864611
-3.2513263	3.3173296
-4.0340247	-2.7635036
-3.3184001	-2.9384623
-5.879037	0.8413406
-1.0579242	1.8841026
5.434895	-4.514717
-2.586701	3.56531
-3.6733265	-0.8116935
-0.31307152	2.2327726
1.1555353	2.6681898
-3.7064471	1.4694022
1.4894767	1.5810636
3.553107	-4.312752
-1.2975827	5.096262
-3.3573377	2.966537
-4.441669	1.784487
2.656548	2.33417
-3.819761	2.5210156
-3.463057	-2.0031667
-0.6184265	-1.421782
1.9063028	2.189082
2.1501262	0.22008663
-3.568542	1.8969502
-3.5144103	0.5939946
0.08802236	3.5235765
-7.117056	-0.37935492
-6.167281	-0.09150662
-1.2681922	-0.42228085
-1.2690551	-2.9593174
-4.6557245	0.7159316
-1.7296737	-1.4027596
0.36540183	1.362033
-0.15076295	-0.524208
-6.095437	0.55224866
2.8867695	1.7112112
2.841248	-6.02388
0.019526318	5.68338
-2.5600698	3.0831864
-6.1350517	0.36735845
-5.624364	-2.042436
-6.4882793	-1.5792806
-0.97132087	1.6290108
-1.6415	-2.9022746
2.116084	-0.48034656
4.028217	3.413433
9.508804	0.43379736
1.4421358	-0.43065238
-6.4388046	0.34669578
-6.621147	-0.2794243
-6.252337	-1.3042046
-3.6090121	0.04104824
-3.98062	2.6014977
1.4278591	3.0004206
1.2184478	2.3743823
2.1613617	2.2114427
-2.5283375	1.2965508
-3.5470667	1.8882883
0.15954225	-0.717814
1.3138584	-1.4927645
1.3224236	5.207511
5.118261	-4.0766487
-6.0185204	-1.3483752
-6.465496	-2.082416
-3.6354752	2.134522
-1.5789177	-0.6005499
-4.355411	-1.9930367
-1.6261183	1.3177106
1.03346	5.628086
-6.635116	-1.0655144
-1.471205	2.5941718
-0.098396115	4.511971
-0.8783498	0.15943941
2.7056868	-3.066102
-3.4030573	1.8304021
-2.6102953	3.5696955
8.854484	3.3195345
-0.1627136	-2.5773315
-1.5799623	3.7313545
-2.4688973	1.1653087
-2.810384	0.1728046
-1.264275	4.772055
0.8365558	2.0388901
-0.6914648	-2.6037855
-2.6721184	-0.18003865
-0.10660252	5.79422
-4.0033355	2.5951414
-6.3230085	-2.5344036
-1.6423941	1.3507075
-4.720662	0.89567775
-0.2706972	3.795742
-4.675392	-0.7483792
-3.850654	2.7359753
-5.641375	-2.0005717
-6.6885295	0.002462883
-0.26756582	-2.7108529
-3.9844792	-2.8025556
-2.8870735	-1.9479587
-3.666777	2.85623
-5.4852076	-1.8201475
-2.069061	1.5973182
-3.91594	-2.342758
2.7318132	-6.2717643
4.572917	6.29283
-3.7094152	-2.1520598
-6.59199	0.110842414
-2.662672	0.037672017
-3.5207624	2.6362495
0.7737443	2.8846219
-5.950639	0.20360792
0.51232684	1.4111758
0.017745536	-0.33112314
-2.8733823	1.4506396
-1.2212031	5.1195107
-2.1023846	0.9112886
-1.4892431	4.9209657
-3.8078976	2.5047731
0.9121175	2.484175
-2.8741589	-2.948697
-4.167676	0.9294957
3.2345123	-4.235061
-6.6815114	-2.4770415
-1.9512136	2.3383977
-2.9250903	2.3427982
-6.74095	0.28019005
-1.3989072	-2.9556708
1.1253439	6.234341
2.3430698	5.689394
1.4196465	1.8546553
-2.6857347	3.4552531
-4.930128	-0.21752395
-2.002052	0.9113768
4.289318	1.6635904
-1.7101811	3.1350243
-2.6207254	-1.5569088
-1.8929632	-1.240078
-2.7661915	1.5061859
2.5295327	1.1863061
-4.361083	-2.6568441
-2.156808	-2.1920342
-3.3739932	-1.2931756
9.19901	0.8463519
-3.265641	0.6740641
-1.0934726	2.0755956
-2.5976458	-2.7727888
-3.0095599	0.6494816
-0.95208526	4.6698837
-4.2441864	1.923226
-5.641996	-1.9104936
-2.402628	1.5853132
-0.8863467	-1.6320069
-1.8243127	4.139794
8.442483	2.243379
2.8099716	3.169661
0.59573674	2.3356173
-0.6903132	0.983763
0.729832	4.4732227
-1.415613	-2.931935
-0.69874525	0.5905043
-3.8617384	-1.7003505
2.984851	1.4024059
9.631048	1.4205401
-3.9806209	-0.76784515
1.1287187	0.2239424
-3.0122077	3.1235976
-3.061514	-1.3535495
-6.0489945	-1.307811
-2.1489806	1.5124187
-3.5457342	1.8545812
-6.0251627	-1.8926897
8.8609085	0.8031109
0.38449478	2.775903
2.408996	3.3943114
-0.9257515	-0.5355417
2.785778	-5.823779
1.4032545	5.465579
-3.011353	3.133355
1.6720384	-0.42954594
0.6052689	2.2721329
-4.8049016	0.48274118
-6.5078497	-2.4457886
8.8062315	0.32436165
2.8345463	-6.0037723
-2.3900638	-0.35357937
-2.1375315	0.8710295
1.239552	2.9332333
3.5137405	3.3264697
-6.118838	-2.8529549
-3.6413515	1.6508837
-2.9064415	-1.067756
3.6665976	5.740942
0.5342144	1.1825243
-7.1159286	-0.9206954
-4.125862	2.5636191
9.910715	4.1054416
-5.987011	-2.310806
-1.0004485	-2.7131522
-3.98853	2.5532398
-0.06584496	4.140314
-0.9605436	1.7745179
-3.8552816	-2.7736635
-3.9998033	-0.27766708
-6.3469386	-2.3964372
-6.9064226	-0.324475
2.9790297	-0.79387254
-1.4587622	-0.08017055
-1.1587176	-2.7173326
-3.903272	1.0198181
0.46269932	4.2063932
-1.2603432	4.645362
-0.832203	4.215876
2.673661	-0.37881353
1.5202813	-0.16550602
-6.5402393	-2.1031158
-1.9657032	-2.5883641
-5.8915515	-0.94689107
-1.3120867	3.0147967
-3.9451716	-0.69874585
9.212867	4.284912
0.64472526	2.4266162
-0.6266954	0.06295259
3.6667936	1.1909043
-0.683686	3.5016994
-5.0612874	-2.264616
-6.748395	-0.57165617
-1.0974702	-2.2316937
-3.8651805	0.83197725
1.967061	-0.7810716
-0.4225692	0.8717896
-6.2735515	-0.36305746
0.6494933	1.5138366
-6.2726655	-1.7722934
-4.0080237	-1.1082238
-5.5971403	0.017187044
-7.335183	-0.7237705
-0.6502113	4.3959374
-6.139814	-1.8073269
-2.9515562	-1.6328155
-5.7807856	-2.6769173
-4.796209	-2.0304427
2.6996193	-5.74523
-6.155093	-2.310904
9.965721	0.4251778
-4.8834662	-0.31832165
-4.1358037	2.5527756
2.809061	1.3782834
-1.4030637	0.47458616
-3.4282107	-2.2882018
-3.328068	-2.8717265
-1.0632784	0.50595903
-0.80301017	1.2205039
0.930708	6.334733
-3.716869	0.19951484
-0.109431535	0.9618245
-4.187505	-1.6269109
1.2048126	-1.2564152
-2.0216258	-0.2097666
-0.27250135	2.127425
-0.1977637	-0.5460733
1.3781223	-0.13874906
1.9850938	2.8075702
-0.9609827	0.8719358
-6.5844297	-2.31242
2.28527	-0.41089872
2.615423	3.1825256
-0.38434792	-1.3754448
-4.300567	0.019890852
-3.710807	-1.9825829
-5.1195536	-0.3087097
2.478892	-0.6770159
-6.6121774	-0.49881282
-4.4443383	-2.5480628
-5.12586	-2.0884492
3.251412	5.982794
-3.049384	1.946193
0.7829144	-1.0989641
-1.9642519	-0.8868748
1.2903016	-1.4622504
2.9424386	5.8772154
-0.061291754	1.8545762
0.73855025	2.1810193
-6.344686	-2.4002385
-2.0331442	-1.8111552
-2.8479414	3.42982
0.016327322	-2.4608428
-6.4516535	-0.11692195
-4.274539	1.8984704
-1.5803322	3.2914696
-2.7294645	3.5599043
-1.6880507	-2.5670607
-0.8795911	0.9048635
-1.9146494	-1.9621031
-6.8912997	-0.5090378
-0.3355037	-1.3007374
-5.062015	-0.5884111
-1.4904196	1.4185638
0.74245155	1.2618883
0.554836	-0.8179255
-1.3719474	2.9556706
-3.0089257	-2.5240264
4.2227864	2.4075358
3.012531	2.6822584
0.38471624	1.8857101
9.354198	4.4404607
0.66247237	5.6728954
4.4088893	3.2917953
3.6846504	5.7600317
2.833493	-6.1623483
-1.7253251	0.6222464
-5.85744	-1.3135906
2.6632702	4.2299957
0.4981086	1.7437295
0.6307646	-1.0654645
-0.3437536	-1.5940772
-3.4865549	-2.3053994
2.1785586	0.15336268
-4.158697	-2.3458471
9.801424	0.82831794
-2.194072	-2.6135695
-5.410564	-2.7235887
1.3926867	1.5344179
9.760872	4.16273
2.4131515	-0.47650802
-6.114888	-1.7300249
-6.2467637	-2.1289515
-4.514542	-2.4999094
1.3709387	5.4617467
-1.7004172	1.6809334
-2.6713831	-0.17372787
3.2045228	6.115654
9.237082	1.6105691
-1.1851125	0.5517335
-2.8900766	2.1031663
3.230723	-5.860239
9.247518	1.3637023
-4.0315475	-0.9632275
-3.611642	2.6373322
-2.052731	3.9361787
-0.68220985	0.45706767
-6.7757473	-2.1740332
-5.650631	-2.6349256
2.7467031	2.8498993
2.3342671	2.2096198
2.150143	-0.2822885
-4.7914867	0.96539485
-1.2637056	1.4646921
-3.6335654	2.6324291
-0.7652189	-2.658704
2.1492999	5.1255503
1.4609796	-0.21527565
-5.7484555	-0.6587972
-0.23350972	0.14845955
1.9477727	-2.0323699
-4.027241	-1.1581188
-3.4711618	1.0727332
-3.9310563	-2.5435631
-3.9120462	-2.864825
-3.855493	2.4503694
-0.45813155	-2.4378057
-0.4547209	0.22698234
-1.7925895	3.5111685
-2.5221052	2.1250646
-4.612256	0.82708377
-0.24490145	1.483772
-6.193397	-1.3219702
-0.23304795	-2.8816557
-4.1737933	-1.5656549
2.8792725	-0.7965325
-6.2597566	-1.7417834
-2.654876	-1.6286832
1.5256306	4.8155985
2.0051715	-1.9837846
-0.058833152	-2.3982038
-2.2514217	3.2007155
-0.29285726	-1.5556992
-6.0603104	0.417886
-4.3060536	2.2410002
-2.4350123	3.1919284
-2.7756999	3.1635237
-0.6445361	3.618376
-0.43348494	3.3190036
-3.9515786	1.1851344
0.63340557	-0.89537185
3.3539374	-4.0529237
-1.2121705	3.406933
-2.435724	4.025516
3.0913877	6.1675415
-0.40833947	-1.4504663
-0.59889525	1.3297483
0.68072426	1.1140581
-0.60404724	-0.118609235
-6.150037	0.5314099
-6.3740315	-0.14517182
-2.3193212	3.1919668
-2.8726807	-1.8053248
-4.2921057	0.9302042
2.494924	1.1826029
-0.23500516	5.414017
-1.6367769	1.3770908
-1.6219012	-0.22252329
-2.4856727	3.2815197
10.033427	3.3185692
-4.452023	-0.99408644
-3.0831504	1.9572788
-6.318779	-2.1607244
2.0693302	-3.3650196
-0.69691926	0.3454455
-3.1323516	1.2402217
-6.3293333	0.7302369
2.3611205	6.437591
-3.3489332	-3.0523143
-1.7837787	3.0496204
1.9659505	-0.6552241
3.3910615	5.835028
-6.540928	-0.06683866
-1.2922337	0.5741063
-4.5240893	0.2604999
-2.4479704	-1.2945993
0.41646945	3.8530517
-4.2206564	-2.8266947
9.7969055	1.3676934
1.9757882	5.8498588
-3.9842362	-1.8914113
1.7864081	5.8669558
-0.7406618	0.7772669
-1.8821685	4.1186976
0.63377774	-1.9839184
-6.033298	-0.12444669
-1.9076058	-3.0036786
-0.5120881	-1.4778078
-1.4951934	-0.5746661
-6.2445817	-1.3293965
-6.5132484	-0.5414985
-1.5381417	-2.7770534
-2.7663643	-0.7997307
-2.2661595	3.1075377
-1.7780923	-2.462712
-2.8576713	0.9717367
9.849966	1.2477001
-3.1332872	2.7822545
-2.364149	1.233418
-6.3878794	-1.1292474
-5.5543203	-0.75125533
-4.373715	0.10268206
-4.6374693	-1.5056655
-4.3378363	-2.4380417
-3.353151	0.95522743
-0.94579506	0.8578768
-1.0746686	2.7570376
1.6700711	-0.11720516
0.6004566	4.2662244
9.690111	1.4136332
-3.3013809	-1.8964193
-1.4303185	-2.2067716
1.7992995	6.284214
2.2428014	-0.6347653
-1.926144	-3.1664772
-2.0673368	0.86057836
-3.4776163	0.8165876
-6.308703	-0.13512775
0.02568043	0.14625874
-4.267998	-0.6692285
-0.5866431	1.555086
-1.3792992	3.0941653
1.4862027	2.0383503
-2.190983	1.5924287
-3.992111	-2.1919227
9.3696785	3.4493217
1.1464418	5.378387
-2.3222413	1.6258353
-6.2987986	-1.7659994
1.1539427	-0.24765752
-2.989664	-2.9256306
4.682917	5.904655
-3.8805308	-2.2377222
-2.6911726	1.1348488
2.381003	-0.7942748
-4.5165725	-0.5567762
-2.5858018	1.6767412
-2.146768	3.011906
-6.7699847	-0.29908305
-2.3514519	2.6079717
-2.0777836	3.2283404
-2.2854269	-0.12416955
-2.494436	1.3693656
9.939373	1.4733741
2.9786155	3.708061
-0.14021088	1.8693677
-3.2286503	0.8226603
0.9444418	5.464148
-0.08495881	1.7546427
-1.581128	1.4389046
-0.8686444	3.9544709
-3.1156406	-2.833932
-4.3898506	0.88235
-2.6806347	1.7088336
2.2045774	6.427687
3.1254635	-4.4629574
-4.372248	0.10464204
-5.022122	0.087118156
0.79554087	1.542016
-6.4026875	-1.3411663
4.986694	2.7144911
4.61082	2.9672565
9.621168	0.64815396
-0.99615675	-2.5104458
-2.6163373	2.9791346
1.4409025	1.5627282
-5.6288695	-1.9162581
-0.21539797	2.6612463
-1.5767525	4.129389
-2.438897	-0.9662907
-1.4925895	1.4200575
1.7651734	1.4623014
-6.242324	-1.113168
2.4311008	-0.77858526
-1.5809003	2.766874
-1.098859	-2.937951
-2.7513998	1.9053264
9.794072	2.3712156
-3.4586363	-0.42533186
-4.4638214	1.5828227
-3.7169752	-2.281279
-4.4391203	-0.24520807
-1.1870806	4.4098725
8.826748	1.0402038
-1.2956276	-2.6402373
-3.9257798	-0.19467777
-1.3955718	3.1708784
0.12822714	2.3181427
4.2734547	1.655336
-2.4819756	-2.4289224
-3.6805038	-1.3870744
-0.49228394	1.096841
-5.5751004	0.80057603
-0.60031617	-2.6336038
8.866327	2.680058
-2.1363227	3.5975406
-1.379174	-0.33030072
1.1009678	2.3312838
-4.8050013	0.08948179
9.603603	1.2222637
-0.78381705	-2.0759916
2.385947	-0.5262504
-5.7384915	-2.0914893
-1.5105184	-2.3030286
-1.3996434	3.0378914
9.654262	0.5933205
1.6741651	-0.32064107
-5.9560227	-2.088525
9.592366	0.47977203
-3.0195565	-1.1049333
-2.9967642	-2.0981293
-1.3265547	-1.3323919
-0.36817944	-0.92035335
-4.2435365	1.9109341
-6.2376595	-2.7380424
-2.7944446	0.9583306
-2.6344688	1.8578463
-2.1220572	2.3299723
3.2025278	2.2337449
-6.1505885	-0.7968135
3.9043648	1.3744996
-1.9200246	3.9649928
2.1244473	0.257082
-7.006471	-0.232931
-6.4719257	-2.313454
-3.5626729	-0.64816296
-1.1530197	-2.7024882
-0.43688476	2.1008837
-1.9961938	2.6719065
-1.6081147	1.2220803
-6.0628185	-1.9636726
-1.0040972	-2.584877
-1.0494179	-2.9468281
-1.5432801	-3.0413704
-4.041574	2.4534514
0.59904385	2.7029228
-0.019744506	0.4613078
-3.5939186	-2.9874718
-0.5903454	2.298956
-4.2521186	0.31199455
1.9092898	2.104928
-6.4575434	-1.9905142
0.5673801	4.4931755
9.966178	3.238118
9.445762	0.9240761
3.8469522	3.71608
1.7366691	0.66506535
-5.8858643	-2.6373005
-6.27799	-2.5751991
-3.8172584	0.36215627
-1.8296605	3.1124718
-4.348988	0.7159544
-0.43310446	-2.466264
-0.43181965	-0.023689436
-1.0128766	1.507065
-6.158933	-0.05895033
3.6880252	1.2755102
-0.9508784	-2.502504
9.243436	4.472715
-5.5044575	-2.6329527
0.03088911	5.957448
-3.9321184	-2.8147042
10.110705	3.2454724
-4.2951074	0.080166094
-4.2905645	0.073318794
-6.9347143	-0.19739883
-5.6065946	-1.984813
-2.2000868	2.27531
9.316547	3.4274123
-6.9953094	-1.4085163
-2.902045	1.5472347
-6.9227448	0.09142714
3.1928687	6.145216
-0.17486863	-0.7237085
-1.821325	1.7022017
-1.6229799	4.7292933
-3.1571453	-2.2500484
-1.6110432	3.936982
-4.0069337	-2.8296664
-1.895969	-1.741222
-4.5861435	-2.8357816
-3.2706215	-1.9196848
-6.2138605	-0.94471323
-2.625187	-1.1431262
-3.4050477	1.0847647
-0.9878751	4.7441297
-4.1835413	-0.44388476
0.7388752	2.8592422
1.5239042	-1.2741836
-6.571952	-0.54128563
-7.011231	-1.3100266
-3.7794979	-2.6562412
-0.31688386	4.217643
-1.1827031	-0.014653751
-1.6581068	-1.5187074
1.7050663	6.490464
-3.091061	-0.7084274
-0.24652947	5.42049
-2.703926	-2.636956
-2.6036587	1.5487577
1.0526035	2.9311671
0.7323172	1.3238716
-4.872725	-1.8216275
-3.7341702	-1.8666475
-0.1891955	5.7147694
-0.7125872	4.8485346
-4.1190367	-1.2907827
-1.2502759	-0.4818931
5.24657	3.170987
-4.656454	-2.4231715
-1.1289518	-2.1308444
2.0009754	0.15148608
-6.423538	-0.617514
-1.1020159	-2.517564
-3.8958855	2.6281776
3.418316	-4.624047
-5.791227	-1.6488069
-4.9085765	-1.3608028
1.4763275	5.4959373
1.9752756	0.18265116
-1.6087106	4.196041
1.7396132	0.669298
-6.657304	0.3942309
-3.9320114	2.60525
2.0042114	5.8583994
2.7840054	2.4035537
0.44460467	1.187
1.0470703	1.1410314
2.3011181	-0.73824525
8.847842	4.207282
1.8612845	-0.9290866
-2.1334214	-1.943802
-5.265783	-2.7806087
-0.10945127	2.3360355
-1.1622812	-1.5993445
-2.0176435	-1.7359561
-2.3770669	-2.3024805
1.7423713	-1.196994
-7.017087	-1.3167038
2.090561	0.24672492
-1.5229146	1.0538328
-0.34501928	-1.4270853
0.54614305	2.0902069
-6.6368513	-2.3205283
-7.151049	-0.45317298
3.2746735	-0.97353905
-3.1517344	1.0654498
1.8853095	5.825877
-3.8540144	0.53152114
-0.03627396	4.3448515
-1.4021258	3.4130518
0.19463058	4.312432
2.816889	-6.1442614
0.5135054	-1.8035498
4.2671413	1.6609551
3.7786202	1.4493023
-2.7498062	-2.0367317
-3.743282	-0.248242
-2.032655	3.6888745
-5.163992	0.041598275
4.3619447	3.382295
-1.6779294	3.5729923
2.6932101	-5.2829204
-1.0923436	2.6702988
-3.5506043	-2.1873927
-1.3096578	5.047984
-2.5694354	1.4985641
-3.117623	3.07804
-4.16517	-1.3714993
-0.82086736	-1.9050819
-3.608347	-0.10617572
1.4067544	5.4695034
3.6403441	1.1095229
-1.6985846	0.90083146
0.00483749	5.9316583
-0.72023785	-0.7807765
0.29807842	5.4017425
3.7935216	3.5518668
1.6561188	3.0103047
-3.4646373	1.9474574
9.288572	4.4993157
9.867445	2.3997467
9.614438	0.73710424
-0.10186468	3.8593426
-6.9021635	-0.2518142
-6.6553893	0.2839205
2.7725973	6.8799114
-0.81098	-0.7350574
9.579142	3.5265157
-4.6237073	0.010457336
-1.5079352	3.257838
2.4288158	-1.3637414
-1.7814498	-2.2324724
2.2661257	6.600256
-1.3169975	-0.9814772
-2.946265	-3.0693655
-0.4673025	-2.9042082
-6.1399765	-0.96426463
-6.1025023	-1.8784802
1.1150603	1.2146833
-3.049366	-2.3954227
1.876149	-3.6832724
9.68922	1.6256021
-2.494419	-0.40942553
-6.983178	-1.4248035
-3.747435	-2.134387
-1.7141929	1.3220422
-1.2152213	-2.6975853
-2.7740736	-2.8910985
-2.974301	2.1089144
0.40445313	5.4943566
-4.149977	0.18329254
2.3071158	-0.70973736
-0.3946156	3.285717
-1.854645	1.731926
4.7351804	5.8982854
-6.0228715	-0.14598766
-6.7653437	-0.9764184
-6.933971	-0.6289696
0.19917703	2.5337543
9.827548	2.1496606
-6.4965773	-0.36548465
-3.378558	1.0867823
-3.2297623	0.95704234
-5.013136	0.1478767
1.8790375	-0.9290898
-1.2469226	-2.6507258
8.808164	0.5752547
-0.12010297	4.4314084
2.1170685	5.6939354
-4.0111103	-2.732197
-1.9173155	1.5905913
-2.705732	-1.6231495
1.620002	-1.4774338
4.525912	3.6567116
-3.8345897	2.7515094
-4.4284315	1.1308899
0.80337006	2.5230854
-3.6464844	2.1048675
-1.0733787	-0.48146117
-5.812858	-0.70212877
-3.0764618	-2.3658943
3.2566037	-0.9059191
-3.466399	0.26482594
2.0223022	-0.736506
-2.4763658	-2.4159281
-3.8221776	-0.43237436
-2.6847482	1.646182
-6.4445276	-1.3101192
-3.3802862	-2.1053681
2.0684686	-3.0739334
9.909633	4.520596
-2.023624	1.6954346
8.930955	1.1589092
2.9692266	6.838693
9.49584	1.3130267
-3.1641037	2.7313437
-1.6287918	1.4593134
-0.707802	3.216055
1.722832	0.7476085
-3.41542	0.5401538
2.7197266	-1.436173
0.1595734	2.7584848
-1.6331687	2.9633956
9.417215	4.376895
0.22152628	-0.78673184
-3.8093228	0.0746978
-0.8940407	-0.38458154
-3.5873828	-0.20536304
-0.48755175	-2.7665582
1.4477587	4.9747496
4.025007	6.245852
1.7186017	0.73324627
-1.3823314	3.3485081
-4.4191427	-2.5195847
-6.104344	0.51012003
-0.9254517	-2.5536537
-2.668178	3.7798517
9.912692	4.120239
5.994261	2.1606755
1.5291736	2.172476
0.70337605	1.4182997
-3.4765468	1.9420048
2.8718853	-0.1481079
-3.8061745	2.42632
-3.9828985	-2.1638713
-3.525098	-1.6384835
1.5690699	0.33009282
1.62328	2.5261695
1.9764377	-0.6429995
-1.4904509	-2.391123
-0.73839855	0.74992275
2.6638336	-1.5140201
-5.9284825	-1.8238401
-3.3333523	-2.4120228
-1.2104503	3.1583512
-3.847807	2.184044
-6.3018537	-0.5684515
-6.7214465	-0.7100947
-1.584726	2.8118272
-3.9379578	2.6286762
-0.18869911	1.0500244
-1.9848486	-3.0193708
1.600113	6.225232
1.6313835	-1.1239889
-1.3164169	-0.44935977
-4.0215836	-1.6564718
0.41410232	-1.5542876
-2.1614623	-2.189468
-5.40279	0.37564763
-0.6149965	-0.053534124
-3.762378	-0.23224178
-1.074223	4.4455576
1.8706008	-1.1323111
-2.225883	2.2675815
-3.973089	-0.31328982
-3.368236	-1.270924
-1.6613346	4.772952
0.15356645	2.6563196
-4.4746003	-1.7510715
2.328867	-0.7494774
1.7039948	6.128572
-3.9177465	-2.6821814
-3.9073393	2.1742356
5.7525644	3.0361235
-2.2750633	1.1458756
3.2957695	-4.213155
8.929934	1.350163
-2.0687485	0.33341858
0.46188948	-0.7229953
