48.445293	54.74677
49.871216	52.33114
49.644005	50.31431
49.587547	49.99255
49.616882	50.147495
49.57508	50.077168
49.539627	50.012688
49.67872	49.991173
49.499996	49.931255
49.203182	49.736137
49.494278	50.167023
49.661133	53.969402
48.246243	43.080868
50.40694	54.42719
48.997654	42.650455
49.167915	42.43851
48.62772	43.705616
48.600487	43.691097
49.330143	54.425934
49.540283	54.377743
49.108685	54.402737
49.39321	54.562115
49.463314	54.234676
49.161324	53.95932
49.145596	54.03232
49.21708	54.137966
33.6973	49.180515
50.811028	47.259468
48.26581	56.141632
49.32279	49.27527
48.785408	49.533787
48.58072	49.39698
49.038906	53.532104
49.029224	53.683384
49.596428	54.090954
50.11241	54.41664
49.68284	54.373978
49.94678	54.521076
52.604454	55.544357
33.647377	49.195633
50.13847	46.879642
33.504635	49.015484
50.2047	46.826897
33.473465	49.04613
33.477028	49.037617
48.581768	56.64803
50.56601	47.098778
48.406208	56.656284
48.558857	53.855694
48.57031	53.811024
48.36355	49.33904
48.251617	49.311024
49.115772	49.60036
49.07285	49.567272
48.928562	49.615013
49.20504	49.736908
48.580063	43.642723
48.175144	43.44681
48.153225	56.78429
48.075436	56.351753
48.741917	49.216785
48.202538	56.729874
48.228455	56.87093
48.820663	47.084087
47.79018	56.422447
48.33629	56.67003
47.694256	56.508236
48.22958	56.50696
48.243423	56.567234
48.264065	56.67203
47.813457	56.479958
48.07821	56.73898
48.08282	56.84615
48.025597	56.82734
49.221317	47.073307
49.073112	49.541782
48.502983	56.5
49.064022	42.50162
47.965187	43.289017
47.897427	56.342773
48.847435	56.249546
48.465977	56.535374
48.91591	47.032494
48.415718	56.716805
50.130966	47.218227
50.205944	46.674976
47.696007	56.45229
48.254555	56.654324
49.960037	48.194332
49.18276	49.70692
50.024403	48.324
48.7589	47.246418
50.215588	54.387184
50.074017	54.65639
33.53971	49.300537
48.61576	55.981453
49.11338	51.107952
48.64955	50.092285
49.073105	56.01024
33.685287	49.134407
48.89394	49.51654
48.76501	56.033836
48.855675	47.240734
48.820877	49.311783
48.82378	47.10832
49.74772	54.606857
49.91609	54.550354
49.01697	49.501335
48.536335	54.440884
49.31221	54.024666
49.657707	54.31767
49.828564	54.386353
49.440723	47.091457
49.36435	47.125565
49.15859	49.588047
49.319874	49.00212
48.86763	49.13784
48.791336	49.312046
48.966522	48.997246
48.7321	49.312607
48.807106	49.608932
48.89137	49.54018
33.023148	49.729668
32.94095	49.725365
32.959846	49.690174
32.93447	49.660248
48.006226	43.405716
47.94485	43.314327
49.036655	55.84173
48.767265	56.36816
48.57092	49.39562
48.99845	49.709736
48.76453	49.63559
49.738255	54.66379
50.15623	54.351955
49.08138	52.77618
49.055088	53.09344
49.203213	50.42269
49.123642	51.27057
33.70652	49.036495
33.68013	49.054424
33.7523	49.12969
33.723717	49.022324
49.3344	49.36996
49.23898	49.880486
49.14751	50.036057
49.15413	49.804607
48.02265	43.78947
50.24287	54.437866
50.150616	54.45065
50.132744	54.435036
50.056236	54.430065
47.96802	43.76211
47.936317	43.68558
47.95308	43.759785
49.20227	54.176544
49.40026	54.156002
49.11688	54.039146
49.146835	53.975365
48.273563	49.37818
49.21701	53.948425
49.1502	54.094322
49.132896	53.95915
50.000042	54.030552
48.594025	54.376087
48.60098	54.445885
48.5696	54.308937
48.559956	54.341972
48.486187	54.64142
49.167274	49.52248
48.198887	49.294872
48.137177	49.186802
48.29383	49.35071
48.2987	49.344643
49.081974	53.73723
48.377163	49.46874
48.43336	56.32636
49.02551	49.43023
48.942356	53.733402
49.83924	52.40322
48.364582	54.78888
48.207233	56.085644
47.78246	56.3466
49.43442	42.146976
48.704113	46.50762
49.419525	42.14255
48.646248	46.994934
48.630726	46.902428
48.82899	46.95856
48.357697	56.789898
48.414536	56.708767
48.381626	56.003822
48.33364	56.090515
49.358948	49.16251
49.330708	49.06126
49.913578	54.49055
48.53086	49.314266
48.430904	46.730606
48.61703	47.023724
49.138447	49.656918
47.745384	56.530296
47.74459	56.54041
48.11786	56.74565
47.790955	56.46867
47.719975	56.492268
52.13662	56.430992
50.0512	44.28329
49.254734	42.026505
52.166553	56.39594
49.49659	42.213913
49.436794	42.20564
49.39614	42.23528
49.36013	42.225792
49.31095	42.249374
50.345577	44.59869
50.44039	44.772892
49.791584	44.058353
49.81961	44.12024
49.14965	44.357555
49.591713	44.16701
49.770386	44.114147
50.94003	47.196987
51.80632	56.479973
48.860294	56.486717
49.436413	42.276947
52.506664	56.01153
52.601276	55.726223
52.424377	56.17187
52.230324	56.29715
51.67342	56.298206
51.778187	56.352436
50.168915	46.335358
50.1671	46.25511
49.941063	45.301464
50.685654	55.61719
49.94939	45.168316
50.59478	45.154167
50.958885	45.229202
49.95151	45.29041
50.771053	55.707844
50.093735	46.933563
49.964214	46.875313
50.332077	47.234493
51.049232	45.325947
51.056095	45.402042
50.778194	47.578716
33.320477	49.412308
49.30335	46.21029
33.27504	49.47139
33.30075	49.35658
33.19271	49.33248
33.19575	49.283943
51.713795	56.3242
49.464146	46.323883
49.63407	46.403206
49.03799	55.892986
49.811237	45.211063
50.033722	45.346874
49.87247	45.202152
51.771698	56.384026
50.851402	45.84653
50.865814	45.91061
33.114635	48.97661
33.14784	48.909946
51.119133	45.47189
51.121197	45.41588
33.607212	49.161633
33.620396	49.2914
49.002903	49.2166
33.523464	49.17291
33.49509	49.22957
50.172512	46.80297
50.918064	47.36619
50.945393	47.156647
50.877346	47.172592
33.141327	48.770504
51.25113	45.89272
50.79361	46.637215
50.817585	46.649788
50.737774	46.615227
50.78834	46.701862
50.75214	47.32777
50.979675	47.14232
51.063194	46.80042
51.259346	45.75087
50.801476	47.515026
50.890614	47.277996
50.67603	47.23988
50.807377	47.203136
50.651485	47.529835
50.82288	47.311188
48.744415	56.038853
48.75026	56.04574
50.12212	46.518967
50.003937	46.480103
33.15755	48.929844
33.16393	49.01052
51.153446	45.60544
50.172745	46.65768
50.230408	46.68959
50.282	46.755314
49.903694	46.07305
50.408092	46.457767
50.35296	46.365726
50.520973	46.38806
48.655876	56.60531
48.991512	46.36762
48.777935	46.330162
52.06295	56.25391
49.946598	44.2821
49.558346	44.46398
49.88101	44.197433
48.661255	43.420685
48.554005	43.61613
48.76494	43.13027
49.13308	42.484097
47.918804	44.139927
47.893883	44.106
48.86584	46.319756
48.77848	46.334362
48.84101	46.236492
48.793087	46.240192
48.544777	46.35205
48.85472	46.404137
33.467735	49.092922
50.79099	46.0556
51.21939	45.66278
51.15639	45.715443
51.166286	45.631996
50.74409	47.655777
50.849327	47.399185
50.473648	47.80548
50.480877	47.52695
33.34649	48.56749
33.23445	48.57772
33.185574	48.5312
33.211605	48.539246
33.154236	48.535595
33.207664	48.5438
33.21361	48.607914
50.781876	47.209217
51.1618	45.902836
51.236942	45.9058
50.5794	47.924763
50.622597	47.833035
50.485905	47.961254
50.573128	47.882393
33.281155	48.581097
51.055843	47.018467
51.19076	46.367672
50.825283	47.461044
48.90099	44.487568
48.801373	44.099403
48.909588	48.95273
49.011017	48.794025
50.08768	45.442204
50.23842	46.746277
50.305447	47.594017
50.51733	47.726585
51.111656	45.423035
52.475426	56.194176
48.187317	43.846676
52.53839	56.32817
49.62759	44.04439
52.542072	56.39379
48.191296	44.469093
48.071243	44.24661
48.058754	44.22817
48.4849	44.478004
52.404423	56.11825
52.355675	56.337
49.73601	44.138176
49.70516	44.031246
48.811817	43.978527
49.935936	54.608162
48.80986	43.97866
48.278675	43.40277
48.015915	44.00771
48.05766	43.931984
49.399384	44.313602
49.540325	44.26971
49.454243	44.31136
49.719933	44.051926
48.486343	43.541237
48.476738	43.52421
48.50247	43.56503
48.44371	43.520115
48.219685	43.766945
48.240368	43.672733
49.463734	41.586193
49.078438	42.53255
49.51307	41.67825
49.49292	41.6193
49.513306	41.632004
49.504814	41.631363
49.648457	44.082783
48.59173	43.09891
48.68004	43.069237
48.70593	43.126873
52.481197	56.12396
48.160995	43.532284
48.09267	43.512146
49.4953	41.664658
48.517933	43.270298
48.475403	43.3232
48.595665	43.133816
48.677147	43.04635
48.173965	43.460682
52.76261	56.342205
52.67809	56.359367
52.748024	56.446323
49.196774	46.281975
49.47526	45.898785
51.713825	55.686493
49.98116	44.901695
51.97144	55.90317
49.62336	44.837963
51.856827	56.28039
51.92559	56.354107
49.425293	46.045074
49.001125	56.220734
49.461075	42.066494
49.477646	42.04612
50.92812	45.53835
51.008568	45.543526
50.8504	45.47329
49.408535	46.27651
52.067135	56.40862
52.006725	56.38859
51.944447	56.395557
50.399857	44.77864
52.047096	55.892284
49.86325	44.209507
52.07351	55.81019
48.63356	43.36258
52.715958	55.656128
48.85636	43.987484
49.16756	42.399227
48.83958	44.04462
48.790707	44.029015
52.599648	56.18701
52.45787	56.336952
52.65712	56.293297
49.632576	44.02158
52.629414	56.45461
49.985	44.393368
48.877483	48.085396
49.613255	55.526035
33.161373	49.19909
48.673893	48.02752
33.16047	49.18204
49.576527	55.436626
47.873177	47.189297
49.06008	48.12241
49.63396	48.08871
49.640404	48.09032
49.652264	48.109608
49.75423	55.989677
49.664024	56.016308
49.768757	55.974663
49.708504	55.927166
48.210373	45.76046
50.231617	55.582767
50.01544	47.463142
33.715782	48.259186
33.594566	48.193546
33.74327	48.27386
33.73149	48.289436
33.751472	48.25993
33.752922	48.267525
33.778023	48.306843
33.76752	48.28857
33.79994	48.37455
46.804432	45.01532
46.7727	45.172737
46.778248	45.154346
46.819798	45.106407
46.996967	45.121918
48.222523	47.187744
48.17254	47.133408
48.00821	47.058006
50.24511	55.644188
50.29504	55.767822
50.345818	55.837734
50.401028	55.795788
50.277786	55.76035
46.77583	45.1923
46.75196	45.139954
46.732254	45.099182
47.900307	43.176373
50.1156	48.154457
49.392193	48.689346
49.317295	48.694508
50.05813	48.106453
50.124237	54.420097
48.311264	47.540573
48.265648	47.43458
48.565113	45.12526
48.49619	45.128693
48.54608	45.142254
48.57632	45.143803
48.556213	45.2175
48.450928	46.574696
52.687836	55.52586
52.70431	55.562336
50.1807	55.129997
50.13954	54.8987
50.096767	55.26072
50.160206	55.41786
50.188587	55.413643
50.238766	55.427757
50.221066	55.492786
47.58621	45.402374
47.584187	45.364117
47.50125	45.468285
47.566555	45.438183
47.49384	45.421207
47.550655	45.365154
47.722538	45.532055
47.574047	45.48284
50.297493	55.57917
50.349976	55.563137
50.347076	55.540573
52.519855	55.43362
52.48508	55.47196
52.47601	55.445103
47.687786	44.413807
47.725147	44.314445
52.576622	55.487373
52.735348	55.520786
52.641914	55.62651
52.66383	55.663147
52.62816	55.788265
52.665417	55.71961
52.505154	56.27198
47.725452	44.954304
47.532753	44.800602
47.390465	44.643867
47.43658	44.508232
47.42467	44.61456
47.349655	44.542156
47.33403	44.543163
47.140015	45.236397
47.09307	45.20525
47.123787	45.24083
47.074535	45.14463
47.01166	44.96129
47.041985	44.892136
46.99786	44.79571
47.032578	44.858963
47.133545	44.490746
47.052666	44.358208
47.15072	44.396732
47.097015	44.358242
47.154667	45.249237
48.47174	46.426838
48.45475	46.17876
48.478886	46.439373
48.362034	46.75627
48.361523	46.82976
48.2709	46.0307
47.933495	47.12157
47.929085	47.146496
48.127087	46.625557
48.06201	46.78855
48.076496	46.87751
47.96923	46.874763
47.941998	46.872875
47.746902	46.3813
47.13578	46.853153
47.160946	46.776604
47.24883	46.510456
47.058365	46.82444
47.044163	46.832397
47.040726	46.83879
46.98942	46.77811
47.048656	46.816254
47.0422	46.83852
49.33126	42.114124
