1.2078332690423736	-0.1956679632311189
0.8803165813286667	-0.33985064574241913
1.0009095389159444	-0.494627226216208
1.1329259563682403	-0.24428128718879488
0.9750514637686263	-0.30529328778566994
0.7961369276221397	-0.2621991289406673
0.9446222627267127	-0.2964777721544557
1.129221618051454	-0.3697491677986415
1.126773710122621	-0.28224066962926875
0.8356778184728678	-0.38781683403132394
1.067263172914175	-0.21474638918712285
0.9091541969748786	-0.4092131214126467
0.776167415745025	-0.24110423658997768
0.944701521635651	-0.091095268252703
1.0974004790348426	-0.3797611512030046
0.8262583609350032	-0.22664980214107167
1.032960321753362	-0.07575493479967035
1.153316902137257	-0.20808093776002312
0.9274224083087437	-0.012546619823535415
1.1554221214655653	-0.05786686940125266
1.030811264346046	-0.13582056684841387
0.9975393334220369	-0.22537571589381095
1.0346438872977195	-0.06815824615381585
0.9965280894733944	0.04063603452796538
1.1032366853464386	-0.2158102073978903
0.9479641615979949	-0.13227351237134694
1.0106118602498535	0.14703074253892406
1.2233621238744132	-0.06097430191231987
0.8200493100339228	-0.010135052422303094
0.863205153331827	-0.012003309859986686
1.003553607840614	0.01723026941722821
0.8661748745810963	-0.004959284615874097
1.1775942280468539	0.052019919080303574
0.9206237248075291	-0.05277437839789435
0.9426536352141354	0.1866026114399381
0.9943035012012391	-0.041223718720904065
0.9653609119083912	0.08471363226860398
0.8953557213711512	-0.014214386523171321
0.920088566295626	-0.15270721830275055
0.81212258418961	0.02143173838846013
0.8804819065653665	0.1622712782872153
0.8607638361538902	-0.02876101474073836
0.8311843004295167	0.029834943617040158
0.6691344871428626	0.2888250295208643
0.9582172705522789	0.05108397960399927
0.900231688385711	0.2224089068908156
0.9681379264935149	0.10636883943943651
0.9509721366821959	0.1777179117934793
1.021584129463351	0.1556724298324299
0.8885929220025189	0.36581346180456675
1.0834546672947858	0.019158052549640203
0.9273474848671398	0.18146194626576156
0.6598266255181103	0.23401048864655322
0.9021697479769153	0.14634646365050014
0.8142757808175061	0.11351818025204263
0.7792505241812031	0.48783318739615456
0.9075433132638762	0.10874642526539108
0.888588915212667	0.10623120938080208
0.964576438181162	0.4587587427545178
0.9893215817835885	0.10733578544155542
0.951048489586912	0.6387134103501295
0.8905250580072067	0.2424877995794859
0.6978208998710906	0.534073385867358
0.770070652929572	0.500716537763414
0.8900780489065879	0.29321692428106055
0.8877512178817011	0.5275546890910585
0.947318609698421	0.316933888785413
0.7062198917706156	0.5735779251794818
0.7306663271385759	0.3190646638073888
0.8010330240603287	0.2634864882655037
0.963307770427444	0.5509180088529974
0.7399451492510485	0.4379573754216208
0.7941350578542772	0.4910609402098807
0.8815757284714666	0.2693937255945857
0.8059645945925544	0.7150868952414653
0.5602653531990659	0.4672923043056557
0.8153093863046126	0.4807353476977457
0.8478540504639307	0.5065443492284292
0.6438719447948245	0.6258657191339814
0.7249137479820678	0.4648309419351092
0.7697064183361675	0.47619983780471237
0.5221605676497505	0.5780591703357826
1.0010091700779364	0.48935739771944897
0.9540418137220368	0.6478151925453459
0.7885976245061186	0.7225197316516792
0.5549888960744263	0.5517209005134518
0.6774400840641548	0.7232037996578267
0.622696260176752	0.5526377113645012
0.47778313156809304	0.5280453444573561
0.5465743072890678	0.8623791913042829
0.8403397099220418	0.7648901096064562
0.7325976113733236	0.6263906567144202
0.653101674452669	0.7475213344367613
0.6700816314310423	0.8465580159482027
0.7910911580469533	0.5654456293751824
0.5556529319517648	0.7168141262200652
0.5928322419211418	0.6049667330205604
0.6949001078068364	0.6857903677853664
0.7389093277881305	0.4715839777882537
0.6504605593919716	0.7598753073163673
0.6675251515378832	0.6848254351708747
0.8266985733705174	0.8457502044279296
0.4635447232304397	0.5445359815718349
0.8094947440959311	0.8028481801665878
0.8077034376619504	0.8777192285360707
0.4495932169768821	0.6068827045198046
0.6512861284422788	0.62739172401789
0.6045208527316139	0.7267487555724444
0.6814308453086403	1.0507944712014876
0.7225514969030905	0.7605380206354234
0.47891434735484206	0.8985991146119799
0.8563607521418174	0.7887178069670088
0.4273069712897349	0.6669851305728889
0.48834834243935865	1.0660729295211804
0.4781238654200113	1.0823356575350436
0.37478428712842604	1.155321080809471
0.4222146256950997	0.8778409483914713
0.6652922426753772	0.98047534246741
0.45163033507730477	0.9422757461735469
0.5401696785078391	1.0453089132421514
0.3919618747151598	0.9900531950182987
0.6039436514260519	1.1213929891643262
0.5801230260708982	0.8668248782639861
0.3288583504393351	0.9932313983411014
0.4762577028724431	0.908791394307622
0.6380285200709667	1.193870942204672
0.3287986841876991	1.1308264370349201
0.6525496276682685	1.0061556177404096
0.1939817164123434	1.2836372070718245
0.208547931168183	1.027662578304452
0.7497359935082168	1.2276013805894204
0.23409701603592312	0.9986272345628273
0.1555482065594281	1.1418662947367892
0.19931782650328986	1.1153941311917166
0.3058452371549699	1.3302001773121181
0.4818542646059228	1.259717178387216
0.43963367138962	1.254969799459477
0.40966539572787086	1.1657869816700344
0.37609029022439366	0.8501047592441435
0.31004081506085485	1.3024418589638975
0.2753989450330648	1.1454984673770816
0.18016770288174722	1.1272334743804602
0.11206169994946166	1.3793609467819898
0.4331469092279948	1.14774209320482
0.3150845385917488	1.262104818074656
0.020731454325479237	1.1006620582677822
0.11401469262953519	1.1166340551123415
0.3379401016414201	1.2789533831768267
0.31463423849054883	1.2953746619463833
-0.0022195398653164222	0.8721279280751788
0.24613214242817405	1.1974867406162835
0.1169992226963584	1.1111160626931358
0.21550381030386886	1.3332012189949853
0.09278060534953941	1.686501693907892
-0.1026727187615232	1.108806156245231
0.44540564349167966	1.427340951170975
-0.10628168851517794	1.183551370822684
0.20862764442621773	1.1448406662837507
0.0722296818562578	1.1271257786380824
0.22962518967976872	1.189357971776196
0.11966395504550105	1.329417510348927
-0.11258903248609106	1.423708934932373
-0.027021611485709127	1.0007864795090144
-0.01831730225953304	1.1500926056962115
0.13216520847323923	1.3415171277623583
-0.08336580753412504	1.4986489043905693
0.22958070941371736	1.1902761521887508
-0.047794782195409384	1.3276434848418122
0.05526852643937681	1.1693768855394444
-0.09243909863084736	1.1806702984426425
0.19033806961024805	1.823101951154707
0.057509864052719795	1.2429394896852437
0.11295546295102485	1.7882143877787873
-0.1194941064906807	1.31924930915132
-0.08840391237938214	1.311261359659219
-0.08051514156787053	1.3456254060055794
-0.2954933564022014	1.2589495644345658
0.05880850869251142	1.481718059621498
-0.25787401291348655	1.232824098540347
-0.11083958927524276	1.5180872876010811
-0.2833725797824439	1.1895378813417266
-0.05072041893415909	1.640741835764347
-0.03253334709889488	1.271295209769899
-0.48019566726201934	1.3564638718516766
-0.06978229891809548	1.5052269699407415
-0.1900577797025764	1.4513970258521827
-0.25359555793283484	1.0133276903275774
0.02679905390602555	1.5309736235771354
-0.2677813505766241	1.3893513106655169
-0.27295622675562514	1.6348808237882009
-0.08878072786821431	1.529293596440755
-0.17244351145371228	1.6217864267119126
-0.2520608756647799	1.3854928766814365
-0.46617986975134384	1.4716957716093242
-0.38331423141629417	1.426630027210789
-0.4410658450626745	1.6110221988915008
-0.2886407557416392	1.4202329311757063
-0.3581312685364229	1.3007016950899968
-0.2972411102415289	1.2742595577301765
-0.41079532554727455	1.4285574743417166
-0.2184358873560886	1.584239328128419
-0.48232601683529247	1.4434805753569206
-0.22448389650828643	1.2284246510617334
0.16562267800025876	1.9516749264302495
-0.5689662369611566	1.3874411133051185
-0.6968668897241932	1.275374504750094
-0.27657336364604485	1.517355929455443
-0.47181416384071606	1.4316353976905083
-0.34202953923560997	1.5988686456127017
-0.6948924008937141	1.4615869250820877
-0.18581910259346324	1.6985206514982356
-0.8806825116828122	1.491438667437467
-0.7121346050101148	1.4343315995789976
-0.8564803588197594	1.254206382081054
-0.54711034552538	1.679560794775879
-0.7762179173709067	1.4673047103103154
-0.46284594450138855	1.5856827206383084
-0.45106910763871544	1.7406567962362098
-0.4410636537375664	1.494847660511797
-0.7437179046282438	1.5800168020169694
-0.6219846759182204	1.707734918072605
-0.5010109792008466	1.8002831042599539
-0.5680395062339603	1.4602307584812293
-0.7567858648699037	1.5148231275616948
-0.7215895855086232	1.584430477742751
-0.5460190388833085	1.6354660481872636
-0.711869980277869	1.357052531332505
-0.896902499470858	1.2737588642943116
-0.8918028013195188	1.4655528066507177
-0.8019278615463066	1.9298440796460121
-0.8284743536588283	1.2336800674644062
-0.8582612748364669	1.491192986124844
-0.698104073157126	1.6301253369090412
-0.77751120889047	1.8938281776366614
-1.1005185996569156	1.8322739817329472
-0.7467438752199119	1.9257550672790178
-0.5060651214196199	1.5545266997513414
-0.691512406615747	1.496755761369585
-0.9198441940271341	1.8458950409159158
-1.0687599871720384	1.4660082332118238
-0.8203878004078726	1.6495881082459125
-1.0304897640462691	1.518665475224132
-0.886410926117946	1.49094090996168
-1.0644894650763017	1.6876032662139144
-0.6677411039083629	1.6436702159147496
-0.6768829783279491	1.6711770781952906
-0.9282489406978559	1.8504471481570623
-0.4919837801239733	1.6200823476358988
-1.2399108030304482	1.7411488327080358
-0.7091845200006186	1.6647589306772026
-0.8506366642326306	1.6881589345776993
-0.9772803941471602	1.855892901070203
-0.8015003490515702	1.9428474811886358
-1.1130607124861804	1.9554629212348518
-0.9024180618710057	1.5877295439293873
-0.8248133283786614	1.634907229804889
-1.019451444073977	1.8792677570423126
-0.8991400459432182	1.6112161432200103
-1.4041633381203715	1.3737617766449342
-0.877936206659232	1.2136141923467156
-1.4783533072692117	1.8174703389470324
-1.1903712620211329	1.6094019151524532
-1.2495655629119908	1.3718924305593039
-1.0897419185710062	1.476719617392303
-0.932321736792187	1.488915117487789
-1.0997505561696292	1.3898548172923129
-0.942083143671046	1.6205337801321107
-1.3043358601823523	1.753784034020142
-0.9000869484733086	1.4223120834772238
-1.4245388310744942	1.3008739466441763
-1.305223057031376	1.9572952247479563
-1.2514509986220603	1.6324764522262216
-1.115779539161138	1.4718817643011597
-1.3707914422991516	1.6454097474946092
-1.0613992748651726	1.4174742571052676
-1.4520106872971996	1.7737328701646977
-1.2733683590493756	1.5658200534159115
-1.7867109281748377	1.620207213599969
-1.299361040047488	1.3717575072214316
-1.1511057075071307	1.1792521267593334
-1.2597571664942198	1.3981508121341857
-1.4723048219963493	1.532477731987929
-1.0713993573761151	1.5018654715057977
-1.423026394931684	1.7483301314583162
-1.2580418102489173	1.3341565658670833
-1.357635566552267	1.4899341498764527
-1.5638007256455506	1.5572717589881906
-1.4294263475294002	1.4759162378705946
-1.5453573471893496	1.7194222730174409
-1.5756707160507324	1.8103772888832295
-1.4182754373137658	1.26150362729468
-1.7537924033167667	1.501116481161922
-1.3778768567098074	1.5314986922490892
-1.8818808072255357	1.5517414031987196
-1.4942909666736806	1.244497528148054
-1.5186913343657085	1.4229959234959395
-1.6508636590850785	1.3348655528139908
-1.5724988932675787	1.6603119022238182
-1.7169581087273065	1.8095611463968146
-1.4796715663774949	1.6633155583883108
-1.6066075701952016	1.4459873151041351
-1.372908062665496	1.4370339811947483
-1.5175320610722998	1.3734925425089475
-1.681881616882615	1.8937986983879815
-1.6272422389049461	1.4444287915145215
-1.9678303318583985	1.5115621648210593
-1.6309104025126338	1.3003639179741306
-1.8669935466952619	1.1603157073011565
-1.8639244033604103	1.2259342672005091
-1.7017702520755025	1.5502898150935887
-1.1298952871335661	1.563547883681656
-1.62901583986829	1.3181609641325245
-1.7919410838137477	1.4534644116138529
-1.7247228880235324	1.627714970374341
-1.9192778831946211	1.4529879886708614
-1.8306002109223996	1.3437791968943926
-1.951234610409138	1.2606213568544895
-1.9081231268224366	1.6396957588570913
-2.107464736265385	1.2624881170668416
-1.9842811371484055	1.3882246639823608
-1.882107823756533	1.3199797421378017
-2.075962780930696	1.3384144597242496
-1.7763182873289733	1.1108144837771468
-1.7570241299199978	1.2591683656767996
-2.045323186303114	1.3473298381615082
-1.837687950425308	1.4807259625834126
-1.7572645622997962	1.6180405500060304
-1.6808973278756616	1.278931518170851
-2.1749265146553847	1.192812928407819
-2.003312991913268	1.4440106833317738
-1.7583668858634514	1.168569697243626
-2.0789177926360547	1.320619517628296
-2.0048320124466223	1.0446925783391574
-2.2876372328817904	1.4689158166555472
-1.8612196505166527	1.2869067610211267
-1.7567034719333747	1.4925798547907962
-2.108231498273988	1.3035934228690893
-2.1276564956977224	1.6402220207162586
-2.16308321010179	1.4785385032215357
-2.090148480189826	1.541699595088968
-1.8982506744872123	1.442467413580869
-1.8850011407290161	1.204027245347977
-2.1812159873041663	1.3247453816628394
-2.112453968025852	1.058220237982389
-1.9945021301908328	1.316050121051552
-2.3691966935206232	1.129914547095327
-2.104667895500944	1.2147394176206163
-2.169773622683567	1.1266728745440944
-2.0396330225280117	1.1919921084190443
-2.160969280566216	1.4492650590096205
-2.1508874421575412	1.156322985091046
-2.421870398088959	1.213339437072875
-2.152180283738886	1.2588337929254338
-2.2391225655440308	1.285195743066434
-2.2097689650847294	1.3908420674202442
-2.2714068710184523	1.188404652927699
-2.135759862194113	1.43717187714491
-2.177493154424543	1.0409222415230315
-2.323122701317767	1.0497803745475862
-2.021500512155881	1.341230541232906
-2.4413357200767756	1.170187614414762
-2.2785332799625997	1.1816502937211573
-2.360750881889627	1.00561693804556
-2.438214438600982	1.2666829034046752
-2.4987930836434993	0.9481968421722076
-2.263299113963249	1.1191053435209597
-2.315851233655074	1.1021232574611926
-2.5367705340076827	0.9313578899876306
-2.3283573453163178	0.9710149066024385
-2.347696219018166	1.1108458194549866
-2.2222001759363885	0.9654887010874241
-2.5621741875868507	1.0007673196133826
-2.4916201118779617	1.1191486962285908
-2.499135628873978	1.1566886391117177
-2.5020554463962434	1.2425102304174729
-2.373881189832547	0.897962097127088
-2.472790991872194	0.933301289218013
-2.517202595179016	0.963400527970947
-2.2573618823485364	0.7004581582185085
-2.491608626053739	0.9324182666576211
-2.3901277539651655	0.7601627830623456
-2.59493062474911	1.1481889991404208
-2.3256449185357435	0.9569043039349157
-2.4382950215543735	0.7693423292023757
-2.7754589109522723	0.9358285994697083
-2.5262055298721813	0.903763443768684
-2.4226482865934518	1.0056648278309588
-2.317070468332853	1.0550202417459453
-2.3422649084647085	1.0654209114621251
-2.3149229861003993	0.7486370250598855
-2.5041500164584782	0.8807157084184263
-2.589383825154351	1.0600841154589697
-2.301463276712215	0.9500758182498267
-2.643559256044989	0.7931994541577733
-2.2906580985230587	0.7894212964857407
-2.7189637483292164	0.6855990158578655
-2.5928285305079872	0.7018518993070056
-2.6339355673398765	0.5881335392712683
-2.567320003611826	0.7422310192338669
-2.581566813538014	0.946034057950002
-2.7481915980402283	0.4928834412521686
-2.819355347502186	0.8691286443811159
-2.8583465308105507	0.703297622929774
-2.56971082669121	0.8266800278457067
-2.8667429314471047	0.765448260005992
-2.5318450101497794	0.5919139572446941
-2.7281835882810035	0.48279008247240507
-2.8485383748540514	0.573481590169397
-2.5800925031124087	0.8142845216727757
-2.8352606341646873	0.3957831141555076
-2.328185362063555	0.3036826262775185
-2.8854405421565223	0.8540475554903357
-2.848337835716734	0.7076789145718878
-2.3101470746165806	0.6032844830702463
-2.7906850401370504	0.5399220670956372
-2.810915969751153	0.4354243715910342
-2.559653206983182	0.6096183184918003
-2.7108603373288447	0.5683713395793688
-2.5690353653961795	0.5727483283869182
-2.4695457793529068	0.5404209682422799
-2.685161155234606	0.42823967462901313
-2.6630167353181067	0.5067345195886652
-2.746085035009497	0.2615983729634923
-2.7515664010529193	0.5923583600222385
-2.7391096139849136	0.560515308685135
-2.7172159558890843	0.4581052414099656
-2.85287665671955	0.39553657251306973
-2.812286637204121	0.5685721818723103
-2.6903113603998507	0.45703591274787725
-2.9422538257853974	0.44132511809559394
-2.6594843522601357	0.4234523646520737
-2.7612340204300265	0.5191760763340111
-2.810930001097698	0.4543184411863461
-2.932080717660782	0.554698281833325
-2.923182168416548	0.3552610542192423
-2.6251371401749273	0.10759531965166269
-3.0350496144441923	0.4331161898511975
-2.8094042399366104	0.31225241496771694
-2.957528759311931	0.3980217522732713
-2.9091206706333974	0.4889900156581033
-2.8334050399383113	0.4423090713314354
-2.7057889676278037	0.21629906279041639
-2.5460743791404603	0.2913863727082858
-2.8993692436675995	0.30340691957764
-2.9057077311167787	0.1816069676291608
-2.8474409161799326	0.5130010719895719
-2.9602719651797704	0.4035123644636446
-2.67729520852132	0.09021984184190113
-2.9224655356325058	0.22359106532356648
-2.6552542990121135	0.41369643215212437
-2.912231762988322	0.19473438362996362
-2.92677289803464	0.22388696664808824
-2.8330239774123336	0.09492239172860409
-2.7918773778832953	0.34118237394508566
-2.989407092728921	0.23217400299651328
-3.055325237462631	-0.012987385759985814
-2.9067649443198698	0.2779899247441553
-2.9723112505974996	0.2873282245355062
-3.123358324239111	0.17221149555361373
-3.1098459188876477	-0.045401500248108656
-2.6398319566115065	-0.09247402155386653
-2.948115524037338	0.1971948992249793
-2.6385019513427084	-0.07342936852101722
-3.0442358965102594	0.18525236283742655
-2.9209167545822066	0.03971276404504748
-3.055437301268741	0.20150776073012744
-2.7917300962753635	-0.07768835439521597
-2.9321227618306254	-0.11447859738664395
-3.082908694508268	-0.0011556065568041982
-2.939583434828276	0.05009567469759413
-3.2174664423090773	0.002081309967428238
-2.8532683205275413	0.23369913693646427
-2.942080753309593	0.016147809413197114
-3.1406095163090915	-0.10871428876667363
-2.8653155161213344	-0.1194752626646799
-3.0273641735200756	-0.14549431868930524
-2.7886684083275974	-0.18014387391441714
-3.0049024387305208	-0.19654074016661224
-2.863468560961055	-0.07124513772359645
-2.9087700609637324	-0.31507733042971364
-2.901536335222408	0.014322061643799094
-3.084253206270767	-0.06422048770118954
-2.9604127347220457	-0.24085680075555482
-3.054472834529054	-0.14101002302563
-2.930081520248251	-0.11130738261750137
-2.8439251550051385	-0.37040304451509687
-3.0306758961358056	-0.27539453596082264
-3.097813126745751	-0.2797535389566768
-3.1654669151652977	-0.1500928551185255
-3.1431249891243547	-0.17605364809726187
-3.0331891267702504	-0.169785072246443
-2.910788455358262	-0.32823909932897
-3.1558057180211057	-0.3201355240458358
-2.9691520978517434	-0.2136496627833454
-3.1334938071690672	-0.3188605761332596
-3.102666844485724	-0.31068325813411485
-3.149538830165976	-0.300195509850204
-3.171805377097125	-0.37193384644606925
-2.8000308748732987	-0.29119455131044675
-2.8105434270052365	-0.4839925009407365
