4.8514333	6.8187995
6.096394	11.002265
7.274908	6.5544667
5.868633	7.6082363
4.98592	12.136865
3.9322336	13.772422
4.914671	7.3456893
4.593933	1.8830312
3.7488065	5.414477
4.994118	12.090681
-3.672343	14.333169
4.2101026	8.8674555
4.6861753	8.183402
6.022546	10.844405
6.354319	10.883301
3.730278	5.344446
7.1096334	13.136873
4.694247	1.8849756
3.922613	5.427766
3.7061603	5.441892
4.756477	9.464584
4.636002	3.4844525
4.2865744	4.9156685
6.094153	11.045247
4.131508	9.530333
4.803946	1.3743122
5.5122657	6.1390996
5.4443917	5.3984656
8.274105	3.175946
4.9192767	5.3005004
3.4888852	13.210512
3.5538836	5.4954147
3.464966	13.184927
5.0684533	6.041819
6.241558	12.8406315
5.192112	8.675065
4.6753206	12.883961
10.949994	2.814631
5.0509324	13.175993
7.096397	3.7885637
9.637227	4.1256356
8.49874	7.8496776
10.730282	4.579708
5.979873	14.454078
7.8632317	6.929645
8.640724	10.360079
11.181364	4.3326592
11.460489	4.914268
7.1932	2.541711
8.170863	14.412743
9.614837	5.774234
10.115196	4.1299157
10.677548	4.617315
10.116662	4.2921824
5.8592687	14.658718
11.782499	5.4809012
9.21305	2.6887825
9.838067	12.729029
9.645478	5.804565
11.222747	5.142953
11.785186	5.5097313
7.762511	7.056783
9.891454	4.213003
3.6408536	5.1916685
8.172219	14.416384
7.951223	5.896424
8.852265	10.33639
10.921003	4.608271
8.216647	13.108667
5.1078286	3.306058
7.592278	5.920751
7.4236503	4.1204777
5.1335483	4.2929087
8.173484	7.8948774
11.278448	3.2813368
8.436472	6.323108
7.7963867	12.698849
3.6392076	5.3317933
11.295246	3.8457365
4.708255	12.8151455
7.319069	6.627665
4.731897	1.5474256
11.823907	2.8472772
9.9799795	4.0004315
8.0168915	7.5366735
11.346104	2.9574666
9.687177	2.6925282
11.177083	1.9815314
4.6347747	2.888475
6.4026074	3.2854683
8.995643	2.2625096
7.0766983	9.687205
8.394202	12.845671
8.761683	10.798156
5.630808	12.968165
7.6386576	6.007494
8.712052	11.265197
11.0687065	4.1272044
8.829781	10.19323
8.853747	-0.29927018
9.638932	0.918908
11.721625	2.5056958
11.186809	2.0152328
-2.7551064	13.814915
4.933728	2.2593255
6.813415	7.5086417
8.228584	5.094249
5.4972143	3.2997816
-2.797975	13.692046
5.141811	3.4573631
5.24445	2.723713
-2.7475336	13.831759
9.701124	13.283447
7.1168494	13.065682
10.3617115	12.248172
7.7531433	2.7319503
8.196069	7.148318
4.3558865	8.069043
-3.537877	14.745178
3.5325859	5.506877
3.477256	13.191586
5.38675	14.675774
4.151917	6.89175
4.3001065	10.457141
7.382261	10.7037945
4.713233	14.319136
4.653878	12.916572
10.983714	2.8054473
4.9102864	13.188408
7.891008	9.039233
7.3122234	6.7163258
11.809551	5.527002
10.386351	11.533556
9.775612	12.776638
7.4268537	10.715185
9.957996	4.0395036
9.511596	5.4293504
7.543546	8.813435
11.399649	4.534256
11.276966	5.0190606
8.36031	3.4089432
10.762798	4.753909
5.8564696	3.7254062
11.459198	4.436009
9.958487	3.921562
9.967031	4.0522795
10.588757	4.592515
9.795453	3.1710489
10.366811	12.172661
7.563682	5.746373
11.547056	5.209045
8.399463	12.925869
7.966851	12.575162
8.205147	4.233326
5.4481015	3.5569384
8.100692	12.757994
6.9350696	12.697897
7.800736	13.070989
9.245535	12.000748
7.7210045	8.82132
7.488641	3.5499601
11.161534	4.492096
5.096003	14.482697
9.304745	7.1291904
11.538506	3.5177023
4.4797497	12.960652
4.725024	1.5496851
5.6541567	6.08167
11.9130535	2.6906197
9.770252	4.0829515
7.2135906	7.9903536
11.596601	2.890768
9.8394165	2.8854601
11.012724	2.0456731
8.629958	1.9000939
6.2790494	4.974889
6.696304	5.1105576
6.2686505	12.710253
7.797029	8.148317
6.80281	13.694512
5.531896	13.112854
4.802606	3.5341115
9.4247675	12.504127
8.538471	11.766244
7.2976785	8.96594
8.942789	-2.1677597
5.8632784	11.616416
11.555259	2.6151335
10.61337	1.7212983
8.920685	6.738487
5.8267145	3.731315
5.3559546	6.143805
5.670593	14.951038
9.145177	7.001988
7.034644	6.648197
8.753517	6.6901045
7.4103346	12.98821
7.7065024	2.5932238
4.8546743	6.8167367
4.7089534	5.4378805
4.9396	9.956389
4.614249	14.404923
4.8956895	4.707337
5.9936233	11.854697
4.5738254	12.85081
4.0906324	12.415428
11.595229	2.9672184
4.4990907	13.208575
9.626109	12.787821
6.902136	9.034733
8.099478	10.954404
11.982687	4.5664253
11.552352	3.806395
9.184087	3.823744
8.643554	7.718593
8.162551	14.417721
9.482885	5.588851
8.350636	3.5336099
6.439611	3.0643632
6.534051	8.519533
6.6637173	11.102204
11.518075	4.4508057
7.73264	10.714554
10.70366	4.5772386
9.83956	4.2017903
11.096707	4.313048
9.335033	2.795207
9.168707	2.5829942
11.351949	5.215168
11.510947	4.419972
7.940668	9.295944
11.987674	4.389059
8.1204815	14.352184
10.408322	12.177805
7.956107	7.2223873
11.642274	3.8287845
7.6717744	3.13242
5.3049955	0.8576393
4.0815372	7.03563
11.602375	3.550132
4.406799	12.987594
7.019503	7.9900856
6.6910076	8.198831
11.763619	2.92034
6.801913	8.361183
10.249802	3.9188974
11.777031	2.8548224
8.77618	1.9998822
11.203514	1.8407493
7.851167	3.1310713
8.9437	2.0866644
5.606632	13.017146
8.268332	11.50804
7.1828213	13.595366
5.9010735	13.081272
7.5914145	10.765672
6.3008013	13.235152
8.281136	12.896418
8.43405	-2.5441272
11.09251	2.7855058
11.223779	1.8485082
6.0278025	4.515576
8.637722	0.648353
7.858525	5.1146607
5.5469427	3.4717855
-3.5261269	14.176272
7.8624415	2.025774
11.677025	4.7978783
6.128832	11.190617
11.895239	2.67955
7.919989	10.923901
11.775011	4.760447
7.6497226	3.0162547
11.130527	3.9747255
3.6581924	6.3091903
8.0412855	6.6409397
10.740485	2.761443
9.196728	2.3484704
8.907399	-0.5364071
11.832629	4.3841004
11.291948	4.381845
7.434174	11.8667345
4.3503423	4.2030787
3.6087878	6.611577
8.742066	7.8370595
10.377131	12.120008
9.331884	11.197033
9.101952	7.654985
5.793102	3.741127
7.184989	13.004025
8.731415	6.3989525
7.676228	6.358661
7.3812056	1.2239245
5.6683106	5.776536
4.9780273	4.6677766
6.0355687	11.849134
4.537533	12.914878
11.691091	2.8968012
4.1753387	12.511055
4.708316	13.118349
-2.2057908	12.768617
8.756898	7.658017
6.205787	11.698668
7.125763	11.38143
11.014627	4.0741696
10.389595	4.129372
7.3544025	9.947813
11.254763	3.6949713
9.901613	3.99503
7.9659705	2.9858427
11.797619	3.986585
11.18312	4.2706857
9.393945	2.9254882
11.26105	3.8080876
8.178309	14.4107
10.774005	5.7504683
9.936856	3.0142827
11.893722	4.1930757
9.113442	11.795478
9.2717495	2.98153
8.065626	10.2255335
8.140817	9.989538
11.624169	5.2244015
7.205093	8.775256
11.620634	4.4139123
6.3750067	14.471113
10.310521	12.3687
8.138876	9.921647
11.748881	3.9333518
9.343123	2.9703763
3.8501723	6.207759
5.0263853	13.270906
4.423657	12.982356
5.559464	4.8425436
11.900206	2.6860595
10.489048	2.5450206
11.737417	2.865541
7.477432	-2.9322731
11.295689	1.8935887
8.199619	3.323561
4.936681	13.098879
7.008167	7.0172114
6.037104	11.844329
5.5404453	13.046306
7.6828194	7.1019583
6.2834997	13.104022
9.288207	11.878643
8.418799	-2.635255
11.750679	2.507424
11.199056	1.8758513
9.167646	9.682351
9.170162	7.1599617
6.9072447	12.672813
8.195618	10.177774
7.64701	10.375736
7.141663	8.055776
5.3904476	11.509875
5.0984592	8.529479
11.18133	2.9568868
4.395229	6.849687
3.216921	12.214857
3.496011	5.622638
-3.6598623	14.487493
3.641856	13.397236
4.66746	5.916169
5.289368	3.373234
8.272232	9.608702
4.2080917	13.860371
7.6304264	8.988748
4.620461	12.832086
7.429723	-3.003922
6.1334767	11.852858
8.036729	2.9832604
10.065064	3.7424421
5.893096	-2.8350973
9.673225	2.7409887
11.490835	4.4525747
11.098933	2.7954059
10.844671	3.9154673
5.109029	13.125579
5.69369	13.458386
11.109705	3.770467
9.994191	12.690292
7.484338	9.79302
10.139055	3.7767558
2.5814593	10.786772
5.3686085	6.4190745
6.9509444	6.6222944
11.066647	2.3362029
10.185907	2.4247308
5.979895	6.549747
5.292599	4.9753456
11.047746	2.859818
6.7772408	9.28173
7.4980745	10.197654
5.156114	13.443258
4.2106047	10.591595
7.4005957	11.844817
5.8447633	13.338768
6.2487345	12.781195
7.8038926	8.394634
9.008007	9.445555
5.9019146	5.7435126
10.572546	5.7841425
6.72817	10.286401
8.991047	7.767161
8.848834	6.5455003
7.2849746	1.0928084
4.468018	8.869157
3.458463	13.213759
5.1451917	5.318122
6.1738777	12.740227
4.534417	12.918931
11.888984	2.666206
4.8117356	10.617059
4.5381823	13.164513
9.724393	12.712581
6.855191	9.174533
6.5878243	7.969883
11.435405	4.415256
9.406804	5.31779
6.3827443	11.694373
11.860425	3.538617
10.115462	3.8610034
7.1825137	2.6433065
10.246871	3.8846042
6.2562556	14.630035
9.571154	5.5159235
10.071619	3.6413963
11.835603	3.8009698
10.168246	4.0804443
9.513781	2.6852372
11.028754	3.8603818
9.140595	11.899661
9.259703	2.930037
11.636118	4.206984
11.001335	5.4055886
7.3947034	10.762696
11.769479	4.2829804
8.056906	14.3479805
9.929704	12.696806
7.3522835	7.998462
10.306084	3.8253968
11.944547	4.41165
2.661864	9.811052
5.136379	13.322796
4.435082	12.978344
4.905148	4.638886
6.802685	9.805065
11.845485	2.8075485
11.101137	3.524258
6.7342234	8.750873
11.765615	2.8661346
7.470055	-2.9591584
10.86263	1.8090799
8.078046	3.225299
5.6663957	12.989711
6.957027	6.8563046
5.333832	13.490288
5.9518194	11.771112
7.1351995	9.307097
6.223433	13.294951
8.020686	9.404598
8.071675	-3.740305
11.200614	1.80444
5.201773	2.9504323
4.9121957	2.140144
8.989371	9.394417
6.829225	5.7641196
5.42795	4.040291
4.986546	2.5426993
4.952761	2.5355597
5.0052514	12.127836
8.75081	11.0533495
9.346968	7.230387
7.602897	2.5783434
4.3819594	7.864615
4.027509	9.190607
5.018608	7.060081
-3.5707405	14.684104
3.5136395	5.5554757
-3.547256	14.73007
5.9746866	11.849314
5.5365057	14.499693
4.8313727	12.769115
10.188287	2.5054533
4.5444946	13.172339
11.2824545	4.488491
10.395048	11.968216
5.8585362	-2.5981975
9.491315	12.567203
5.8758807	11.763803
8.832601	10.990318
6.8306346	14.588167
7.818531	11.728272
6.6096992	7.3212204
8.741919	10.4025545
6.831439	14.547349
8.903561	5.6296678
10.739234	4.5129323
7.5948634	3.4862285
5.76375	5.675635
9.5558405	4.0610266
5.303037	14.63788
8.07069	10.214851
10.690438	4.5927114
8.187114	14.402712
10.643369	5.74074
11.65963	4.9000034
9.703037	2.8396618
8.079001	4.038159
10.144919	11.141504
7.562786	5.9016294
11.761249	4.2731986
9.966371	4.210531
8.088336	12.706004
7.4355254	9.808732
7.4383183	9.98252
8.72935	7.671324
7.6911473	7.482872
11.964009	4.563323
8.117345	3.2325716
3.3108788	10.04283
5.141122	13.325365
4.5002127	12.944907
6.0708737	4.86696
6.8157	9.948153
11.827091	2.8895211
9.745336	2.4514232
11.821607	2.9768577
9.710382	2.6904187
11.416689	1.9041224
8.53834	1.6546597
4.6676855	3.6577246
9.4408	5.1045465
5.6773257	13.040946
8.24337	10.241422
6.6457148	13.719608
5.9766364	11.86575
8.344578	10.322993
7.206155	12.126749
8.011582	12.846403
8.452744	-2.4790988
5.171641	10.417064
10.412648	2.6844623
11.303752	1.8600007
8.9259205	6.738823
9.328725	7.2475986
6.9496737	10.7746
8.9907465	7.0823526
9.400624	7.079125
8.520903	6.2103577
5.0402913	2.56037
8.4752	7.4933505
4.901476	3.0970736
4.8549886	2.6342993
6.296043	2.9113266
5.007358	3.230605
5.9043818	6.1525464
8.334811	2.8332934
4.933827	6.952969
5.068655	7.2561226
3.941174	13.737799
4.8658056	4.5555115
3.9648812	10.614465
6.256627	12.782369
4.8094463	12.849302
4.332482	12.480182
11.889162	2.7106516
4.5318913	13.175149
9.3773985	12.719014
6.9689093	9.76099
7.294563	7.9168873
11.614981	5.02911
7.0742493	3.7507443
7.1974726	8.824547
11.52467	4.422715
5.981993	14.709272
9.64058	5.5734634
7.199585	2.6145453
10.168027	4.104208
6.314144	14.645429
9.516098	5.564068
10.103997	3.7478936
11.519419	4.4500356
9.813085	4.119785
10.043941	3.1029325
11.782467	4.867634
9.323197	7.2081037
9.8297415	4.1950803
11.392811	5.217995
8.384878	12.926441
7.2101626	9.672076
8.795892	12.69139
7.418264	9.723779
6.349866	13.2984
11.481398	4.5115247
6.070554	14.531865
10.255232	12.46364
6.9439077	6.946485
11.694159	4.085794
7.8924103	5.5006285
6.0582304	8.846244
5.2795606	14.573654
3.6552124	6.002117
11.588244	3.5179508
4.3760304	12.945325
6.236976	5.88631
11.827609	2.8617427
8.737005	1.8703995
11.683725	2.8791409
9.028924	2.1372359
11.245107	1.8591834
8.803978	2.0424292
8.676281	3.8138373
5.504822	13.074471
7.5140586	5.8969245
7.379712	10.726988
5.2625856	13.112662
8.78368	7.726672
7.352717	11.98464
8.330568	11.598525
8.424752	-2.5332422
4.430516	12.814343
11.695205	2.55768
11.482333	1.9117955
7.842989	4.426223
4.5794	3.9845955
10.295889	12.071117
10.361809	12.167167
8.759222	6.8062673
5.3517313	2.0538294
9.595821	13.2738495
8.388451	8.640953
9.412905	2.9096713
8.789904	7.6650596
8.232605	7.7796087
7.3215275	4.0580406
7.6604	2.5507817
3.5136967	5.5592895
4.575427	12.189497
4.0654893	7.1561646
3.744548	9.819963
5.3349757	7.405152
-3.5586643	14.700722
-3.548503	14.725852
6.0010767	12.358028
4.3852534	12.423555
11.125287	2.8599248
4.487707	12.997977
4.8200483	13.127507
11.041386	4.4809036
7.9859934	11.332477
6.003836	11.838257
7.8058066	11.374305
11.009658	3.9899955
8.029862	5.1191726
6.9980617	11.244066
5.0713053	2.7264483
9.827876	3.8795013
5.96372	14.736294
10.001618	5.6385703
7.1241794	2.6124084
10.061763	4.0181212
9.314315	2.9454677
6.102139	14.755396
8.010699	10.260293
10.167955	4.0802383
8.165171	14.406141
10.901635	5.681725
10.000904	3.1561604
9.654453	4.1605353
8.265229	4.333611
9.611349	2.7475321
10.201265	3.9784791
8.536293	12.451927
6.6494236	12.755621
6.5834403	13.733125
11.863973	4.333695
8.876117	10.732939
7.8633723	7.390922
8.172153	4.7101903
6.776271	9.432261
5.1645293	3.279875
11.564111	3.541729
4.478494	12.974291
7.4526634	8.563005
4.3975434	3.2039123
11.8684435	2.8074994
6.2296495	5.625537
10.444711	4.0102777
11.58189	2.8846145
8.721042	1.9458574
11.279674	1.8638064
9.21317	3.8866303
9.752873	2.7302318
5.325747	13.080658
8.855518	11.727248
7.151946	13.551917
6.009783	12.1947365
8.672131	11.292537
8.261423	11.503977
6.0168858	0.30558413
7.267869	11.968876
8.439188	-2.492643
4.920527	12.639754
11.124815	2.786733
11.140808	1.8494023
4.3392825	6.9034114
8.67555	11.090877
8.963197	12.32665
8.896617	6.818959
4.1419	7.1318297
10.317384	12.2753105
6.1228	4.969039
5.620164	5.0396366
-3.477863	14.791487
8.487932	6.4307623
6.4472547	7.556007
2.7756839	11.158062
4.4948106	7.916515
9.5213585	13.344803
7.1799126	4.6412334
7.765134	2.5880978
4.299724	7.166516
-3.528198	14.750968
3.5639095	5.4289513
-3.5393178	14.7437525
3.4921877	13.200122
4.0297604	7.1543865
3.2841845	11.289308
7.280575	10.813441
5.1591177	10.389849
11.099785	2.8827956
4.0305295	13.75679
4.5218687	13.1051235
9.467741	12.599377
7.189823	8.843321
6.7215996	9.30294
11.47316	4.48251
9.112663	13.785966
6.7353015	6.0540347
6.9705944	8.256226
11.9257965	4.113068
6.021836	14.741999
8.449392	5.7702947
6.8259854	3.5000095
5.6084833	5.1826406
11.87396	4.5836754
6.8527317	11.321943
10.83807	3.8915367
8.095527	10.232302
10.693988	4.575768
6.300602	14.640317
10.80845	5.7250524
9.309554	2.7263064
11.879238	4.7307773
8.8551855	4.5635204
10.496229	3.62387
11.572883	5.1926465
9.300661	12.135105
8.066647	10.047038
8.637503	4.0267596
7.384695	13.532485
9.188958	10.718596
7.9380703	6.145478
7.3900313	4.1570325
5.2611704	14.562242
11.671328	3.9679954
3.9323997	7.0868998
11.493685	3.566525
4.6712513	12.967694
6.077171	4.726722
6.680312	8.176851
11.887821	2.674472
8.642004	3.930778
6.102968	5.488446
11.091152	2.878156
9.059624	2.518698
11.636233	2.1003044
7.976592	3.297096
9.677315	2.6894798
5.1542425	13.117962
8.563201	9.954304
5.7498946	13.697883
5.9767094	11.871664
8.168011	11.614342
6.3765254	13.470834
8.376214	12.834842
8.430538	-2.606808
11.754119	2.5284128
11.240683	1.8307686
7.8893676	4.236259
8.300873	7.7242603
7.4288044	0.22115694
8.911187	6.870395
7.053725	-3.3318348
10.217613	3.9062746
9.491122	0.6128198
10.304279	5.3786116
10.281767	5.3744955
8.721358	1.7542423
10.66703	4.5678525
10.01607	3.597313
10.185056	5.664895
8.429388	1.973165
10.072558	3.5979035
5.661183	4.604254
7.1949234	4.7626915
8.235729	10.611559
7.409985	6.7140927
7.0116625	9.462093
5.6861587	13.288017
8.041906	3.01807
9.403197	-1.7832941
8.139113	-3.5846364
8.231315	-3.400058
9.225037	0.18431039
7.7572346	3.5756145
11.050467	2.6306317
9.233332	1.9565201
8.887085	1.8720499
7.1788826	9.665465
9.536523	2.4390254
8.123145	0.56599784
8.235314	10.590466
9.013355	3.7355316
9.168403	3.8116887
9.0940895	12.500244
8.858234	7.606689
9.535608	0.73712337
5.1226664	12.137411
7.041509	-3.3303075
11.424676	3.5206597
8.3399725	0.5211317
11.625864	3.8936074
10.570937	3.6209095
8.388971	3.2005513
8.912792	3.622244
10.013449	2.991156
9.993056	5.588799
5.000411	6.06679
10.46846	2.7803211
7.9785347	3.6704278
9.302222	3.8674662
10.641804	3.8642528
6.131191	2.679014
11.283965	3.5172045
5.9685774	-2.624435
8.285102	-3.3471477
8.318556	-3.3117125
8.285891	-3.3458016
11.792582	3.253342
8.304038	-3.3738656
8.915028	-2.1699722
7.8348794	-3.8526273
4.870094	6.2991824
7.557011	-4.110533
9.386964	1.0808222
9.5779085	3.7824214
11.796808	2.5544937
9.02652	1.8655927
9.55693	2.2038598
7.031838	9.641829
7.0227075	5.2390223
4.1492863	12.504986
10.403913	3.9010806
11.745722	3.5466566
11.0763035	2.7382228
8.642285	3.383178
6.551594	6.829313
8.682884	3.2579358
9.046462	3.801005
6.079341	9.248562
9.166198	9.710206
5.164357	10.09173
9.129487	13.347871
11.408758	1.9521805
9.057423	0.06687666
9.439723	5.4467487
7.0453053	-3.329671
9.02969	2.1241193
10.261612	3.925719
9.862395	0.3317134
11.680064	4.0861135
8.498208	-1.4345144
11.996406	4.5344806
8.824191	1.5078849
10.153661	4.0473785
8.975311	2.61575
11.920553	5.0091696
11.348804	3.632917
10.099386	2.9640288
9.960181	3.5120904
7.855311	6.9897485
8.607588	12.779184
7.247361	8.12858
6.1787467	6.303982
5.360479	13.507111
6.455494	12.943776
8.086834	3.277343
11.498287	3.097121
8.228343	-3.42944
9.088555	1.8527349
8.024696	3.405878
11.755869	2.4382246
8.968646	1.8815459
9.664898	2.3067234
6.5143566	5.527505
9.960713	1.4878762
5.0120077	12.168675
10.021347	3.6959193
11.0534935	2.724836
11.585962	3.123388
6.4690037	10.685875
11.773327	4.845832
4.9145107	13.171495
10.30651	0.34899879
4.051214	10.582044
7.987115	6.88507
9.098887	13.501932
7.042013	-3.3321607
8.808469	0.85520285
10.99061	3.576284
5.2041945	13.309507
9.462913	3.738421
11.636941	3.463369
10.208078	3.9466217
11.032633	2.856099
5.6684866	8.174297
7.9929338	10.12245
11.029358	2.735494
10.356009	3.381628
5.9342704	7.131146
5.4207587	8.874195
3.8128123	12.189637
5.3457403	5.6921067
5.0285344	13.150493
7.1200275	9.6072855
8.287587	2.8930304
9.996826	-2.3048499
8.352081	-3.3058746
7.850898	-3.870288
9.443976	1.0595988
9.718299	1.1931919
3.0281575	10.045225
11.090114	1.8098165
9.485249	2.0152166
11.561442	3.4152434
8.350045	-3.2891319
9.609189	1.9596413
8.315347	-3.343496
9.933161	1.2981699
8.292431	-3.3790846
8.763745	-2.054753
8.819378	-2.039994
8.953344	3.7588134
10.563514	2.419929
7.434719	-2.9728663
6.878835	6.7162714
11.640627	2.8441374
8.204201	0.5685767
5.397161	11.253636
8.682467	1.6200831
10.037905	3.4700232
7.464923	-1.7303977
5.4267144	11.087933
7.0407615	-3.3334837
11.448626	3.5041695
9.810723	0.3591132
12.0180855	4.4470167
10.879388	3.7846746
11.422707	4.4662385
5.0789127	13.285815
9.716264	2.899198
7.8672643	10.694825
5.2252088	5.763315
10.531074	2.826592
11.261473	3.0695813
6.209268	5.7132096
7.0378675	6.687723
5.6296268	6.3112354
6.582897	9.619169
4.7623672	12.9374075
7.370798	10.727591
9.068387	3.477678
5.9018683	-2.6530976
8.151477	-3.5901005
6.413409	3.6677139
3.2012994	10.600136
8.831958	0.8314861
4.8506227	12.212544
10.17475	2.8613322
3.6252367	10.7294235
3.133381	11.882858
7.505248	10.758602
3.9875336	10.659882
10.054245	3.1089945
3.8182087	5.9719152
7.9798417	9.408571
3.2843711	10.320273
8.130264	-3.6104958
8.10951	-3.636436
5.080037	5.430751
5.754993	7.9469666
8.170502	-3.529472
5.2545877	5.11059
11.156384	3.5405009
8.177696	-3.52159
8.123014	-3.6225998
5.320445	5.17755
10.612607	2.6475742
9.737102	0.40656912
6.8420286	6.7553406
9.901815	3.4524026
11.403907	5.0013266
9.308825	12.903999
9.317876	7.2612696
9.578404	0.77229565
5.876659	9.360165
7.016229	-3.325466
11.016189	3.8470125
9.700032	0.51342636
10.953056	5.6208844
11.31479	4.4262967
11.940775	3.6651292
11.38009	5.1520047
10.641947	4.276977
11.850509	5.430654
5.1511683	5.7635126
10.063374	3.0825918
9.336366	3.8144844
7.3506083	8.874436
8.507636	6.8725433
8.325354	10.563178
6.9410787	9.253793
5.9877357	5.918611
5.625435	13.359761
8.292218	-3.3661013
10.766067	3.66363
8.208978	3.5999417
10.555863	2.5544
7.446072	-2.9261887
7.8984523	9.192134
11.171649	2.9008307
8.183035	0.530375
7.1386285	6.5662103
8.422581	3.060089
9.8356695	3.4888377
6.076904	9.3704815
7.5446644	-1.7477287
5.45939	10.806889
7.0370784	-3.3364575
11.071294	3.6256762
9.797177	0.314348
10.303837	5.4228477
10.110292	5.585704
10.539349	1.7007288
9.475901	3.7509391
9.642518	3.426011
11.818543	5.482438
10.373346	2.7553303
6.074857	7.135144
7.0680366	11.084925
7.708627	2.7347054
7.1970534	7.4639416
6.5058565	13.7539625
5.9794703	11.916502
5.597935	8.833231
4.974576	12.924881
8.071152	2.9745018
9.555624	-1.9174469
7.4927397	-4.1584883
9.090421	-1.8123083
9.212702	3.7626774
11.12412	2.467555
9.66703	2.1995625
10.128164	2.429333
8.125842	7.4964204
9.503209	2.431446
10.389255	2.565234
8.057016	0.6976132
6.27554	5.7378635
8.236142	2.993152
8.863525	3.7357159
5.0900126	12.124808
9.345685	0.23269883
3.684702	12.348091
8.684724	9.19421
9.044539	9.8711195
7.028643	-3.3321338
11.369066	3.4777143
9.905811	0.26077315
5.189733	13.3292
11.188072	2.1085367
11.43645	4.3152623
6.3554325	10.632283
7.469061	-2.942193
10.222368	3.7709098
8.348922	5.32968
11.300422	3.468058
11.212177	2.6641161
9.753523	3.2636855
5.435795	8.98355
5.6992493	13.368137
9.187624	3.7731571
6.925439	9.583402
5.719288	12.977739
9.678086	2.3181994
8.313649	-3.3519254
11.0503	0.8229635
8.316198	-3.3553076
8.382471	-3.1698062
8.271785	-3.3881133
4.6792006	5.8140583
8.376568	-3.2116897
5.0378046	6.00285
9.189522	3.7176592
11.085211	2.2157104
9.902204	2.2252436
9.520186	2.2081544
8.751394	7.7322783
11.049998	3.5707848
11.057399	2.8841488
11.147213	2.7737222
8.869087	-0.4704837
5.841482	11.728399
10.318056	3.4940386
5.983975	4.0455704
7.323826	-1.4583311
2.0249534	9.94346
5.6917715	3.1663983
5.874968	-2.5743368
6.913725	2.7287571
5.978816	2.8944716
5.3180804	3.182024
7.8547897	3.5532339
5.1622195	9.233722
6.209244	4.757
6.366834	2.7554076
5.0310936	4.633837
4.806288	1.3519171
4.967551	4.5793557
8.428204	-1.2118767
9.062161	0.0716361
9.483559	5.3038077
7.1929398	9.217494
6.413612	13.712075
9.112074	3.7916648
4.4128923	8.904925
7.1721783	8.046708
7.2407274	7.624763
8.644485	-2.005316
8.894351	-1.6715491
8.899924	-1.6901165
8.568264	-1.9073719
8.46018	-1.3617045
8.822463	-1.7075888
8.911514	-1.8056588
8.865412	-1.7217519
8.894027	-1.7503598
8.849045	-1.7170306
8.661434	-2.0219193
9.234862	0.02941832
4.6206465	1.8473464
10.147357	5.5672464
8.272554	-1.8971436
7.1611886	10.958776
9.39402	12.35732
8.737839	9.647753
7.517115	3.9408398
6.9188156	4.1908884
7.361868	-0.4455205
4.9678993	2.5572805
7.7377315	-1.6126258
7.3967147	-0.6473028
7.6898193	-1.1783682
8.688127	0.090103224
7.677235	-1.1923113
8.805265	10.612384
7.504948	13.066238
7.2781286	6.071204
9.606998	11.223107
9.370855	12.517688
6.2953477	3.5618584
6.8843017	10.281495
4.765973	1.3460087
8.6940975	14.193301
8.032604	10.762238
7.837335	5.3993793
8.988463	0.23976304
9.259346	13.294441
8.070522	-1.9135548
7.8430295	-1.633676
7.8282943	-1.5075085
7.916514	-1.8844241
7.921944	-1.4499859
8.224931	-2.0124776
8.25978	-1.9981208
9.374538	10.671898
7.8376017	10.751601
5.6624603	5.652901
6.4070883	14.846305
8.860981	7.8064404
8.508203	12.9598055
9.14995	5.6077604
7.9883466	2.4239347
9.156594	9.707482
4.7355337	1.9993854
7.82065	-0.26590553
7.927925	10.843498
7.6406903	-0.7514258
5.5842223	0.94241387
7.4105973	-0.6764901
6.568356	3.8677433
7.558734	7.7701874
7.6816025	-1.2579921
7.5889306	-0.8107075
8.17911	-1.8968693
7.4244084	-0.52722526
7.6601567	-1.1344196
7.6869183	-1.1926618
7.5679913	-0.9123496
7.340507	2.4070463
7.17699	1.043972
7.770292	6.8629107
6.322166	4.056266
10.301203	4.046224
9.40927	3.4601405
6.9123473	9.977679
7.6685677	-1.1021748
7.812051	-1.6379292
7.553045	4.045412
6.3117466	3.5386894
7.331482	4.639517
6.320897	14.993611
8.762362	12.090187
7.353471	6.497127
7.7460527	-0.62824297
7.707204	-1.2050811
7.807968	0.24685785
7.8528423	4.377376
7.288546	0.98878634
7.688139	-1.1913234
8.120742	-1.7589115
8.152298	-2.0339508
5.833511	0.9974327
7.643968	0.34688678
7.5512743	-0.73518115
5.6422663	1.7755738
7.638168	-1.0821854
7.8643484	-1.7657017
7.925595	7.9189577
6.627088	0.16397254
8.383477	4.410782
8.283258	4.233331
7.588724	0.6491805
6.3614287	6.710897
8.236377	13.069659
8.461891	6.0039315
8.22616	6.279888
8.275836	12.518425
7.9354978	10.8207655
7.8377414	10.810102
9.422225	12.671692
8.046318	6.977704
9.043239	7.903649
7.6806746	-1.1787428
5.293795	1.7428919
10.137172	11.116534
7.72659	-0.4087269
7.6207895	0.5482434
5.2890544	3.9146385
7.361972	6.5549955
7.009231	0.11201523
6.8516207	2.1173005
7.3177114	-0.5736639
5.5130844	5.131474
5.306323	4.3172135
4.9886003	12.108655
5.5156436	5.0009093
9.197867	9.735843
9.430347	12.648585
6.1420937	4.1112156
8.689735	6.5572853
7.8416505	13.039946
6.34028	14.836087
4.8359504	6.8017516
6.9150324	10.815957
7.9965825	1.8733236
6.8502903	5.7277846
7.5941467	2.3493633
6.164418	2.2988474
7.9713683	4.6808257
6.1247587	2.3133519
7.8695965	1.9265286
-3.5579379	14.179671
7.147015	1.736524
5.506529	3.132017
6.617598	7.355761
7.131883	6.4821486
8.945329	13.1171
6.392585	13.842379
8.568005	8.893401
6.303231	7.967361
7.1095285	13.105834
5.981073	3.8902946
5.8194194	3.9248612
8.2726345	12.785072
8.295435	10.675637
3.6242864	13.38478
8.501474	6.511425
7.56279	6.3674464
9.26703	13.529069
8.88763	14.092056
9.621539	13.144636
4.370527	4.986739
7.135284	7.8620596
7.2267766	5.0184283
8.138869	9.681546
6.6502337	13.994214
7.884527	13.056079
5.646479	3.285568
4.8492036	1.7374365
8.856018	6.777072
10.116411	4.7355003
5.522692	5.8022017
4.736811	2.8229108
5.475201	1.7692002
7.3914742	0.8449493
6.789364	8.217906
6.0045834	3.9737015
6.2698913	5.697887
7.147363	4.9001245
10.102578	11.771785
9.224884	9.76236
5.514368	5.47033
5.986886	14.252449
4.848986	2.3390527
4.7680697	1.8547237
4.9419065	2.4409316
4.9654794	3.1149428
4.898529	2.2654963
4.830588	1.8752713
4.5620937	4.0129037
9.278883	10.856558
6.340635	4.1077175
8.371256	6.1234517
6.1915627	9.849686
8.988203	9.973348
10.196927	11.404829
10.295193	11.881899
7.755144	7.6328845
10.405229	11.953048
9.349452	7.1969953
9.187715	12.96029
-2.7571645	13.831068
7.003523	8.271655
10.145058	12.90618
9.322631	7.2170963
6.9822383	4.6803765
4.8183146	2.7708042
4.975912	3.494166
4.735424	3.7323637
6.245888	5.67673
5.85683	4.040481
6.3945837	13.914096
7.0151787	12.986167
7.635002	6.469229
8.868844	10.117677
9.570116	10.66324
9.804217	11.410748
7.798344	13.013061
6.221698	5.270356
8.754357	7.7754617
7.33837	6.4364443
7.9300723	6.696456
9.778463	11.465036
6.183752	3.974834
8.834134	6.639147
4.994398	3.280064
4.9087143	2.6050525
5.051832	2.9583807
4.9412894	2.7147512
4.8071265	1.3940388
4.819238	1.3280228
5.2602305	3.9162607
4.6585455	3.4425943
10.070591	12.97375
5.055172	1.033772
7.7553277	0.5572479
5.443089	1.8048102
7.8687015	2.1789613
6.948285	5.97994
10.290607	3.005285
8.575606	5.418885
7.5391965	4.9236054
7.955665	13.210075
9.095691	7.189075
7.115772	4.417444
8.203139	7.191721
7.1199374	13.4547415
3.6116953	13.340151
5.384354	11.066268
6.446231	7.0299525
7.046846	14.39333
5.8105083	8.688146
6.181596	5.9050884
5.6394305	4.9289527
6.8800435	5.8595853
6.4307895	8.16353
8.011802	10.772624
6.3401313	14.606331
3.5956836	13.166221
6.134874	5.2961493
8.0168705	6.5404034
7.766048	5.4529643
10.2541485	12.480989
8.794015	5.730767
8.901815	7.826413
6.8961806	6.648024
6.998461	12.996239
3.180061	11.139726
8.881552	7.188992
9.3378	7.238272
9.598437	13.397737
5.8700485	4.052545
8.00919	11.514045
9.667208	12.660124
9.286816	10.914318
7.0067863	7.9573493
7.864873	6.604828
9.631475	13.372063
8.886511	9.328346
8.896061	9.291739
7.092431	10.369484
5.6473656	14.906027
6.999535	8.093149
7.2022824	6.4901457
5.7150073	3.4115882
8.853589	-0.41755587
7.6306896	5.4847426
7.7781935	-1.4963615
8.755028	0.67484725
8.772251	9.238399
5.7953634	4.9377303
5.9016514	3.8848839
6.335905	10.56655
8.676925	9.152005
7.783282	5.599705
9.755881	11.601395
8.175727	12.635039
9.072831	13.6636305
5.2439513	3.1925228
7.4199996	4.184041
7.2647023	4.601602
6.299812	3.5962853
7.3377132	5.182335
10.021684	10.329868
9.470597	13.309922
6.8582873	5.810763
6.697043	2.5934544
7.99205	12.473474
6.1123037	14.858176
7.93609	1.1374811
8.332016	9.172642
6.923892	2.4441814
8.628384	14.230517
9.360304	13.028471
6.6325817	10.177817
7.924181	12.087411
8.644874	8.9836445
8.28216	8.546897
7.040685	7.533329
8.3560295	13.014838
6.5947576	7.824227
7.0298905	13.027664
7.6781635	-1.1775982
8.192734	5.063853
6.3296285	6.6151514
7.132778	4.409097
10.049235	11.537959
4.6111107	3.728555
7.3309135	4.8633943
8.779884	7.8552527
6.499254	6.1110888
7.016418	13.086991
8.851764	-0.26761118
10.172834	11.46565
6.413004	3.6776693
9.760486	13.055043
7.90651	9.362558
9.037895	10.213058
9.285503	13.377426
8.072268	12.056311
7.730646	10.800644
7.060811	6.0542393
5.4167542	3.2137363
9.7607155	13.223579
10.9876	5.653762
9.869875	5.8056717
8.5768385	5.888799
8.820462	7.747388
8.271285	12.843059
8.158442	12.617992
8.391851	13.080772
9.048973	13.495846
9.687141	12.595228
7.977354	6.9190683
7.719897	13.09274
6.583514	4.788232
8.560573	14.263181
7.794883	12.965662
4.1604056	14.048877
10.34528	12.19053
9.327767	12.951902
9.220015	11.000918
8.771379	14.113023
7.9599385	11.711915
7.875755	11.456339
7.3740225	4.263831
8.156723	12.702187
10.011947	10.322275
9.14228	13.275401
9.53864	11.168469
6.053619	4.042865
4.9058237	3.4126155
6.8537307	4.285575
9.099444	7.7495227
5.6707764	14.926585
5.7733684	6.9057055
6.941354	4.779859
8.955206	9.650086
8.194598	13.442396
9.21039	9.692043
8.612547	14.177071
6.888161	8.180433
8.156179	13.200996
10.351201	12.299881
9.879965	11.430203
9.589075	13.297469
7.9946055	7.6619673
8.667804	13.028967
8.86567	14.07269
7.0963635	4.466368
8.794621	9.313356
7.9270806	9.109241
7.122365	6.5790033
5.6914606	14.916943
8.536192	6.4818034
5.8446293	2.8015358
6.8828087	4.2536845
7.786438	6.263062
10.228261	11.303737
8.942213	6.9036303
6.1716447	4.6102247
7.831127	7.4763837
8.440286	9.077057
9.486279	12.582219
10.132238	11.222901
6.131927	3.7043493
10.250668	11.279225
8.214868	7.1563554
8.9500265	7.0397863
6.4077353	7.436314
7.9589634	6.894511
10.311616	12.162731
10.119058	11.052244
7.659771	5.3294134
7.9750476	12.4285145
8.642599	5.8372064
8.460291	5.8488574
9.770239	13.216147
5.977827	5.12404
6.9129624	4.9012914
8.999406	7.120107
7.1978617	4.418276
8.905366	6.853073
6.497162	8.628522
7.051667	14.055774
6.652402	13.926181
10.107761	12.94563
7.7101016	-1.2228451
6.582126	8.3618
6.1952953	7.5610666
8.539114	12.797818
7.8082657	8.434315
9.22508	9.741951
7.0352683	14.462183
9.157276	13.674497
10.143029	11.565538
5.6940546	14.91964
10.359102	12.246751
8.465362	5.3342786
9.901586	11.539288
8.265815	8.4631
9.179584	11.069923
8.803746	5.3775854
8.865306	7.813977
5.8682513	4.371343
6.8244324	14.634289
6.2216597	2.2043562
8.545235	7.869823
5.0022135	1.04916
7.7226267	5.058767
5.387518	4.070017
9.329389	7.3806343
9.156929	7.6119404
8.947432	12.273642
10.075537	10.489966
8.827187	14.070934
10.169568	12.867986
8.141824	12.873942
8.443506	9.033143
7.1858115	7.5554786
8.210517	5.8964353
8.902696	13.280342
7.068176	13.890696
8.325235	7.429802
9.844284	10.456531
5.809462	7.4118876
8.374092	9.146524
8.839192	12.896279
9.063048	12.236584
5.958118	5.266511
7.883572	8.278071
8.134833	10.4741535
8.008512	12.905931
6.430804	12.753925
8.1259775	4.976596
5.799409	3.906268
6.9014874	4.293786
9.590322	13.399733
9.010362	7.72027
8.881142	14.1010685
9.071629	13.62208
6.315316	7.88093
6.6199417	9.458894
8.5877905	9.15048
6.757501	10.250621
9.257075	11.884824
8.24105	13.230489
5.9818125	8.82469
7.5728707	14.25385
8.508549	9.2209425
6.0804696	5.278093
7.2140903	6.403674
10.016325	10.373385
9.022353	6.9278975
8.967095	6.502824
9.074768	7.5494637
7.369942	7.4243617
6.6382775	4.510842
10.093725	12.797331
6.1200695	5.1051707
10.118003	10.621202
8.692831	8.086222
9.473792	11.057037
8.694812	7.1583
7.943066	13.06548
8.344013	9.159012
8.601122	6.5854087
9.077173	7.0576587
9.205961	9.730393
6.518639	4.6005855
10.235697	11.304004
8.36424	9.157426
7.9955797	9.308636
5.362123	10.863336
8.592454	6.4879394
7.014314	9.7097025
6.474295	8.377992
10.037741	11.622913
7.9297943	12.085769
7.794913	7.5291815
7.027399	8.07771
9.611344	13.397948
8.082333	10.901406
5.9624243	5.0646625
6.578952	5.9387636
6.7367864	8.31999
5.143103	4.2605257
5.4782095	4.864097
5.946361	7.3826737
8.771219	11.188581
7.4951863	6.7604923
8.534606	5.924135
-2.7153168	13.770942
6.062483	9.356855
6.585877	13.548819
7.8076863	12.998243
7.2773204	6.404387
5.7120347	3.5008864
9.429263	11.213948
8.199371	6.5802865
7.025578	6.473305
5.036003	12.14191
4.0045266	13.873164
5.655536	14.858843
9.20146	9.788044
5.33414	3.933159
9.705921	12.368991
5.2872586	3.9639378
9.637008	12.796315
8.2932205	7.2111106
7.1666565	8.1154175
7.5954075	10.822929
8.667422	11.225004
6.5543075	8.801211
6.971154	12.7131605
9.2293215	13.263547
7.983547	6.9882283
8.611833	9.104785
5.2064314	3.4017944
8.054777	6.6382875
7.738126	6.5413103
10.08641	11.390399
7.0383277	11.227449
8.862778	14.052848
5.4350247	4.088648
6.6987543	14.798119
7.027195	5.845654
5.896115	4.442213
5.3285646	3.2247717
9.514227	12.64051
9.924087	12.551394
10.332132	12.419018
7.1897554	7.5051746
4.9265804	4.493452
8.490985	14.290553
9.982331	10.298483
6.9896803	14.133286
9.662929	11.06914
6.261073	6.346133
6.2039137	2.632835
7.5143867	6.6297126
6.5689387	6.868768
7.96236	12.451294
7.443013	7.5855174
9.090741	9.690891
6.45793	3.6897182
8.928929	9.356173
5.23791	4.3553195
5.9778147	5.451113
6.9797263	7.749294
9.084475	10.940906
9.004693	13.951455
8.045206	6.609218
10.029009	10.238239
8.841585	7.8173943
6.6513815	9.495574
9.123323	11.030962
9.195255	9.4658165
8.634525	9.170417
10.216847	12.716584
4.826705	2.6574497
7.880215	7.017137
9.608521	12.722625
8.8783245	13.233221
9.375016	13.384509
4.9665446	6.867149
8.1855545	10.102419
6.9232244	13.65505
6.772639	4.731992
7.84731	6.685524
7.566927	6.4456825
10.018557	10.45014
8.981679	6.87282
7.331397	8.195757
7.21156	11.595732
9.210061	9.656157
8.456285	9.031917
7.025905	14.726629
8.631229	13.102778
7.7251196	6.8281527
8.169152	7.0452533
9.033464	11.825786
10.044306	12.987326
6.342124	4.117084
4.9239535	2.409343
5.6526823	4.051765
10.145309	12.837286
6.9731336	6.6248207
8.125152	13.387947
10.170496	12.860167
8.758783	11.23009
7.1169195	13.632129
6.6613026	13.89606
4.80423	14.406993
6.5504084	4.043704
8.435438	9.139797
7.284793	13.29154
9.849881	13.206021
6.062404	4.5005693
6.909091	8.183563
7.672929	8.115846
7.1548576	12.932309
6.2003508	14.262515
7.1262884	8.158695
5.6434116	3.9546177
7.6502132	6.5246496
5.799841	14.471274
6.5279818	6.810657
8.421769	12.944472
10.068663	10.405707
9.050871	13.86373
4.8262744	14.325712
4.7460785	2.9263816
8.19199	7.1561413
5.3555036	3.5158975
8.281492	6.170683
9.338558	7.1958585
8.512807	9.123968
10.3118	12.383305
8.638122	9.187383
7.760833	11.553531
9.107174	7.6506863
9.789382	11.580393
7.6103973	-0.8265044
5.2992077	5.4061456
4.7598386	1.906943
8.790905	7.8479934
6.45439	14.885203
9.087866	11.06694
5.9629645	4.8291397
6.843481	5.8234954
5.9358263	5.139376
8.953687	9.687871
8.4585285	8.989859
5.6170044	3.3089972
6.768931	10.398951
9.961001	10.512187
4.687969	1.6297325
9.833013	13.170623
9.286402	11.822005
9.594475	13.439855
8.726144	5.96521
9.534785	12.80689
5.6065116	7.9732556
7.452441	3.9833481
6.151081	5.309094
7.0780764	13.643939
5.709184	3.985001
9.87287	5.718969
8.529357	6.4240446
6.5257993	4.207755
10.314391	12.125596
6.956158	4.8152685
4.916898	2.6408637
8.799919	9.376895
8.8282175	12.221044
9.498605	13.240561
9.018694	13.163515
7.97233	6.906234
7.486676	10.97728
4.984133	2.1670103
5.001818	3.0287535
5.081563	3.4075112
5.361887	3.9482293
5.7426443	3.75203
8.906095	7.8161454
5.8529325	9.51715
8.244793	3.4082978
8.087158	10.504508
6.1852093	7.5752225
7.7956543	6.2449446
8.451577	6.446638
7.116093	5.914402
5.5389132	5.2264085
6.321825	6.740202
6.2574987	5.9570885
8.882963	0.038782384
10.750926	5.7707767
6.1255164	5.309852
5.2829366	4.187795
6.505041	8.329131
6.3744154	6.3347216
6.4414454	4.770498
7.8110943	11.570347
6.26284	14.794766
5.6718817	6.685664
7.741744	8.087286
8.350272	9.063034
7.7744417	8.109832
6.9535446	13.875352
9.114497	13.77314
7.911694	4.5325437
7.908995	13.19895
8.11365	5.8075957
9.585418	12.652921
8.934435	7.83708
9.656777	13.358934
6.5247855	9.41298
3.9750867	13.857201
3.6131666	12.4268055
6.7472734	10.403017
6.0693455	12.797024
7.041794	9.485366
7.1196394	14.386163
7.236944	5.969762
7.922421	6.9449553
9.02272	13.931302
7.7599354	5.579908
9.442978	11.085994
7.090244	4.995143
7.0682225	5.611376
8.206411	7.627938
7.155675	4.9440303
3.6511266	12.478218
3.941356	13.685979
9.588121	13.428263
5.5842295	3.2290652
5.9020276	13.673199
7.1302485	6.467925
8.107306	10.816717
4.87378	2.7448256
6.908265	4.088978
8.437972	3.9486873
7.7443686	2.6433296
6.8307505	12.856131
9.589339	12.805658
6.5580955	13.91778
9.039827	12.360098
6.2101417	14.864234
4.0438423	13.930966
8.91086	12.25312
6.0910435	11.027954
7.816588	11.143374
7.835562	12.974059
6.980728	5.90335
7.7634416	7.5128317
7.986528	12.867537
5.1785507	4.3299613
6.34075	7.4061403
5.0330596	2.150345
7.398146	0.9319672
7.828374	11.693197
7.9188476	7.313135
9.670342	13.241305
8.97555	13.904014
7.1059036	13.025674
5.018857	9.726498
6.988118	9.798414
9.9360895	11.516381
7.840193	6.786682
7.7967534	5.4922385
6.1445622	2.3225021
3.6183343	13.327047
9.203439	9.891296
6.65775	9.502734
6.1998773	6.911908
5.1775827	3.9241753
6.5434175	8.322244
6.4897714	2.6450737
10.185994	5.727068
7.447831	2.6704273
6.7989798	4.184923
11.638806	5.5645075
7.607428	10.763294
4.4075747	8.022355
5.263532	4.258491
5.4139314	4.9288015
10.01591	13.007246
7.546895	11.609335
8.969709	12.238358
6.214631	5.2917066
7.8082952	-1.5475421
6.608575	4.8613024
8.969317	13.817236
8.614863	14.195254
7.645099	14.200625
8.423193	12.790206
9.64567	12.727068
8.5347595	14.262104
8.491741	8.816496
8.916622	7.8135457
5.8270974	3.9960804
7.835176	-1.6893321
8.86468	10.52134
6.477093	13.84929
9.58422	13.268974
7.2386417	6.4711127
6.463339	4.1900187
8.326604	8.781703
10.414626	5.8200703
9.190159	7.1095886
8.792274	10.244695
9.863382	12.940455
9.633956	12.7603
7.1201406	4.317757
11.032423	5.685468
9.9293785	3.684824
10.097969	10.548568
8.911244	6.756709
9.188055	9.766116
7.7951636	6.1062703
9.7045965	11.448608
10.096159	11.151133
10.116392	10.761384
8.50971	11.134185
9.774139	13.225668
7.2060146	4.4025397
8.424319	6.4779906
8.878587	7.8082848
9.580454	11.145541
10.3401985	12.197098
8.886	7.268167
7.2644	4.084026
8.522816	9.1225605
9.057398	9.794188
7.9193306	5.785781
8.898332	12.281927
9.092114	10.56052
7.3730574	4.2093062
7.7830715	8.205989
8.684086	9.122018
10.326542	12.292975
9.652548	10.700517
8.170377	10.9462805
8.406299	10.764984
7.5373397	12.99938
6.4485106	8.420394
6.985127	7.601568
9.278082	9.845185
7.8150625	5.128152
6.050628	11.086111
7.8368263	8.548757
5.71167	14.940117
8.538133	11.922592
10.2608385	11.438102
6.0662284	4.7792115
9.042224	9.895365
6.4402924	4.0911136
10.265734	11.309802
6.5201807	5.9354687
6.7791796	6.5903172
6.8840585	4.4061446
7.003847	0.16306086
5.7575035	0.778364
6.59715	13.852985
6.627318	8.297196
5.6183743	4.9746375
9.538338	12.686697
5.560248	3.233774
8.989239	9.7325325
9.991538	11.39876
9.28992	12.529197
8.104924	0.43676528
10.060999	11.368743
7.2394223	10.509965
8.478796	9.073436
6.440811	13.784311
7.0666213	12.960785
8.832998	10.631428
5.8263173	3.7110467
7.8266926	7.380992
7.127107	5.024938
7.6217036	7.7089906
5.64778	5.656403
6.287059	5.888554
8.11883	4.9817114
9.742327	10.488827
10.282074	11.300016
10.39618	5.7722154
7.0347323	14.021773
5.973338	14.330155
8.7943735	9.25612
9.184043	9.778712
4.652772	3.664035
10.24209	12.150887
3.5002315	12.28057
8.901553	14.019505
9.05815	9.58882
7.948228	6.8884687
8.785113	7.8749137
6.1864076	3.535254
5.722369	3.9198868
8.466046	7.9336557
5.961744	5.0034714
8.159355	13.039724
4.7873034	4.4897575
4.885516	2.6405015
4.657601	8.314863
8.869718	6.9620275
6.079424	11.084191
7.75033	8.489978
8.031798	-2.6446931
5.4137	10.506862
5.010339	3.7254686
4.6068635	8.980711
5.8706865	7.112585
5.679556	7.2056293
5.2599154	4.847061
6.4621906	8.485163
6.7499037	6.9322767
4.9596806	8.209484
4.196986	14.057674
4.573926	8.85578
5.3649173	5.360243
4.512888	6.8651633
5.406063	4.70334
4.49982	14.316164
9.007543	13.907496
6.0767264	6.3744845
6.71828	11.158371
6.368413	11.991893
7.1205134	9.271135
5.7208	12.909084
5.8300147	8.033011
3.990544	13.8676195
7.620834	11.534908
5.3856335	11.124336
5.9906945	14.425607
6.725693	12.727721
7.9794474	9.260357
8.20243	10.997002
7.959825	9.248154
6.279338	14.698788
6.2548184	11.217409
5.3766694	5.149836
5.127845	10.100837
8.289688	-1.6707714
5.5697904	14.770035
7.14635	12.115652
6.068583	10.47492
5.3209763	11.054168
5.857831	14.572771
6.3675585	14.589613
6.792622	10.382641
6.409095	5.616706
5.367587	8.81017
3.7113292	12.4456415
8.418815	-1.6114321
6.305361	11.790841
4.809426	5.7100782
7.6917777	6.0965185
8.552809	14.249467
7.305557	14.305748
6.02269	13.871097
4.6618013	14.286327
4.9983172	12.15596
6.706484	8.133548
6.204348	14.028787
7.252821	5.5480075
9.658654	5.595768
5.36961	10.965227
8.044382	3.3100324
5.6324434	13.229539
5.3051457	14.643257
8.854607	10.574596
8.486494	11.509726
8.248958	14.377781
7.1795754	12.515465
8.005371	9.463897
9.559285	4.9842033
6.74138	12.620051
7.537783	9.91873
5.5725884	7.5857234
5.921473	11.680585
7.2065268	11.236541
3.9114628	9.606958
6.9073467	9.555586
5.780065	8.659623
7.0029597	14.102399
5.562863	12.438796
6.1266055	7.015449
5.0376954	12.156733
8.300919	-1.5895592
6.456487	7.9124246
7.8344	3.023356
11.486403	2.0255742
7.1500063	6.3031654
8.143479	14.379006
7.968326	13.318161
9.708833	5.8614435
5.049856	7.3278985
7.5056195	11.32864
8.994303	12.523491
7.362475	13.529926
8.069073	11.324166
8.145488	14.41511
6.285837	14.985675
4.8310404	1.5490549
5.5799637	5.5910726
5.166531	3.018244
9.505837	3.960685
4.5452237	10.448686
5.6829476	14.634196
8.422927	11.336348
10.937903	2.7306688
7.9046545	11.855508
6.5975184	10.189881
6.4385214	9.281216
6.469041	10.989136
7.45423	13.557416
6.7629786	13.652392
6.8015423	9.573728
6.4806514	12.999732
8.159049	12.642541
6.020646	14.66498
4.6931186	14.344402
6.2505145	10.218624
5.566156	6.83929
6.589937	6.015464
7.827658	10.819969
8.540324	14.266362
7.2214055	11.287687
6.246531	7.19088
6.380569	13.894898
4.82772	9.645677
3.7048786	12.361371
7.3800945	8.598806
6.1552744	8.696286
5.6340213	9.216627
7.0002704	6.8262
7.085824	8.026256
6.846247	13.593138
6.3487105	9.306105
5.003654	4.695277
6.27905	7.6727924
6.106083	6.35181
7.732652	11.324588
6.6290298	13.740886
5.072233	4.478749
5.707343	3.834109
7.615638	2.9895687
7.35295	4.1533427
9.104117	4.0608826
6.8800297	9.826886
8.113082	10.597974
7.7147746	10.849017
8.213975	11.054005
5.24178	10.765634
7.8302116	9.112849
7.501196	10.388336
6.5741134	12.297131
3.6892538	13.00693
5.9363685	14.53418
7.6307764	5.6383166
8.419674	12.892012
7.9649587	12.701124
7.678024	8.874427
5.546207	8.566614
3.9286587	13.675247
5.743138	11.133991
3.77991	12.319608
7.677258	3.3847742
8.180521	10.371984
6.457336	12.82482
3.2472386	11.328589
6.17241	7.5621934
9.551691	2.4515731
7.1523337	9.662733
8.216654	3.3820984
2.7305481	11.0702915
8.8065195	-1.9929993
8.861656	-2.0536263
7.966358	11.4265585
7.4803333	13.615129
6.286818	9.283079
8.989451	-1.3330994
9.651229	11.309181
8.241738	11.160238
7.098516	6.533611
6.784596	14.061489
5.1902266	14.554479
6.711879	14.835732
5.8739305	14.061872
5.9658523	8.736956
5.1496534	4.1942306
4.0537157	13.72778
8.802037	-1.0162915
5.1194415	8.636768
4.883971	7.6126738
6.185044	7.4962263
5.6769805	14.587828
6.394661	13.689424
4.8095126	5.700693
6.0588174	6.989761
8.669912	-1.8671633
6.0497303	10.418173
7.841475	12.405987
7.873211	9.151803
4.2070823	10.579968
5.7648897	8.028464
6.1452794	9.603366
6.060336	8.897599
5.115645	6.1932044
-3.4790113	14.802903
4.8664184	13.755701
3.1047144	10.047251
8.414166	-1.3225411
8.904209	-1.9797091
-48.281723	10.54578
5.9821124	6.999049
6.9429336	7.9771643
6.1923146	14.41171
6.509189	12.177044
5.845293	7.831784
5.852625	13.540888
7.531064	14.124208
7.00547	12.535082
5.362466	14.688394
7.2789288	9.837815
4.56001	8.861254
6.171245	8.720364
5.66303	6.3782268
6.1303	6.1601763
9.267674	2.9622297
6.577805	12.3027315
4.9226794	8.400615
7.1515617	2.6178465
9.091062	4.0830574
5.132332	6.042277
5.5228987	5.5937233
6.4261446	7.2459903
6.061777	9.250237
4.932152	14.53602
5.723972	14.870694
9.5015545	6.001334
5.889029	7.797063
7.858154	11.348807
9.710775	5.853105
6.839758	8.974541
4.4272223	10.431866
6.5641723	12.514243
6.382258	10.509547
4.1020775	9.699192
8.541238	14.258574
6.8066096	14.885163
5.3224607	6.384538
5.6631083	7.597563
7.785432	9.005612
6.814416	10.476248
6.3356314	9.443007
4.951076	6.5625772
4.3733616	6.9570236
7.2625656	9.285992
6.387551	13.773283
6.1921277	9.377493
4.5474267	8.218058
6.9423976	14.511148
8.025594	10.219564
6.322092	5.707435
5.8128753	14.116981
4.0434785	9.510793
-3.4683208	14.795404
2.7169623	10.063608
7.225866	1.0233169
9.50709	0.16125922
8.364533	-1.6091919
10.075807	0.019210786
12.013564	4.474107
6.6189327	8.215904
5.091426	12.203662
5.3759284	8.869418
7.3594513	11.816154
5.765225	11.313315
6.31498	9.361698
6.186999	9.593667
4.576989	14.29005
4.010471	12.472182
4.468654	8.039114
8.113309	12.671988
6.0555763	14.272567
2.7039123	10.916843
2.849955	10.668917
8.859572	-2.0093224
8.549699	-1.3131443
5.144996	6.132259
8.933767	-1.9908639
5.4298034	12.3245535
9.097715	13.805024
7.605932	9.933673
8.09301	10.2087345
4.6134114	14.389801
6.6185822	13.669317
6.0896935	6.946452
7.2376323	11.813681
5.827741	6.912533
6.093462	14.310333
7.1515365	14.27146
9.554512	5.4638214
6.8680716	9.362832
6.231375	12.543205
5.2625556	12.309355
6.3866224	9.162052
8.871256	-2.0089595
4.6689043	13.751696
5.7207017	6.713545
6.7053156	13.622356
7.3106794	11.497819
5.544635	14.4643135
6.926522	11.292453
6.3166504	10.939905
5.110204	11.907252
6.3449	7.1800375
4.646738	14.360176
8.5484	-1.4684542
5.611573	8.599164
7.579391	8.687634
8.337717	7.8837204
8.835014	10.529222
7.260587	8.074432
8.133398	7.410095
6.8400044	5.1987796
8.529785	-1.9641218
8.294866	7.7772727
3.7763226	13.511062
4.9055343	13.686306
9.625497	5.849127
9.956731	4.3156013
5.578071	8.72473
6.9222817	14.173405
6.4997935	3.5577288
5.946123	14.723678
7.8420467	5.475337
4.7064424	8.747377
7.083858	2.671699
5.979766	14.393796
6.3166533	14.984407
5.4379597	12.239442
6.913681	14.38657
6.9048615	11.065506
3.8866558	13.686477
8.1685505	7.78054
7.2387943	12.040803
6.0982656	14.753878
6.8126354	8.379443
4.4489155	14.263269
6.129903	14.7728195
7.267342	14.274549
5.9809103	11.259987
9.81825	5.80875
8.612925	11.671232
7.47961	8.805956
9.285125	12.015998
8.262384	7.6554112
8.512801	11.228583
8.16309	14.417772
6.886738	5.883669
3.1683643	11.284837
6.617438	13.514941
3.6507561	12.509816
8.915017	-0.4575693
10.7476425	5.786383
8.274465	-1.6202149
7.892971	2.9593859
9.203221	12.016247
7.5431714	3.5467186
5.901341	10.60838
8.314732	11.6652355
7.661375	5.3955364
8.022251	14.277288
8.0040865	5.7755094
7.38542	8.74643
5.246812	1.8553288
6.6161475	3.9986198
8.105007	12.013366
5.3598285	12.310922
11.574033	4.122232
5.0390673	8.492238
5.251568	14.495813
8.164439	13.034788
6.876349	7.093591
5.29018	10.165431
8.061732	11.171224
9.744967	12.761283
11.788634	5.480807
8.169591	9.89973
4.9703646	13.703677
7.0644655	14.355748
7.725155	8.626061
7.4365954	8.947739
7.9388757	12.550097
6.0615706	6.8837495
7.2012525	11.624372
6.5441904	13.878709
5.678	3.3775127
10.632467	3.6973052
5.25479	11.182126
6.9902854	6.143745
9.326022	13.291502
9.541589	5.611635
6.203274	14.930465
5.5575285	7.7567863
6.3109756	14.976381
6.86489	11.336408
6.297009	14.588212
5.402145	12.266875
7.163449	13.894597
7.532729	3.6164436
8.58241	1.7673545
9.5330515	0.9825062
8.857926	-2.0045
7.745138	6.7690516
6.6969733	14.846873
8.038997	11.245078
6.896806	13.746529
7.798949	13.359199
9.609961	5.569147
9.608681	5.6116223
8.6172285	1.7335626
7.616858	6.313006
7.454924	6.1830688
5.4060946	14.730265
6.2064304	5.8605704
4.350615	6.4699006
8.531243	12.854477
6.7645097	7.8674564
7.49808	10.5482645
5.132765	4.2768626
6.2835913	7.306364
6.717739	10.158366
3.7944484	12.27913
8.282532	-1.4959822
8.742524	-1.1651691
5.855321	7.9352784
6.388847	7.9427233
6.742766	8.415495
5.8436637	8.601492
6.3407474	10.676766
5.6303654	4.1149797
8.297064	13.225479
6.5038924	12.304987
7.7783017	10.794276
8.26654	13.240169
6.71263	10.1178465
7.0896087	12.381903
7.629359	8.948715
6.930766	14.643657
4.364128	6.822131
6.0705204	10.913367
9.256953	12.087811
8.236453	8.603982
6.1022606	3.233701
5.702259	8.475449
6.2286386	4.904042
4.965835	3.3540063
5.075903	6.905499
6.745777	9.423479
6.4712653	4.6300817
6.667688	9.868371
7.5531697	11.840266
8.217154	11.297502
5.247793	8.859799
5.3781953	4.735814
7.080681	12.526612
7.44633	7.5711617
3.6859784	12.376167
7.2237825	11.932939
5.7846437	7.407228
8.431463	12.908168
6.7254276	14.62147
7.1950397	6.1827497
6.0528784	7.706167
5.1307063	4.7488894
6.566317	13.666717
6.5133624	13.042788
6.928406	12.642931
6.7447186	5.233991
7.1402574	12.053629
4.664424	14.348246
8.192726	-1.4610705
7.80753	1.0008491
8.179318	12.941016
5.0631237	4.6010857
9.951831	5.719763
8.300354	-1.5907387
8.495094	7.5413213
6.561741	8.35732
9.301343	12.578425
8.278709	7.74796
7.0443783	14.761751
7.0594163	8.027358
7.047301	13.336504
6.375094	8.088585
9.163537	10.892496
8.145137	11.063466
8.968381	10.9893875
5.711593	14.926853
5.9824195	10.848038
6.5151453	8.863555
7.522511	10.810337
8.2321615	9.833454
8.607746	7.656225
7.0038977	6.385142
5.000851	4.5329275
8.166837	10.1253195
8.3090725	3.644146
6.6785455	9.212436
9.294414	10.98618
5.501421	7.9216065
7.879894	9.230527
7.122639	14.302701
6.7883515	13.768708
5.563755	4.661919
8.90786	2.6491683
6.574213	14.872324
5.683818	6.130648
7.0881677	2.2493815
7.882415	2.935046
11.610205	4.012396
8.043885	7.4664507
8.013357	13.312693
6.995257	3.9508111
-4.378896	13.548707
7.0387864	2.3783932
7.218307	-0.13434061
8.49604	2.6870797
4.5916443	10.393006
5.047207	6.5965567
5.571199	3.7722528
6.9383307	8.113672
6.3754683	7.262989
4.3854537	8.891195
4.64775	5.1496024
5.021029	12.163775
4.6099744	3.8779445
5.2731786	4.0396066
3.195932	11.397818
8.484566	-1.4340316
7.222436	0.97905165
9.51797	0.76271176
6.7473	13.493031
6.9943757	5.094702
9.716848	11.528819
8.16766	11.015025
7.874136	5.872381
7.038347	12.838831
6.8624587	11.040595
4.918211	14.518038
3.5003397	12.492651
5.990485	14.043551
7.810389	5.465427
7.1332407	6.543283
9.22621	10.669991
7.957558	1.055835
4.859864	9.906869
1.2870109	10.1462145
8.147072	5.836834
9.503121	5.820523
8.696095	9.74568
8.88638	12.128571
6.9587426	13.472874
3.565377	12.274299
6.180263	7.61418
5.337924	8.790231
2.0172374	9.947626
-49.476986	10.498648
2.418038	9.652354
1.1581526	10.174673
2.6922104	11.000927
2.459937	9.669147
7.648005	3.4844015
7.824895	1.0089247
8.233325	11.037732
7.967227	9.3092785
8.12754	11.149325
5.164247	6.7760167
5.9608016	11.33585
7.8551636	9.202244
6.1868324	6.316872
8.297657	14.345143
7.4142036	11.732923
7.1179028	14.376874
4.806499	8.382414
4.143739	9.480785
3.9727654	6.216062
4.3573956	6.947495
4.7441325	3.8715959
4.6709914	8.305711
6.077409	5.8808494
10.090923	12.677526
4.472697	8.04469
7.854982	12.952914
5.6556315	4.9864936
9.069499	12.915651
7.596389	10.486261
4.5505204	8.180464
4.9501185	12.058899
3.2774944	10.000421
3.7193103	9.723914
4.4281793	4.142778
5.854323	9.799059
3.6126518	12.553035
9.523123	0.9106557
6.973197	4.015472
9.143982	13.012574
9.137916	9.676272
5.771485	7.421058
8.623977	-1.9485242
6.68135	10.444356
8.84749	10.593696
11.831563	5.279123
8.670924	10.299793
6.743347	8.803116
4.527853	14.292961
6.1266723	6.8762074
5.851243	5.892909
6.847539	14.5254965
5.8754115	8.175934
7.0232344	6.6964383
7.569802	13.480494
7.0144997	11.432125
6.9526653	12.268719
6.4483685	10.51582
7.254876	2.5380247
7.230941	2.560361
5.507415	1.8265098
5.8299046	7.455967
7.777237	12.330243
8.121713	11.282726
6.8141828	5.231432
8.923958	12.596038
8.998994	10.965532
7.570407	7.8501773
3.6385033	6.3171215
4.8762865	14.313432
5.425746	10.663434
3.1612718	11.32179
3.6406348	6.522334
2.4613745	9.648512
8.1037655	-0.7772579
5.3341165	8.702469
6.365491	7.1781297
4.1386123	9.361293
3.9051588	9.684559
5.99658	10.482081
6.2854424	14.512823
4.6004257	14.378909
5.0215116	13.661681
5.063125	5.60972
5.333889	10.218365
4.3193235	12.72425
4.34346	9.441969
3.7419038	12.267773
4.469984	8.050203
4.211526	9.528651
5.9441953	7.8552747
3.2930667	10.062486
3.6863718	9.776406
4.6768184	8.2835655
4.493091	3.933775
6.3992524	7.8778377
6.822631	5.2155924
7.0063634	6.427211
7.1812696	6.5327435
5.097292	4.782721
4.2295065	7.1163383
4.3532314	6.913766
6.322237	10.482556
6.5840287	9.144955
4.5191584	3.5533993
4.8484464	3.76062
4.603471	3.685094
7.559129	9.494632
5.096958	3.8645542
4.2269115	9.458798
6.0509906	6.8049636
6.9599686	14.472821
9.207399	12.095997
8.321154	12.81957
5.237559	14.605037
6.083051	14.783076
8.014914	12.4148445
6.881903	8.503465
5.202905	8.539464
3.6407254	12.6413145
3.729652	12.772819
6.4272137	2.8903482
5.975016	14.673099
7.7246833	11.304174
9.807475	12.739158
9.826814	12.754573
6.3750186	7.900562
8.124338	3.5769045
9.1329155	9.579096
7.32322	7.2331066
8.276481	4.2375607
8.65687	1.8863997
4.9785285	4.7174277
5.521571	11.497047
5.4309487	5.353501
6.726962	6.054503
4.4556966	6.798085
6.2798834	3.2798145
8.466482	11.652323
8.212128	11.103511
4.9855876	8.587179
8.118667	3.360135
5.741496	7.5269327
6.421674	12.178619
5.0353255	12.156174
5.024563	5.3372207
4.835314	5.161929
5.25427	4.7739167
4.168339	14.054921
3.6274655	10.932693
7.8752904	13.099933
3.7749782	12.515391
8.05196	7.824152
8.335492	5.9987354
7.775986	12.963707
9.173124	13.259958
5.0527325	10.336665
6.56695	5.4462748
6.9166927	10.996837
5.58662	14.499885
6.7895927	8.673529
4.5797067	14.363817
11.562377	4.334906
3.6612208	12.55925
8.3098	-0.93557453
6.1021423	6.16746
8.87713	12.990248
9.154414	10.635192
8.013212	11.191427
9.390367	12.62585
6.96015	3.7235546
11.237507	3.8879843
5.073552	6.9979935
3.7134662	13.487506
8.56924	-1.9922675
5.5468926	11.516456
7.44499	8.842386
5.0612407	12.1853285
7.2846465	11.480763
5.291189	14.623036
7.6838894	11.615074
7.3946743	9.972533
8.127691	12.224498
7.1524005	13.807506
7.1766167	12.581854
5.6608534	7.6200385
5.27764	11.095084
3.6305454	13.396023
6.501268	10.626328
5.927956	5.94357
5.1372757	6.9967084
5.213673	9.77066
8.827211	-1.9398054
6.390504	12.9789295
5.1354656	4.510934
5.8198123	7.9299173
3.6617877	13.071329
4.8169637	8.315315
8.149408	13.02937
6.345052	14.527074
8.191362	11.6238365
8.570957	11.693038
7.1085753	7.956543
6.6577206	5.2932763
7.8564405	9.225193
7.6614213	12.6473675
6.2721786	14.707074
7.091361	8.083665
7.6389723	11.723914
5.390214	14.540248
5.069135	3.7486227
6.070587	14.418941
4.0471416	13.814813
-3.4846134	14.779093
8.464371	11.100189
8.085199	10.37198
6.924374	14.8079605
5.6693044	4.3675394
4.126883	9.184391
5.378242	10.257429
7.8337054	11.676832
7.6529474	12.967676
8.057074	12.531188
6.521986	8.327133
7.136839	13.847026
6.0346823	8.810657
8.101255	10.568237
5.419396	4.3414197
-3.4733334	14.794913
9.123149	4.1036634
6.392216	7.3174167
5.016935	12.135161
3.5979242	12.478979
8.258826	-1.4996675
8.702028	-1.9382257
8.830604	-1.9300822
8.524555	-2.002557
5.167339	12.39793
7.8705473	9.12766
6.186665	4.987532
6.716203	13.938399
8.009378	9.252289
5.961591	6.6987457
5.063626	12.186633
7.73675	9.872954
8.245202	10.899888
8.931694	-1.7525268
7.0694475	7.2503543
7.1686125	9.745785
5.9947925	14.364618
6.7155704	4.372953
8.260847	7.638985
8.0535145	12.565028
6.4503403	8.488587
6.958726	14.479041
4.908039	4.559417
6.762523	2.7150211
7.277829	8.973432
8.704616	11.138131
6.0554457	14.951463
9.780548	5.7842555
7.1975765	12.461603
7.991767	10.160349
6.7192454	13.6740265
7.602567	13.429445
6.9614525	9.427952
5.361654	4.7701926
5.1806087	14.612006
6.8891726	14.122654
6.400471	14.562909
8.802078	11.234547
6.250642	9.327796
5.979006	6.963686
8.293285	7.7148123
8.563918	10.450475
6.7402754	14.166029
5.585171	14.3483715
6.6800156	12.37156
6.9033623	8.080543
8.642991	-1.4297677
7.151433	0.5104941
7.1114683	8.916928
7.933849	4.408672
8.909037	-1.7682772
7.3594995	10.898637
7.6504993	13.458069
6.285428	14.972838
7.843121	11.795197
6.6170044	5.2555943
4.625207	14.344789
6.348909	5.920777
6.1718683	14.327772
4.508605	13.807586
6.4034243	11.947518
10.773599	5.7635016
9.41171	2.996219
6.059709	6.4761057
7.7525797	7.6226745
6.7977057	5.1980605
7.6902757	10.887664
6.6949234	12.344768
7.180967	11.9071865
8.241707	7.494231
8.361151	11.1582365
5.0212083	6.9483805
5.633866	10.348354
6.7087493	10.246802
6.222116	9.246489
5.9244113	5.977761
8.917926	12.123802
11.652994	4.5386505
8.912952	7.5664835
7.5337315	3.6154926
6.846805	5.979331
9.724572	4.2090197
5.9212556	6.5672894
-3.493018	14.772423
3.3821561	9.941161
8.895843	-1.811633
7.659995	6.026296
5.9173083	5.581493
8.496514	14.134565
7.17991	13.585372
6.785586	13.575822
7.8275733	10.804672
7.9805636	10.856051
4.018107	13.895
5.722146	5.6341305
8.266553	-0.9406984
9.407287	5.3941817
8.728217	10.545679
6.3604283	14.980731
7.0346985	7.9783673
5.0897965	7.0787683
6.818151	5.258148
10.14114	12.821759
5.22341	14.456209
6.8385973	10.370774
8.857666	-1.8039646
8.456122	-1.4124815
8.536623	-1.416358
6.312504	14.968509
8.201382	10.982588
6.725045	4.9918275
5.319529	14.6000185
6.050569	14.345279
5.4608936	10.860466
6.9911394	9.289638
8.748225	7.7142277
5.91086	14.392546
3.5760987	13.330469
6.58419	12.272822
4.1201715	12.471309
7.7726903	8.529037
9.165588	10.903037
7.5270796	11.447327
9.352926	2.4393356
5.1288295	2.1695125
5.2975616	4.7110043
6.0167937	11.700469
7.759609	8.613241
6.7486625	13.178889
7.052434	14.16863
5.956098	14.357489
4.099789	13.964718
6.962566	12.598737
5.437113	5.0519896
8.238444	9.743121
7.9602733	12.444588
5.0919843	6.9566708
6.5116005	6.969054
5.2907977	6.790483
5.4554024	5.0124555
6.4586945	13.728262
7.102962	7.939662
-3.472217	14.79264
3.7204823	12.366538
4.1667356	13.766417
3.616084	13.318948
3.6845138	12.45675
7.584553	13.513161
4.3871474	14.213727
6.9360313	9.335028
6.5710936	8.771372
7.719286	10.379755
6.5893426	12.292451
8.051538	13.043378
6.3163314	14.434766
8.609412	1.8226578
8.145881	7.5456
4.4708285	14.277394
8.42088	3.8415158
4.56928	14.359652
4.5972347	14.35579
8.338171	-1.4055653
5.388697	12.350342
7.6982913	0.8763531
5.9693847	1.0759449
3.6867816	12.368993
10.96835	2.757959
8.299478	12.809892
7.6176877	13.521456
4.959907	3.437503
9.7859955	5.849844
8.152726	10.48652
5.1828337	14.647642
6.6128273	12.285287
6.0323524	8.805791
6.420202	10.11916
6.306437	14.456586
5.688895	10.610859
7.2543116	5.2058997
6.735679	5.2620745
5.1760445	10.136322
7.299395	2.6736238
8.203424	10.994873
8.5492735	10.389333
9.013374	10.904108
6.5561285	5.3738785
5.0342093	3.5166214
8.128217	-0.5162039
7.289116	5.6886783
7.050569	14.370856
6.993186	7.4590554
6.2282877	7.7005286
4.774693	10.453292
9.127766	9.771837
6.7915263	10.061639
6.972638	12.493476
6.7729497	13.562771
8.30243	13.21468
5.8741913	8.802091
7.319339	10.906131
7.126026	8.226565
6.3999176	10.10457
7.1307645	9.108313
4.331852	8.916338
8.809329	-1.7264607
6.255724	1.2157998
9.631598	0.73547345
4.5484176	3.4427037
6.3059354	7.0062323
10.994103	3.672552
5.3869395	8.845099
6.7299547	5.9676247
6.786902	9.370652
6.525178	10.583066
6.9657097	12.848831
4.4672074	6.8449593
7.0014315	9.429286
6.8611703	13.402
3.6513042	13.435088
7.0837107	14.183101
8.141126	13.226127
7.7900214	7.6929884
7.7567515	7.239507
6.08139	6.3595567
8.277966	-1.4857323
7.0783615	8.016748
5.3801336	4.1117253
3.6798701	12.456408
5.715003	12.419412
3.694348	12.346963
8.871685	-1.731591
8.582295	2.9720664
9.477695	3.0532954
7.9869027	5.4586225
8.346111	4.2313533
4.94046	4.547618
7.2609	5.1403837
7.2684717	11.41045
4.609984	14.394262
7.3158484	7.6670265
4.868414	2.172103
8.863438	13.093261
6.9668245	14.467996
8.207518	12.776266
7.139122	14.34013
5.3634925	14.52341
7.699583	10.069882
5.5211043	11.164492
7.061796	12.181607
4.9539003	7.371931
5.8427477	14.387396
6.2171454	6.982775
11.131145	2.7145188
7.2108006	6.682124
6.099041	6.5479045
7.0555754	14.771917
8.880465	14.058435
5.039598	1.0416336
5.3930016	4.654464
3.6764772	13.452014
9.081842	13.538635
5.6366916	12.119529
6.589412	1.2753892
8.657261	10.774717
9.112355	2.4065146
7.0615478	7.9767523
8.193699	11.502975
5.13895	3.7775893
4.91487	8.368555
6.517424	7.8484163
5.0798	4.949697
5.9641356	8.649424
5.5024796	6.179796
7.7279563	10.848379
7.2250805	7.9390526
7.9378715	0.66215855
6.984154	14.327657
7.882814	10.785522
6.431057	10.598162
6.9468718	6.929419
5.460249	12.440529
5.11056	8.52671
5.12707	4.3023973
5.425246	4.85545
4.5481887	8.154067
10.706135	4.724064
6.4508915	3.4118872
10.966715	3.5949159
5.9045916	-2.616423
9.345445	-0.3908217
9.070907	11.977513
7.878813	-7.2308044
7.8652983	-4.831022
7.8544946	-7.252667
7.8181453	-4.8757715
10.918476	3.8823779
10.121377	4.3020144
9.251383	3.3287787
11.833782	5.501294
-7.9249115	3.630362
10.79595	0.54087216
9.042958	3.6302528
10.059634	0.3850237
8.839453	2.7704558
11.159058	2.959384
9.5924	2.2210765
8.9164095	0.8883691
9.820836	0.76228553
6.302808	0.16808584
5.7806654	1.0791042
4.7289915	3.425099
8.905959	-0.83165836
9.263189	9.810234
6.3278556	-14.522168
5.7300625	5.420343
-3.532414	14.1101465
7.9577637	-2.1416585
10.27683	11.607862
9.692311	11.4340925
-2.6825345	12.285787
8.023532	1.818355
10.187458	11.142654
7.7749796	-1.6212263
6.6538115	-14.401435
9.838236	10.453105
11.626733	5.087812
7.1055794	-0.8052809
7.422493	1.1759644
10.197712	12.804473
11.812951	4.9037113
8.365572	12.921966
6.9950533	-14.296031
8.531133	6.765953
7.269556	-14.182833
7.656672	1.9195764
10.226864	11.357599
8.734797	6.5832076
-2.0493076	12.666415
-2.6848884	12.30226
-2.0637972	12.612143
4.6072087	3.8631654
11.292469	5.1346536
7.7352376	-1.6685066
5.117347	1.3590151
7.8140965	7.5045633
7.594544	-2.019789
5.3941684	1.8992556
9.627009	12.82682
-2.4050648	12.40475
8.09953	-2.4804204
7.473665	2.159292
8.490087	7.825512
7.2185116	-1.0328124
5.7792106	1.756028
9.318436	7.2057557
7.452452	-14.057818
5.765681	3.7344835
7.3016076	-14.162076
10.272507	12.230574
7.5406566	-14.003214
6.298638	-14.537073
8.385031	7.310829
8.544564	1.3592376
7.9030013	-1.8850708
6.196626	-14.58288
10.366339	11.355371
1.3620839	11.4701
9.376677	-0.36121482
9.020165	12.18204
7.7181945	2.9566736
4.9494658	7.146561
7.856114	-7.2569366
7.8454223	-4.8492246
3.6760921	5.3154564
4.292437	4.9515014
7.8443413	-7.255045
7.8093395	-4.869005
11.333465	3.593764
11.589829	5.130735
11.742323	5.480883
10.196136	4.3029723
10.751326	0.48584697
4.014772	5.9363
3.6188183	5.792965
9.406024	3.6502042
4.5274014	5.0679655
10.260177	0.44583327
8.7733755	2.7288501
11.784896	3.4029465
9.745738	2.4646847
3.6691425	5.387189
10.49178	0.3320508
10.135203	0.7638688
3.6452303	5.4393315
8.410159	12.924739
7.5363855	3.718626
7.6859636	-0.5408618
7.205533	-0.49895647
8.151284	1.3732748
6.6027	-14.42162
7.2864933	-14.188577
6.189409	-14.5912
6.2048073	-14.584276
6.209892	-14.584482
9.064122	0.64049715
9.674409	3.5197074
6.9935346	-14.294141
6.1876087	-14.592991
11.464277	5.194708
8.339862	1.335257
6.671347	-14.395584
7.866822	-2.0311413
8.610216	0.6364508
6.705439	-14.383133
7.0094337	-14.290008
7.152883	-0.39275607
7.607409	0.44088084
7.594413	-13.951828
6.2884965	-14.541966
9.881841	3.7243571
7.8541455	-1.7929945
5.7949657	0.8911537
8.647348	-1.4509188
9.013604	11.900192
7.340868	-4.4812884
7.353217	-4.4760137
11.25	3.6301022
11.622122	5.1289043
11.848804	5.510448
9.349791	3.403724
10.599227	0.3448628
9.237286	3.6279628
9.874028	2.6947165
10.073269	0.4205765
9.337694	-1.7255135
10.91027	2.9301658
10.035999	0.67337066
10.053583	0.37004843
8.183237	12.825683
7.8429875	1.1145856
7.892539	-1.7783473
7.6943135	-0.3433773
7.553043	-13.98648
7.564664	0.0632239
-3.2579253	11.811531
7.428299	-14.086809
6.989557	-14.296819
6.2142677	-14.57606
8.858255	5.3736267
7.616637	-13.927778
11.098668	5.006092
7.3468738	-0.54707354
8.565538	1.3382424
7.9463325	6.8836145
7.3201575	-14.161843
9.554157	6.8293896
7.4939237	-0.74840224
9.003706	0.4369411
9.15738	3.330073
6.9784966	-14.294375
7.341334	-0.103526525
-3.267338	11.790931
7.3690977	-14.1127825
7.0691085	-0.36888415
-3.0367892	12.045407
9.44477	0.6916707
9.018149	12.397023
7.3202324	-4.470415
7.305585	-4.460377
7.649581	10.29952
11.654074	5.059974
10.311104	5.702826
9.318164	3.3766892
10.70447	0.4595635
11.3323	3.48428
10.407596	0.36246225
8.594043	2.8148296
8.566068	-1.284279
11.787573	3.2381783
10.562681	0.348839
10.255999	0.47511157
6.775601	13.029765
8.11744	1.3218875
7.3150845	-14.154277
7.5204163	-14.014498
7.6166005	-13.931268
7.340533	-14.145822
6.807338	-14.34642
7.359575	4.0573835
8.173254	1.7505169
7.497874	0.14999917
11.900115	4.8597145
8.352011	1.3566756
7.438038	-0.78248584
7.3077016	0.097278535
6.6111145	-14.418173
6.6141496	-14.417429
7.5605755	-13.980316
7.3076644	-14.16902
7.611202	-13.935305
7.130803	-0.8848578
8.913679	7.4136186
9.381106	-0.38206872
7.3392205	-4.5000486
7.311872	-4.4334083
7.7866435	10.274427
10.604323	4.511927
11.766492	5.494228
9.310469	3.3583052
11.125392	0.9885932
8.794005	3.2752495
10.093865	0.45885864
9.471742	2.529387
11.352052	3.0998902
9.38328	-1.7839105
10.032941	0.45709282
9.763548	0.7644033
6.6948843	13.515007
7.196997	0.9248837
7.340916	-14.1626
7.513912	-14.022116
6.482989	0.16057332
7.7971134	0.04198888
6.9325585	-14.312118
6.2310724	-14.5665455
7.5976577	-13.948819
6.2141576	-14.582515
7.335954	-0.7828044
8.252338	0.0022613797
9.456181	3.46545
6.6746674	-14.394239
10.051181	4.4925747
7.4764366	-14.041388
11.866288	4.8668623
8.811978	5.404035
7.641032	-2.03995
7.53411	1.284139
7.426967	-14.081437
7.3615723	-0.792757
8.922857	0.35796195
7.6436276	-1.781238
7.351563	0.20336162
8.966492	0.2477434
6.2224884	7.1651974
9.35609	-0.37333146
9.061907	11.868368
7.8575697	-7.2540913
7.8503695	-4.8402243
7.808768	-4.868559
7.856328	-7.255738
5.004681	13.2377205
11.587858	5.1507134
11.830132	5.471369
9.992187	4.100178
10.564733	0.32419682
8.952932	3.5268598
10.249217	0.38416374
8.375477	2.8169935
11.093974	2.9575808
9.169052	-1.6236495
10.526508	0.34300432
9.882469	0.62477654
9.058845	12.360218
7.681309	1.1178639
7.561708	-0.622311
7.697457	0.013531161
7.8842654	-0.0016789939
6.8567076	0.009406066
7.762411	-1.6505244
8.985639	0.3534439
9.2364645	3.3391597
7.068605	-0.29220986
8.619847	0.5635071
7.3409324	-1.3227817
9.309237	0.6058495
6.8327208	-14.340404
8.645465	0.6122152
-2.9205732	12.129428
-2.8065848	12.230654
6.586003	-14.427791
7.4349046	2.3282123
7.7311187	-0.2583712
5.524251	3.2313461
-2.8695037	12.183639
8.284174	4.9270086
7.4436355	-1.2540481
7.857446	4.260062
11.511089	5.271376
7.294351	1.0315273
7.6715455	-0.47631976
8.577494	1.3387941
-2.4082477	12.412405
8.16677	1.815386
7.4310355	0.31922343
-2.6741507	12.293303
9.234024	0.58224857
8.711842	0.5518393
-2.0674987	12.6529
8.361186	4.8270345
7.246326	-1.0529433
8.516392	1.4271299
7.6299505	-0.4360108
5.801996	0.9574351
8.67357	1.2390742
1.369272	11.467104
8.405151	1.9982433
7.653789	3.343293
9.063396	11.000276
7.858401	-7.2489395
7.8579903	-7.2539935
7.0574193	-3.3187616
7.854414	-7.252491
7.810645	-4.8698816
5.061654	13.262371
11.616026	5.144794
11.825115	5.4475904
10.128795	3.8149488
-7.9585786	3.6221626
10.594518	0.33925095
7.9948325	3.0389946
10.015417	0.35276315
8.151321	2.7833393
11.013004	2.9604628
9.132916	-1.5803936
10.082012	0.25728923
9.6655445	0.6084483
6.17669	-14.597236
7.815713	7.527424
8.239855	12.81781
7.5240684	0.64885944
6.183687	-14.595118
8.640868	7.3456326
7.91565	-2.246892
8.643199	0.61605865
9.366996	10.635826
7.3568993	-14.135193
8.289804	7.060535
9.121771	9.741108
7.220399	-14.209465
8.450677	8.977231
6.3360405	-14.520277
7.8942766	6.957145
7.5186696	3.266285
7.1930065	-14.235002
8.896366	6.9067144
7.6463284	7.614786
8.236563	1.6279992
8.418421	-2.6408565
4.96063	2.0952299
7.7245603	1.8760134
6.8604875	6.719997
8.865218	5.390793
7.1062517	-14.24727
7.027477	12.387686
9.302101	3.3130689
7.02035	-14.285846
8.428422	7.867218
10.022295	3.7157469
7.7619576	0.5718421
7.359866	-14.127877
5.6411095	5.080504
7.32967	-14.153028
6.1824584	-14.595251
8.957164	9.644303
7.018134	4.853432
7.15307	-14.237189
5.9091477	0.9400771
9.305261	0.5187108
8.63433	14.173741
5.521761	2.0348077
5.6253557	1.564197
8.962298	11.104591
1.367822	11.466775
9.326178	-0.3852925
9.055746	11.8905945
4.896506	13.197597
7.8639555	-7.2512903
7.854181	-4.8381443
7.854689	-7.252791
7.8143735	-4.873558
6.2043486	13.008748
9.7029	3.5295691
11.595631	5.143486
11.875215	5.50233
11.126949	0.98627436
8.501907	3.0005667
10.140786	0.5241557
8.537016	2.8696556
11.483663	3.1542993
11.204229	2.4156833
10.551275	0.35033837
10.1425085	0.7312054
6.7092347	13.201325
7.7833037	6.36437
6.918854	-14.318303
9.180249	0.58132756
-2.9798112	12.099471
5.756332	3.7070513
8.75932	0.7228507
7.533869	-13.998979
7.231868	-14.204479
6.1765437	-14.598692
6.640595	-14.406958
6.946571	4.508985
7.8585815	-2.36491
7.3279943	0.9278765
9.247528	3.329659
8.355294	0.30460495
6.9461055	0.015050851
-2.4225528	12.405207
11.871177	4.8182
8.319001	1.3944398
7.270724	-14.188603
7.4718747	0.14854753
-3.7161958	10.186434
7.7360077	-1.8759298
7.5405493	0.17876463
7.4741335	-14.05659
8.880318	-0.09112334
5.8638206	1.6846199
7.186722	-0.8987777
7.423216	0.2733598
7.678825	0.44186112
7.5287647	0.08412246
-2.4428895	12.355958
7.263515	0.8105432
8.660127	0.60464394
8.193581	4.4897966
5.794833	0.9751192
7.9463806	4.337257
-2.099721	12.611731
10.114216	4.28578
7.4989405	-14.03435
5.789108	1.3032779
7.247216	-1.1338285
1.3366638	11.495744
8.437022	1.9683504
7.464005	2.5334344
9.012527	11.904776
4.9237905	13.189756
7.8563676	-7.2430215
7.856511	-7.242494
7.058361	-3.3221576
7.8557377	-7.2569733
7.8150854	-4.8746924
9.895486	3.7115805
11.031543	3.6317186
10.2280035	4.327868
11.843054	5.440259
10.499034	0.31797817
9.341151	3.6630673
10.118728	0.5145052
8.510846	2.8311357
11.018052	2.9336357
9.399672	2.3632224
10.602888	0.36502603
10.076488	0.71945345
5.5622168	1.675132
6.215789	0.25509652
8.7508335	11.863599
7.730577	6.629871
6.8050575	3.9869883
7.595647	-1.1060483
7.0823827	0.0757641
6.6840296	9.498056
7.6153994	-13.928288
6.317164	0.16774991
7.2517357	11.5841255
5.7514124	1.8921101
9.094589	3.419397
8.198885	-2.817983
9.211523	3.2243986
8.595684	14.032301
7.601495	-13.942117
7.084665	-0.39037427
8.123996	0.81487954
8.300041	12.751154
7.788667	-1.6209545
5.8745046	1.6732141
8.344307	9.220405
6.690801	-14.387413
8.911734	12.314379
8.795323	0.47893646
7.6067653	-2.0473516
7.448186	1.3948733
8.6342	10.5176115
6.9860544	-14.305282
8.579492	7.5723257
7.529363	-14.0061
6.1839957	-14.593122
8.895919	14.02598
9.2793	3.3611963
8.098958	-2.1887937
8.034486	1.0708214
10.112256	12.910474
10.17747	4.721146
7.48796	4.0758905
7.971998	0.7972012
7.1997967	4.1184964
10.004641	10.351997
-3.0015116	12.087058
7.2064548	4.2684026
7.788289	-1.3867611
8.966233	0.42160583
10.349607	11.375724
7.054411	-14.272812
10.007623	10.293843
7.2368383	-14.194533
9.65441	11.314342
8.015615	2.3924453
8.19679	-1.9168619
7.3406057	0.14040199
8.491488	8.91064
8.125439	-1.8584687
10.242053	11.591992
8.056006	7.030712
-2.0433867	12.689507
1.3691471	11.469692
9.329089	-0.36137065
9.091923	12.007936
8.513817	3.4867415
7.856328	-7.25634
7.84705	-4.8516316
7.8506293	-7.2485285
7.821043	-4.8748937
9.268811	3.387459
10.113147	4.36595
10.149429	5.873836
11.635272	3.342191
10.405881	0.3241063
9.482636	3.6830194
10.473467	0.3738864
8.367375	2.8054194
11.088197	2.9668431
8.415415	2.748519
10.375962	0.25362647
9.878845	0.69416755
8.844549	9.245899
7.700704	1.1269002
7.250639	-14.19623
-2.0787694	12.598644
6.179345	-14.598375
6.2409563	-14.561321
7.547309	1.9242291
8.051977	-2.3694336
5.7985983	0.9964703
9.383306	7.274997
8.922957	5.3729205
7.589673	-1.9350936
7.5321035	0.88810277
7.714095	6.8394084
9.25975	3.3435934
7.7975492	-1.6353731
8.511013	1.4383185
-2.739751	12.284687
7.4963107	-14.0358715
11.355471	5.136299
7.299686	1.0388812
7.795838	-1.5316169
5.7845583	1.6277375
-2.54085	12.339931
7.63267	-2.010636
7.5138044	0.47846264
8.292931	4.513114
7.964105	-2.0698133
8.611556	1.182343
7.039212	0.0358582
10.378801	11.438878
-2.7857099	12.245143
9.214404	3.3189716
8.321941	-0.20407899
9.895006	4.016712
6.730917	-14.369932
7.4107656	0.06407641
-2.5505075	12.341136
7.2090645	4.8255563
7.34644	-14.143844
8.399993	4.8169208
7.386267	-14.11586
6.982188	-0.6373653
10.390765	11.499185
8.286706	4.7946496
7.6036725	2.1043527
-2.8414917	12.198915
-2.183864	12.575128
3.795793	5.3957114
7.2877016	6.5113616
1.4137383	11.424721
5.5089264	4.2578135
5.3340654	4.760526
7.844398	0.9954855
4.731918	1.7981759
4.51865	4.253384
4.9297857	2.814287
2.885183	10.748057
1.7413	11.208276
2.9583318	10.580767
8.629142	2.757726
9.318568	1.766225
2.595061	10.76673
4.8479834	5.6055775
11.050726	3.5981297
10.0597515	3.9859958
7.1598463	0.4950565
2.0271494	9.94496
3.7845652	5.58808
4.119114	7.490603
3.492458	9.229964
3.5521853	9.154819
3.5530126	9.064386
3.1990345	10.575411
4.8766584	5.917338
4.7969856	5.598551
2.7284303	11.087142
2.6059604	10.7457285
-3.507275	14.744021
5.278574	5.2308607
8.245302	-1.6176268
4.328435	7.522787
9.114733	2.7249305
4.7207375	5.6290293
2.9957502	9.989764
3.9768362	7.1722097
4.5825176	5.9048977
3.9739773	7.3598123
9.517694	3.608502
4.843741	5.7719674
10.30004	0.20680459
8.415888	-2.447164
4.1918	7.410783
5.0355873	7.715846
9.779061	-3.1931126
8.532783	-1.2889664
8.448326	-2.5916455
5.3793454	5.316852
4.460383	4.951553
2.049511	9.924407
-49.47715	10.498625
4.8851833	6.884161
3.5463135	5.4650507
4.746619	5.9498925
4.67429	5.7083654
3.5528307	9.114525
3.4811928	9.255891
2.667776	9.730497
1.0686847	10.220008
3.3741982	12.345361
10.938477	3.6127605
4.423425	7.3109255
8.308924	-0.6965337
5.940086	2.4889977
8.647087	-1.3632336
6.024485	2.485122
10.035637	0.39222187
8.324902	-2.1946702
4.479607	12.936072
4.778619	13.157847
8.944859	3.694332
9.065943	1.0216805
7.591548	1.9577693
7.2539306	1.955959
1.445511	11.403785
5.7575107	-5.862375
9.270074	3.4528024
3.4561005	5.7543983
5.963886	11.560794
6.6060715	-4.9786835
9.127296	-3.988591
3.0774212	10.548108
9.436312	-1.9746709
5.765987	-5.855007
9.2187805	-4.0442085
3.9407148	9.52464
9.7759905	-2.9561584
10.173128	0.95597976
9.176792	-4.021816
2.0272608	9.943815
3.7431138	9.722438
8.543199	2.782092
9.011246	0.9871162
9.513957	-3.583444
3.2018595	10.128815
9.785446	-2.9366024
5.0984893	5.8531833
9.414586	-3.7064881
2.752607	10.958003
11.521626	3.4792466
8.837814	-1.4963573
5.779444	-5.8437796
9.905413	-2.7758234
3.7782047	9.460495
11.330581	1.8433163
4.7164755	13.183047
7.643567	-3.1058202
8.631706	3.7457805
9.280536	0.947281
1.471035	11.386352
5.996421	-5.6496606
10.6165085	0.37611824
2.6227274	9.659604
11.505797	1.8802352
9.237799	-3.903423
3.5121386	5.5377574
8.614634	3.3366299
9.167813	-3.9943666
3.9858263	10.58832
8.37488	-3.2552774
9.528204	-3.5644975
3.937908	9.298817
10.10539	1.205711
6.596311	-4.987866
9.800742	-3.0901518
3.1527882	10.51795
11.529624	1.8656855
5.785934	-5.8385754
9.357719	-3.769606
3.8265066	9.074602
11.360918	1.8114865
9.576681	-3.5320451
3.3053942	10.374295
10.2174835	0.176274
9.994392	-2.4239345
1.1447603	10.18072
2.0296638	9.938019
3.462851	10.301527
11.561606	3.5184627
9.67427	-3.3282292
3.0548744	11.753064
9.959265	-2.439089
11.040389	3.6047986
4.659071	13.204392
-3.9725156	13.270419
-2.3307827	13.187849
10.801296	3.923455
8.971662	1.0178149
1.4604933	11.392818
5.767685	-5.8553433
10.633209	0.38148323
3.4690254	5.8113375
5.9501224	12.117584
9.307764	-3.8314714
2.7073615	9.981748
11.766701	2.3787591
9.510936	-3.555527
4.474112	8.9281025
9.473177	-1.8803649
5.7875795	-5.832578
9.547508	-3.5382195
3.5863488	9.597328
10.164791	1.2531967
9.754096	-3.0039227
3.4992805	10.773551
9.499533	1.4269423
10.372293	0.29772925
9.170027	-3.9807596
2.5057075	9.6163
4.0710797	9.167994
9.197073	-2.12654
9.762866	-3.1900158
2.7043445	10.868781
9.842731	-2.0524967
9.430313	-1.8571985
10.001524	-2.3774562
1.1576082	10.165318
2.9644957	10.740526
10.179174	-1.8244503
9.468914	-1.8956953
4.7879944	13.113634
7.642405	-3.1914427
10.270676	3.6761062
9.011449	1.0633622
1.4474752	11.402484
6.053284	-5.5999913
2.674025	9.898393
11.123278	0.96308416
11.798015	2.5436835
9.312321	-3.7886395
2.6384978	9.993965
5.444089	13.405023
9.638616	-3.3726757
3.3040497	12.1109705
9.569046	1.9779022
5.9462504	11.971399
3.3564413	10.487212
9.754772	-3.018678
10.163882	-1.8866385
9.257538	-2.06629
5.753327	-5.8693576
9.450699	1.487367
3.0780313	10.617093
8.965314	3.5041099
6.1609187	-5.49833
9.602411	-3.3198714
3.1479518	11.2262
11.494979	1.832208
4.088588	7.408543
9.948461	-2.4670286
9.875547	0.85592747
6.143827	-5.51668
9.750139	-3.0001345
2.9911172	11.423262
10.570844	0.42336887
10.198704	0.1717936
5.7630854	-5.8589287
4.3535175	8.868979
10.056994	-2.200615
10.1708145	1.084958
9.199408	-4.037468
3.1689997	11.223276
9.49405	-1.8960313
4.7937837	13.136581
8.076076	-3.8841221
7.6331353	-3.1123514
10.211875	3.943184
9.033978	0.9823592
1.4598458	11.393678
6.0829434	-5.5725374
10.992035	0.7396633
3.8414562	10.646151
9.541196	-1.923652
9.136473	-4.018614
1.1486634	10.180806
3.5414555	12.334404
10.329093	1.6773462
11.48471	1.7909158
3.0936835	10.643332
10.17641	-1.8424805
9.439979	5.2694354
3.7804415	9.374773
9.307193	-3.818585
1.1505114	10.179057
10.534068	1.7709178
8.9899435	-2.3093479
6.6011696	-4.981938
11.0666065	0.87596905
3.0091085	10.699663
11.664558	3.3177361
10.183093	-1.8259853
3.2001338	10.008868
9.854506	0.85214233
9.200845	-3.9820602
3.0318794	10.540712
9.128975	-2.1126268
9.776878	-3.1652486
3.1251426	11.207837
9.510372	2.4025517
9.165332	-3.9947548
2.9758935	10.668717
10.078748	1.0474576
9.761781	-3.2216923
3.6928287	9.720577
10.181735	-1.8044317
8.496599	-3.1061668
4.688077	13.110573
8.784511	3.7361004
9.482149	0.935839
1.4664586	11.390114
6.2948947	-5.350231
11.051247	0.85030967
3.4583914	5.7500443
5.350227	13.488232
9.988434	-2.4974189
3.7419405	11.98724
10.120836	0.94231313
9.75365	2.4529033
3.173241	12.007055
9.508276	-3.508161
11.808596	2.6561499
8.070201	-3.904476
3.3344903	10.127588
9.505882	-1.8892367
8.090307	-3.8828006
3.7533937	9.745106
10.172708	1.0323236
9.990536	-2.4108531
4.1873617	7.2067137
9.2522	-3.8082438
11.329982	1.8529744
9.1452	-3.9973078
2.7382636	10.805474
11.569358	1.8849592
10.017761	-2.3353322
3.2055683	9.8954935
10.558728	0.3333044
6.6143622	-4.9599156
11.057431	0.84834915
3.183569	11.231653
10.495044	0.33310258
9.199498	-3.9756215
-4.0412793	14.099498
3.711168	9.554935
10.145434	1.1394445
10.167948	-1.7909384
3.7822516	10.6173935
8.432505	-2.6777062
1.4126273	11.43538
5.7808547	-5.8438497
9.129628	-4.010934
2.631348	9.685029
4.6789217	13.127465
6.1582227	-5.5020237
10.182373	-1.8672885
2.0636163	9.921529
5.3081694	9.221297
7.897994	3.3393905
3.3369424	11.480182
9.998777	-2.4501853
9.45727	2.3372753
9.787192	-3.1397045
3.8556104	10.537866
9.581725	2.0328896
9.386588	-1.7847635
8.087524	-3.8694484
2.6773245	10.908158
9.418259	-1.809732
6.1022854	-5.554421
10.72465	0.4347716
3.2422264	11.274848
9.436702	-1.81858
8.081827	-3.876314
3.054753	10.815657
5.6514263	8.636051
4.592914	13.179359
-49.476814	10.498708
8.6949215	3.8146477
10.096378	0.805196
1.3846259	11.455011
6.1840544	-5.475967
9.574872	-3.5006077
3.3172748	11.417509
9.931151	0.9415201
6.157246	-5.5025415
8.853571	-4.0423284
3.3840365	10.187928
9.36686	1.7810116
8.383104	-3.2503188
6.154674	-5.497843
9.362678	-3.70737
3.3775113	9.894427
10.263493	1.7487257
10.215173	0.025994431
9.295674	-3.77959
3.9433494	8.7251215
10.220572	1.6175497
8.985201	-2.0856206
9.112383	-3.9190922
3.3104026	11.341947
10.142261	-1.8746927
10.256734	0.124916315
4.6714993	13.186447
10.33955	3.5915618
9.516436	0.8997622
1.3905066	11.454813
5.7721715	-5.85151
9.421986	-3.619681
2.6743357	9.763272
11.126137	1.7938987
11.5053625	3.4918544
6.698809	-4.856401
8.917184	-4.0087085
1.093803	10.207453
3.3070865	11.46314
5.1188264	5.5310545
6.805705	-4.6958165
8.841737	-4.023305
3.6999512	10.349514
10.088152	-1.9493089
10.272825	0.18770142
6.1002383	-5.557507
9.346324	-3.700132
3.612888	10.339366
9.375489	-3.6245692
11.128036	3.585177
6.1538463	-5.505898
8.920588	-4.002469
2.915041	10.666456
10.090088	-2.0464826
10.517059	3.683193
11.360704	3.5282912
10.290971	3.9311497
10.0010805	0.8037291
1.456508	11.400457
6.572569	-5.016516
9.435622	-3.6284087
3.2928863	12.125424
8.923766	-3.9668653
8.763493	3.9599411
3.1541674	10.000397
9.069242	-3.9928255
1.088426	10.2135725
9.336838	2.133634
11.898737	2.9565518
5.779177	-5.844113
9.161066	-3.9072454
3.3518615	10.114029
4.8577056	5.868725
9.106087	0.97112286
6.1541195	-5.506156
9.564966	-3.513207
3.3417337	10.261084
9.118564	-3.89652
9.461864	-1.891859
9.477901	-3.5992746
3.76601	10.440544
9.102082	-3.9157865
10.139058	-1.9329259
9.478004	-1.8953222
-3.765379	10.250979
11.610109	4.387446
9.924177	0.8040194
1.3806686	11.462045
5.7692122	-5.8530455
3.8619723	10.476933
9.110475	-3.9538372
10.028948	-2.209294
6.6888633	3.5015867
9.128872	-3.9276876
3.2912312	11.225988
7.968324	3.0164618
9.774112	-3.172619
3.2452018	10.075541
9.334531	-3.6385088
9.089847	-2.134694
9.868718	-2.7861931
3.3917022	10.082957
10.136009	-1.906865
8.247018	3.3934608
6.596729	-4.986629
3.7542899	9.508898
9.050876	-3.9774559
1.1585947	10.176639
8.869136	-4.025381
8.998329	-2.2456374
5.2219677	10.496523
7.04336	-4.3097997
-49.505512	10.480987
8.059652	3.5091033
10.027951	0.784079
1.4306792	11.456832
5.774073	-5.8501844
9.297504	-3.7835991
2.7170622	9.926604
9.312404	-3.6841488
9.563817	-1.8947759
-48.513924	10.507877
3.2274344	11.994788
9.971426	1.4989765
8.87132	-4.0236835
8.337224	-3.3118956
5.788034	-5.8363123
10.164566	-1.8429028
2.9331102	10.763495
9.945798	-2.4302871
1.0898626	10.210097
8.742561	2.9962034
9.09695	-3.9620142
2.9718065	10.929092
9.105991	3.987965
9.478434	-3.6028368
3.4528434	10.287233
8.878564	-4.030457
8.350841	-3.2952118
5.0290866	13.229781
9.081404	-3.9504094
3.1661928	11.186114
10.010806	-2.2762432
8.461199	-3.1245017
5.963025	11.964368
1.5125346	11.350791
4.75141	13.145095
7.062396	-4.3505716
10.100172	-2.1399684
9.550643	-1.8980602
9.575293	0.86797065
2.8197486	10.14647
11.521799	1.876761
8.898228	-0.9580392
3.0019662	10.021657
9.380144	-1.8385042
9.17745	0.092479356
2.7239628	10.151771
10.449089	0.3950397
7.906848	10.559869
-3.6562176	14.382622
8.965198	-2.2265997
8.514661	-2.0051804
-3.6690786	14.385686
10.124756	-2.00803
9.421552	-1.9739907
8.447028	-1.9915376
3.0555356	10.152545
8.582994	-2.7949765
9.566378	0.7190968
2.7243962	11.036606
7.237728	-0.18303764
8.409266	-3.1810918
11.892624	4.6928463
3.3280737	10.071791
9.422328	-1.7831724
7.6946692	3.024649
2.6689062	10.903183
9.073409	-2.1036494
10.11057	4.098885
2.6997857	11.01373
10.059167	-2.1888392
7.320254	1.1556983
5.955219	1.1590261
11.869173	2.6033714
7.2925377	1.1553041
10.101719	1.0280615
7.3339562	1.1362702
11.502638	1.9785506
9.684304	0.8772372
2.6626463	6.1465154
8.965404	0.39546597
1.9312222	10.038258
7.119982	1.687714
5.7625303	3.7829251
-48.29304	10.537042
6.7714653	-3.813372
4.9450893	13.142249
6.9697413	-4.253507
6.4669385	-3.6276226
10.645002	3.6619592
5.217194	10.216798
3.552338	5.371298
5.1953406	7.9550314
7.8769274	0.9896698
8.2113905	0.6290083
9.835489	2.8797464
8.941291	0.25681773
8.118656	0.18895338
8.288957	0.4726378
7.2023993	-0.15905549
7.7376976	0.14234695
7.387423	2.2277083
8.682942	2.7612026
4.778352	5.7743297
5.360573	8.215026
7.055346	0.44417304
8.037552	0.87325215
6.933067	3.6401522
7.2146926	1.9624865
7.176082	2.168063
4.5663886	3.7026558
6.0461	2.5138924
8.641521	6.5066843
7.214224	-0.14463596
7.846431	8.388726
7.5075145	-0.3076708
7.9494696	-0.02485669
6.9359565	12.9214735
5.2685328	1.8936634
9.178191	0.50617814
4.476714	4.834584
7.3399515	1.083813
5.30611	8.127255
7.0115175	0.43077052
8.121804	3.2539577
8.8591385	12.555216
7.541697	2.3222375
7.168213	-0.097991444
7.1094747	-0.06318311
6.9414225	0.061640076
7.654929	0.54511833
6.0245347	2.148563
5.260955	8.06285
7.9372234	1.066945
4.4183245	3.286966
4.650442	6.059059
8.149818	1.8483549
8.279737	10.16465
7.0381465	0.047301866
9.266087	3.325101
6.167075	3.9682195
5.5015473	3.3636153
8.189909	4.9677196
8.849509	6.6744814
8.910954	6.6831164
8.500668	1.4865465
5.8341217	1.7385942
3.8882148	9.62707
7.866196	1.7527893
6.0622754	2.1616871
7.2122083	1.1706694
4.4238777	3.220273
7.673443	1.0409317
5.4514894	8.344499
7.6023297	2.087907
8.683863	1.0236883
7.0383	0.029215341
5.7837706	1.745331
5.0290227	2.1127899
6.790665	5.9632373
10.09276	4.5538826
6.694425	13.182986
5.8988805	0.96725863
5.6352434	0.8379441
7.0589304	0.10784641
5.2675934	8.021297
7.2596564	0.58131844
7.4128075	2.6874132
10.317956	4.2967215
5.1678386	7.978817
7.2641726	-0.20475115
6.9886823	0.3795453
7.824412	-0.29696292
5.501838	4.518781
7.9712477	8.056834
8.038605	0.19069585
5.81779	7.5954947
7.9377236	0.030042384
6.140623	2.7504816
6.186775	-5.4570584
4.7675023	5.7909985
8.040724	0.789133
7.3986173	2.616004
11.836221	5.336509
7.0544896	0.10659458
5.8921413	4.0472407
5.8048515	1.8943805
11.188842	5.075161
5.0268145	1.0012493
8.299245	-1.8120341
8.795458	0.119862735
4.8864055	4.6834593
7.2773514	2.4946253
7.1377296	1.6929687
6.9335537	4.0261006
6.892303	-3.9034977
7.0017915	-4.2267337
6.9021096	-4.167386
9.66596	0.8532304
11.421289	3.9333527
8.347947	-0.430697
3.783088	10.382634
8.836262	-2.0827208
8.776788	-0.18261075
7.853944	-2.305057
7.823752	-2.314299
9.204778	-0.00457727
6.656636	5.324506
8.43631	-2.4971921
5.6569605	6.5118856
4.6168733	12.932453
8.955723	0.31218413
5.816068	5.8461733
7.79552	-2.252714
5.7088985	5.9560905
7.788817	-1.6507096
7.7750506	5.628683
8.775456	3.6055121
10.990918	5.125401
8.295697	-1.6758243
9.838878	4.6369247
7.0633397	12.734398
10.002432	4.5803404
9.131176	0.19776452
9.043283	4.490207
11.574838	5.0910068
8.779203	5.6644707
7.6747456	3.7953644
8.156788	3.7767036
7.6234117	-1.1827883
11.78271	4.9323444
-2.1020823	13.133284
7.8204703	-2.2915065
9.001388	3.9347384
10.020556	4.571136
7.7286096	-1.3226011
8.679974	3.5689797
11.263716	5.019141
8.512758	3.474202
8.597448	3.7184386
5.3490663	8.2007065
8.461705	-1.3437591
11.849158	5.2778535
8.201347	-1.9890379
8.497623	3.489233
10.002418	3.4720135
7.388856	7.4117713
11.370365	5.129629
8.107177	-2.680784
7.685651	2.9300165
9.066012	3.8666239
7.847637	-2.295826
9.213849	3.8561394
9.858069	3.5685604
9.033772	3.4854484
6.4665885	10.776683
9.204018	-2.0622761
11.320336	5.1009045
9.1602335	3.8067255
7.855452	-1.950246
10.134899	4.597443
8.720378	3.594072
5.5286136	4.9293942
8.952499	3.917429
7.7961316	-2.2596736
11.185663	5.134603
7.7182384	3.8374062
7.8685064	-1.8624234
8.107079	3.7701247
7.8012686	0.51987624
9.116863	3.846481
8.430962	3.588337
11.453158	5.162074
8.475095	3.5451965
9.00926	4.272899
6.530316	12.972524
7.0530953	2.6690462
9.913281	3.7036161
8.4469595	3.44615
8.467998	-1.3355361
9.841476	3.4339232
7.7254124	3.8357546
10.292856	2.9628642
10.075067	4.546158
7.7526035	-1.9042747
9.980003	3.7997227
9.057188	4.283723
7.88285	-1.8955746
11.821807	5.119325
7.538271	3.7250938
8.598303	3.5330138
11.209862	5.03008
7.276927	2.768744
8.633283	3.5795174
8.525715	3.5538676
4.903888	13.142894
10.298258	3.9088652
6.1484413	2.644568
8.56556	12.2355795
6.2322006	9.461718
4.531863	6.7416015
4.818476	3.2572007
5.6602783	7.872282
4.3941636	3.1333194
6.6839747	5.295768
6.7045035	9.069488
6.032384	7.0930686
7.319867	1.0541202
6.0544176	2.485036
8.926452	0.56705624
11.18835	4.978811
8.07087	1.9136006
7.335513	3.7986147
10.331451	3.087635
4.8317585	7.6062436
-2.3304167	13.012266
-2.32745	13.02145
-2.3611636	12.992932
8.791823	5.5309834
8.597216	7.376044
8.849614	2.688185
5.5013757	13.450476
8.759618	2.7199206
7.100571	1.9857526
9.4632635	0.6793246
5.6088395	7.761059
-2.346475	13.02975
-2.3447373	13.127243
7.9226403	9.250154
8.839936	-0.17233722
8.328384	3.9536092
10.011328	3.1210377
8.869619	12.937457
5.308163	3.839179
8.3466425	3.429497
-2.2219348	13.0221615
7.28427	11.9129305
6.8287787	11.763333
5.7118244	13.581837
10.402147	5.0001497
2.0066898	9.965898
5.172322	1.8262244
8.277904	3.263513
5.0200777	1.0879809
-2.789311	12.36317
7.5676165	4.135345
5.2742705	4.1810102
5.618034	8.616476
7.75833	2.8511214
6.2877016	2.168584
7.6094093	6.342153
4.6431127	3.4449553
10.425278	5.7601366
8.209482	4.2719383
5.286687	8.767005
11.65261	5.470902
5.736706	3.7877548
6.3613157	7.3870363
4.902572	2.2263038
-2.767364	12.353757
-2.1464534	12.9621525
8.408828	6.287475
7.974895	7.6504297
5.1837544	2.069831
8.352969	6.804064
5.3452735	2.457615
-2.1037204	13.04837
5.2238398	3.2313216
8.377004	10.5477915
-2.2789788	12.953932
5.6966662	8.698594
7.1640944	4.7796893
5.4057975	3.856154
5.5335536	7.348503
5.9721103	3.976387
7.7273397	7.508779
-2.6784508	12.413236
-2.440749	13.019746
-2.331357	13.006823
7.0143623	4.5094566
5.1607833	1.108483
4.8130317	2.2613294
5.046455	1.1030172
6.0231404	2.5140698
-2.297875	12.961796
9.162378	2.5146482
7.6783276	-3.94425
7.9548025	2.03088
5.6602063	8.524205
7.1737943	1.7458006
6.875767	4.334665
7.2656116	1.2487795
9.210681	9.652883
7.772229	5.483478
11.223794	2.9814508
8.607676	12.10966
9.552916	12.953488
7.7096076	4.13401
10.028724	10.220498
8.095889	1.1431665
8.953816	9.6751175
7.927448	6.91657
9.010687	7.156415
11.608557	5.3474593
9.2211075	9.768256
8.4676485	5.3096914
7.539523	6.3669076
8.670664	0.5439838
10.179076	11.263323
10.294327	12.156177
11.45984	3.8859005
7.5494466	2.3814242
7.8986607	1.0889332
5.6838202	14.91437
5.2935343	1.0003226
7.80041	-1.6185894
8.28467	3.2889383
7.555734	0.08207918
8.40587	4.627523
8.952793	0.38629678
11.5811615	3.9758863
7.595214	-1.0759721
5.871805	-2.572914
8.699246	-0.13096774
8.816139	9.277596
9.102735	9.647094
5.734864	3.9505148
6.472909	3.7785313
9.021875	9.452956
10.344255	12.2817745
6.231972	5.8684707
8.982479	11.183984
10.095309	11.479478
8.220693	3.9108086
8.125756	8.479293
6.653099	5.235323
9.844677	10.434968
9.653643	6.9501905
6.307207	11.365649
6.5657434	5.193724
5.180894	3.26513
4.893805	1.9055982
6.1647987	-3.2935538
9.14555	7.524189
6.4664955	10.694959
4.8298273	1.3709425
8.583953	8.993771
8.913442	6.9559174
6.939587	4.630095
7.5814085	3.6768193
5.438417	4.2813773
9.73724	13.265796
5.163861	3.266959
8.053059	12.506876
6.48949	4.9573097
5.9252667	3.9514892
5.011569	2.1787972
6.890387	3.9587317
10.893442	3.8322568
9.100884	7.3980694
9.664147	5.915507
8.941342	12.28238
8.169733	3.2075226
5.489631	3.571739
7.2215395	8.196363
7.4237776	4.8969865
6.416191	14.883695
7.8107452	6.101131
7.927617	6.8311367
7.7479405	6.4856157
7.7895155	7.3575454
6.242732	14.839202
9.273539	10.7596245
9.59561	13.305566
6.9481344	12.873202
8.253445	10.682276
8.660732	9.253874
10.193071	3.336224
7.7594514	6.5081306
8.13474	1.1327306
7.248024	1.652748
7.8428235	-3.8862066
2.503844	10.594115
4.217818	7.2681956
7.862443	-3.9828622
5.590544	3.1736624
5.414068	3.259435
4.462239	3.2049081
10.148308	2.9223459
5.368819	5.2420244
9.895637	3.6457274
9.805891	5.732249
8.179053	-2.8584409
8.453464	11.065711
7.5360985	8.736852
8.228391	-3.0119338
8.256628	-3.258137
8.651127	2.0187314
8.199903	-2.8732185
8.222875	-3.0225167
8.208776	-2.3196015
9.354821	-0.3745988
7.7793484	6.207455
8.319843	7.2548594
8.26164	-3.2473629
8.165127	-2.4263496
7.188719	6.529157
5.7708945	5.127864
11.619574	5.1264033
8.269341	-3.258162
8.144357	-2.8100467
9.172566	10.514958
8.869634	10.733323
8.286537	-3.1347888
8.164789	-2.8244386
8.224324	-3.1915655
9.01444	10.909613
7.1657934	6.286082
8.185488	-2.8386252
9.015949	-0.021632938
8.185644	-2.9200497
8.317129	-2.2282617
8.195038	7.7318997
8.725331	11.078888
5.152436	2.9241037
8.1901455	-2.9058979
8.853613	-0.60320157
8.896857	-0.27723888
8.453745	-1.905113
9.489184	11.060423
8.883796	10.768917
7.9825287	4.983266
6.2704396	-3.3217993
2.4311438	9.7038
7.808065	-3.9302342
10.299718	4.2046742
10.878018	5.701709
11.742643	5.0702615
11.825183	5.469904
4.833784	2.087662
8.2529955	1.8286803
7.4201937	-1.1951603
8.956273	4.0067525
9.489249	0.7086527
7.8761325	-1.9464561
8.831325	2.1932626
7.5437984	-1.8480909
6.9623814	4.139173
9.20849	9.692848
8.118484	0.5933554
7.7770724	-1.8857955
7.5726357	-1.145219
8.867578	6.9450784
7.72199	-1.1343427
7.5225353	-1.6451749
7.7892814	2.1723208
10.272135	11.764935
9.297523	7.183392
-2.7827733	13.755327
4.68997	2.8769443
8.130125	1.8603418
7.3229275	-1.1130332
9.280187	3.3635924
8.803106	5.4075627
9.002213	0.4368063
7.2294393	-0.48153237
8.293102	4.7635374
7.850252	-0.3067021
8.732135	11.032919
8.724032	0.59722537
9.856468	4.5986657
11.9395075	4.807932
11.137672	4.936498
11.261906	5.067991
11.50271	5.1689677
8.069291	11.152142
10.45376	5.7759657
8.272959	4.2545195
7.708581	6.0789766
9.01943	4.8253574
7.577366	0.05208298
8.648644	6.5797863
9.176348	4.5816913
7.341413	-1.3233279
8.414145	1.5793633
7.419522	-1.8799145
5.895344	1.6815648
7.428661	-1.8844695
8.371204	1.5914266
7.459115	-1.9033356
7.5865593	1.9813426
7.4205976	-1.9054554
7.4302297	-1.9033619
8.623701	6.520623
9.092531	4.5675645
7.416996	-1.904294
7.400596	-1.7311225
7.415095	-1.8792584
7.354874	-1.4680874
10.33944	11.341495
7.9177628	4.2827516
7.745515	5.0490923
5.244132	3.4025126
5.5910077	5.3298855
4.284434	7.4651065
4.516549	5.7908244
4.2628117	5.980261
4.118105	5.9811096
4.4499087	5.697947
5.8444366	-2.6803842
4.4894176	5.487027
3.2523086	11.376985
4.82599	10.176265
3.5685437	5.5068083
4.325237	7.9977255
3.6119525	5.5133142
6.709445	13.576271
5.819933	8.762855
5.5834246	4.154104
3.720298	5.4440527
7.1324406	6.596398
9.033243	0.95906
3.3505166	11.429597
7.8731475	-3.4918447
4.4210553	4.512592
6.3267646	3.2496555
10.038318	4.104647
7.6917534	-2.773719
3.8786597	10.635193
5.2904754	3.2524567
8.484815	11.636617
4.7109337	5.1976542
6.0895557	5.712852
11.435256	1.9549544
7.8045835	1.0874366
5.2020397	4.361439
5.576485	5.908135
5.178749	10.044905
3.7276015	12.345331
4.806334	3.2727666
5.1470356	4.2558646
6.3616915	8.759704
6.158999	0.28781968
2.6565747	9.735507
6.033965	0.36172938
6.5134044	12.321234
5.6551437	10.986017
8.383611	2.0730479
9.518851	2.134302
5.2649703	9.336465
11.281639	2.9994502
3.3149335	11.402881
9.560877	2.6186388
3.7880046	10.702546
10.918473	2.7705123
7.0761585	2.681447
5.589468	13.287823
9.046111	1.0970818
5.948231	10.9103365
4.8568354	5.521541
5.4391885	12.316445
4.534567	6.8830395
7.289097	-3.2624867
7.1316013	-3.2922802
7.5161977	-3.2680073
7.395814	-3.2118406
7.219479	-3.2485633
-8.000105	3.627214
9.078939	1.0252315
4.449992	10.392355
7.210527	0.44419268
5.0593095	9.838549
9.144904	-0.036162864
9.551077	0.73410267
9.191655	0.11158229
9.165551	0.16386186
9.098137	2.3732193
9.944123	2.6056528
4.600204	10.377298
5.03997	4.423981
9.257293	1.3654132
10.820086	5.7232156
8.174475	-2.5563974
5.323126	13.424326
4.2795377	8.815172
6.9553847	4.069616
5.4136863	4.3834558
9.184811	0.12715358
9.1771345	0.1382683
8.983878	0.95927584
4.4822187	10.20731
8.697224	1.8188334
9.307645	0.39677453
8.990373	-0.29093966
2.5934553	10.852261
11.232336	5.0091934
8.892091	6.6942363
