2.826369566894412	3.3723538463197915
-0.17936561040955334	1.3537507792723087
2.5500422368796922	4.961320420573697
3.2117551778588895	3.072296074510451
2.718891207072087	4.864272001016961
-1.0263212314291965	9.497162825890888
1.5363488869447441	5.593931451954855
1.1016244942462712	3.3278172194748126
1.0881186931739233	-0.21420161180525543
0.8920680517729509	3.824043287865761
2.122558454304372	4.976330932993731
3.551158809650535	1.3067264328189374
2.110723948632502	4.582600706069213
1.8072095927125114	5.132333919115171
0.56397238598825	4.32229832982355
2.960882862654754	-1.861802529656428
3.084107636143864	1.4872352904521882
1.5989153940991643	4.064716576853004
1.378369961905694	-0.9569256228053096
0.6006002634365697	1.360691365861933
1.4971490789051316	4.751825034482441
4.11008057526224	5.041508109289383
1.155937086587902	4.915257732486447
0.9441500253328958	2.5588824156549195
3.3963725187608533	5.1954272320385115
2.2603352191373043	0.04665420762664452
1.251445443225379	-1.0315906891402449
1.9658775977496303	2.496641670913988
2.158765425371635	-0.046993094044695205
2.587012621672547	0.7893139150054245
1.9138006294575614	1.1780090649046357
1.493973422683013	1.4695389501089833
0.9726990526062067	1.238296981116884
1.3104953265343555	6.865490988661976
2.1035579793029027	0.603603168383412
1.7053713155228583	1.0831527765696631
0.5808594309456818	0.38971971783751513
3.042381641728512	3.1238660085993937
4.804702334852266	0.18630695325063407
2.2371194289297276	5.713540889903343
2.7095973805978155	0.9831609994935313
2.280218381998612	-5.504652438453057
-0.182234412969295	1.505113829426803
2.057307762463183	-2.8425616263734534
3.911018398248469	6.336576005366852
4.109380963216097	2.7110420345738877
2.4054333385427156	4.9292997179430476
0.5940887514023958	-0.14444779660115303
2.734882982111124	9.697409071647323
3.270940240764163	0.896555302568145
1.8899633891428698	-1.819766087409619
2.519898422196749	3.6979038522302066
0.40431471864734014	4.246987569650818
1.5093767635156365	-0.15665443342407404
2.4775810637960776	-1.1846126768952532
2.19667666347904	-1.0451072154824006
3.358638800421677	-0.8349675083838717
1.999338985072197	4.177323738861462
3.338979909461652	3.143226636676076
2.6100722598321613	3.994050010105838
1.1412636444845985	-2.616255069625508
1.9850293216447357	-2.077894126008978
1.7162008474365795	-3.6827238788193224
0.7800087129888376	-0.7812499897830598
0.6585059602418735	3.107662351486932
2.8822700385380506	1.2836485623181821
0.619690173948958	1.6030981296011102
2.0489540178077315	0.28341030281996815
1.1325021521861562	3.1365103701146415
1.2396018072078305	6.9337308520978755
3.3976455978080096	6.352362534750253
1.6225961484737275	2.3739272172132964
0.8442603480457334	-0.2354300002771188
3.243399129283874	-1.5514156461720359
1.6227262671376779	-2.9873834219335116
-0.12534723822489413	2.1676776880591966
1.5911318458247363	3.4520971143942383
1.7777173814237908	5.79740457465081
1.9113223885268966	-0.7553024338532102
1.0244513697216535	7.272820966317143
3.7639312101609885	3.205862074992486
0.957643825307138	-0.4392004783824177
2.867375259287769	3.784196654405098
1.7603020252058923	0.271420347101351
1.9030760607499668	-3.891351112682397
2.8339820078302553	-0.042883804484491694
1.1917212398819519	3.711484364094564
2.264631434078076	2.551868997571905
0.30181315201048164	-4.511524191451413
2.016217632686456	11.894638938496328
1.5774385348196225	0.38073974376199726
1.3071654234742391	8.007741086343092
3.4545331674610145	0.8277260078016813
2.690751909481352	2.1475176210335514
2.2511518008415536	4.027288979056746
1.2893313409492877	2.837741287113897
0.8427370299238099	1.6491299474770054
1.2173172837487702	4.221178837405825
4.182701428435481	3.727664826130813
-0.9405673078158303	4.493854779266297
3.466230521575752	-6.988912323042021
1.0641548210713703	-5.965685425421457
-0.025141229595611048	2.9307440799041053
0.9140974174353811	0.7808703727896731
1.7930407789650302	6.038843085162912
1.9948323365862635	8.510393258939994
3.3184344277450686	3.785122053458174
2.6140919152429514	4.185742807311707
1.3795010971838022	1.1959544274163707
1.8470017978445163	3.632036025739393
1.6088915959898298	7.963462568270359
1.0027500231891144	0.6348205379887406
1.9047177038033354	2.062427917271423
2.4010897091164027	4.247580440568522
0.5479557608908214	-0.5392891630107504
3.7899315444446255	3.3955534234644507
1.9489040073261863	3.9849651564973474
1.4913249499616894	8.046642961209054
2.165431987244478	1.0698169993532907
2.7084476584512633	0.5058535565910671
1.195541445651185	8.67259700933254
2.9339853358206147	8.137794553429826
2.490571490498355	0.6168582373554232
2.99187173765092	6.647019842924783
3.6195335336624126	4.42935045406728
2.665676990573693	6.467431256286394
1.9179850393793134	4.3730120080772625
2.0803148623072145	4.415963247512681
2.0785932377425906	3.9577117810210924
2.6523585219252865	2.6308013165711506
3.224813865508352	0.9336315322325355
1.273095443764813	2.083777180565483
2.079649151353723	6.608716907781226
1.1823215142010501	0.8657072827260537
2.289455179884004	2.248871140704902
2.5292687893515753	1.821012954338412
1.7757870749856304	1.6355289431087172
2.6284526014157406	2.8404732794111602
2.313109844551295	2.6757902143240737
1.3409974771405309	5.570304359012154
1.6840328271103353	5.549833256786947
1.2551484268907425	1.4713217019723872
2.1036606710199384	7.3881155543955455
3.1061801628919437	1.6789722905161653
2.70869273346168	2.7030148218429093
2.9268641978155174	4.037103731876737
2.734322705831685	-3.201660613484983
1.5016597805680525	6.372249909630661
1.7602968684013063	4.325479288067777
2.026014101871393	-0.2484927137856059
1.18418667649783	1.21154076499632
2.8697733750653165	-3.5151044350894756
2.5048710921866326	0.5009776733260336
0.4087635531455436	0.4211651447248608
2.416529996127159	1.6408314343764563
2.3967924593058765	3.7748587879559143
0.2754343780809636	-2.145932742651574
2.2540663199818116	1.2559715222519428
2.409484162646762	-2.527355950754833
0.8255990400901063	4.119957873299018
2.0962882740667226	1.6548678937830426
1.0042783127091832	1.275165266032077
2.9433281304723504	2.266656877628307
2.657991719237343	6.3440012995959885
2.3901455576514508	5.798708829365956
2.4536919499683685	5.969922539550309
0.3958939952348728	-5.59218147117719
4.066587568527346	0.9557615442120482
3.4769117091180406	7.201475998718296
1.2871545427638253	1.2405479897923617
2.020265506264812	3.6577996609327244
2.574278056098249	7.065386484927134
0.3272018301421975	0.24236641515885893
2.1220574362748876	0.1861215021085456
3.2608235156511753	2.2014966362358326
0.3193662807307547	7.502938422627893
3.1125688424463744	6.093206587308419
1.094161180293067	2.462346382570354
1.8338217346982146	-2.3376416577978176
3.0548735503174496	-1.5062835019142389
1.7314253681756808	5.305394689880705
1.7059262475604244	0.41236924347919324
1.944416391237726	3.803855373691695
2.14256924495742	3.2945374319633283
3.4349226201416414	4.42052607979814
2.0376507937081954	0.3631915127650167
1.9011118746135478	2.9610817509057847
2.747318665277033	-1.11147891153677
3.240349503436401	1.9920141882084847
2.0385653697167125	2.281925338672744
2.1489517753537304	3.9652754852721586
3.322215915804329	4.687053563466085
1.1270564976980701	1.8494454544941266
0.8971790541815794	-0.9340261214001062
2.141021636361829	0.26246412107351524
1.6225255579232694	2.5781455884742743
2.691042786464755	6.980307601746473
2.2490525169098508	2.4449902412660265
1.427851041547537	2.8548816738314513
2.105477323390298	0.8568823550016487
3.4727713747102675	1.4866915267920946
2.497710394845925	3.6187523848905627
0.42412923462655794	8.862455540894562
1.3702275875504342	2.032656988837691
2.160903686786272	4.4798967770581335
0.31870125957640294	4.378435901505723
2.153922606612319	4.602113659708795
0.16124743918536621	2.8299223900207124
1.6023904002728404	4.659330127413977
3.5187008180138863	1.3879510193264917
1.1897507554428002	-0.4830199221143401
1.4174846615102303	4.905564261153515
2.053080145431409	5.696103730377802
2.2384944642601314	1.9815234719294224
2.4301663120425485	6.29727464413822
1.6991977541463588	-1.8033771178892373
1.816984156836995	1.075725798987064
2.1600028314832924	0.7799652969725237
1.7980139859570612	1.6199562683132651
2.2902693254929094	0.38929267147539437
2.590339770059611	2.864195109787439
2.217885369963818	4.5696474137345575
2.185582525951196	5.481557218313602
1.075826157443485	4.624034851007831
1.2943410616496835	2.731859013732965
1.5451980925314683	3.785858169128647
2.6562750086763938	2.6117904696572327
1.0558440952583696	-0.4605901497638967
3.782246617141171	9.219104575583756
2.252098156529715	5.706440022804841
1.4189421399298559	-2.0683853080196597
1.080393613343905	0.1233284241787016
3.3508095772858044	5.271200935340193
0.6212027593530773	1.8052203947516139
1.5817836360859099	1.8597476572479867
2.5705776593809873	-3.798019632473185
2.1846039719856276	3.546191945373258
2.5942150683956533	3.027765348851228
3.151948673551234	9.08382265018437
1.466797350354708	1.2419725547243463
3.9463256659739034	9.0739954696946
0.8155080675237409	0.9429065551429017
2.0981921224437627	-1.936714477924796
3.013155235899186	7.186597878364454
1.1516995780801005	2.9055875648767584
1.7553253726972018	1.2886145700619762
2.4252742304160195	3.6102510755677044
3.1837369992924374	-1.2926529983652406
0.5324334512675921	4.455676443140714
3.754649613572731	6.367852751577798
0.9646713571070333	7.828733653307792
2.918005968860143	3.427341430261996
0.7029680567980157	0.09972855634228805
1.6141423652763875	3.854372093660857
2.4369643927661704	-0.1342116094701531
2.342242445081916	2.9580763757709523
0.4114461182805509	2.9651699782944583
2.9546256862827738	1.8654066778870706
1.4939865262902794	2.5677542241429663
2.975211602475384	5.95835724361271
3.1610562385037317	3.4061539215658305
2.3470987702486377	2.5004502881945334
1.5809762303004977	8.82061636060045
2.789579875852261	-4.194064778263707
1.7188236177880887	2.559834937023431
2.0764399790150163	0.2521406701201294
1.3969103158997576	-0.7410514464260469
1.2493595684329062	-0.0038737686164420637
0.8371256528451814	4.663793491228024
3.3109552203525388	1.907224157372109
2.9114041701020446	0.5032581717386886
2.888984187142278	-2.7587804534299583
4.004297263325801	-0.19701808464680415
4.023708675533829	4.244477848768814
2.190410193905784	-0.42654107501238947
2.078267687849022	-1.2183597578717178
2.8388304970298845	4.987164361626552
1.2641572465361777	2.571437221580921
1.6950904911849745	1.60330216512195
1.742359080240305	1.1747032153606491
1.5317003257199862	3.6658233745364943
1.3718379596327057	4.937789590029727
2.3902231862764207	-0.6274701497399353
2.1519960578225703	-1.332699385885718
0.9392131197417173	2.646719464421059
1.0558338686349875	-2.7214666131834058
2.491084116755178	-2.748785093603975
0.7665829452598174	3.0488278635049815
2.709571898868851	1.6500465065592957
1.4413905165517942	-0.9798885488902722
3.1417402680220263	-0.6420967514567266
1.6810063672946711	0.6285961375554339
2.1748238250512846	1.5343684013058743
1.7266927054529586	5.119267759375502
1.754284111256298	1.2937414029770289
1.6827148183410643	-1.3848257419044683
3.3785463385606223	3.3318129104051466
2.8634890011699996	1.6446390554713364
2.860614096131497	1.3758589686237865
2.0443679753475563	0.979437130710826
1.4596428184194616	-0.35747390863543327
2.1003589557427618	1.3596719559251627
0.8805125990965805	-1.753780483916759
3.009537013979454	6.855000600746805
2.3913906546644905	7.21331195366435
2.5856280163256105	3.6338935467786326
1.2141739308558106	-1.7694632581151994
1.3488072020870476	-0.2071483358270383
2.8629188105911	10.273844767893321
1.3894021819804527	1.0317141509410783
2.5436888615791267	1.9534827993731596
1.5877188089928047	2.3480229077179384
0.803027963231083	-0.45613759855376923
3.4008806157030285	4.719581916211736
0.3379195557814487	-2.321525953832354
1.088702097645327	3.3206280371560917
2.744867484247204	-3.6696463403660218
2.2690222331179815	1.373134944034414
1.404428973567779	0.22824408372758587
2.8821209510948327	0.5467695085679516
2.0923665893543646	1.631303865230056
1.9179703363189808	1.5521738672125724
2.4963088102160236	9.132986987187477
-0.8073998290714011	1.3269523996700485
2.057310037995903	7.553376069478113
3.275337766943103	4.045446985459336
1.4609016030241744	-0.32244832837994064
2.645854794395025	-6.033006482279937
1.7237248470847342	2.9740727241229923
2.6132345425070165	-0.6656481591279899
2.0473092904647787	3.638936343895924
1.7600887656519784	2.4281615106123264
2.210124651258982	1.5367763050812304
2.780068540194476	0.7870267536169899
1.6795595944562376	3.7737466711739702
1.768690364302447	2.0578481083152727
2.7332090467416936	4.260725698344675
2.0117498885793106	-3.0560118365000424
0.9720086343843857	-1.5868704445059678
-0.4516428318311423	4.554104453992785
2.9181461730775933	3.3053123730533214
1.438796303575871	-0.9652576690834329
1.8068770467213515	-0.831710983712004
2.502100496845651	3.6540801249788184
1.3449516409102056	4.242690303938753
2.3208216536781316	-2.809420051963704
2.6295595650820105	1.827421964939631
3.1507563596440518	0.5056611138023215
1.7327310123032245	-0.035898281931458165
2.2082598931087176	5.9096647285379404
1.6068293948266568	2.0031120048121607
2.5973131108454783	0.08169279490435333
4.269184931259994	2.275091466758838
2.9287085436307354	6.872135262180142
1.3784802768958835	0.8582765765862193
2.177784002839899	3.2564324079875577
2.261438952611927	8.509638024794459
3.4298600636924763	-1.040517337698014
1.5448187768257213	3.470021249088362
1.8288893919306417	3.748794295664289
2.5007084235412824	4.590490485661832
1.2881329131324402	1.0731618641078042
3.777593079846063	-2.3149903613539227
0.5095108878090719	6.077148429235237
3.3422726572420967	5.8433598351395775
1.9422276070343343	-0.5962570441049189
3.1013985705781852	-1.2802050037888755
2.4417682693880978	3.0402107419338726
2.491773800705096	-3.9877874561051563
1.8476012699762197	1.5244302766264441
2.2328253039351518	3.6250703261404604
1.9376500191024246	-1.042800379777237
2.5349842491932826	3.8487438585438016
3.117235028248609	4.668440981843508
3.5378708686158777	5.230254626994675
2.8291630959716167	3.850725876272364
1.3573208845509204	2.141016921777833
1.4693428139072808	4.0392366694474
2.208248708095974	4.6124738027384105
4.089928422576642	-4.440697859791213
1.1798072452334376	0.6322135822080979
2.234052805496198	-0.706602091503914
1.1608192838865805	4.64177657177621
0.8875071763503855	1.9915957197005925
1.705911662235187	2.789934970041799
2.278856809849147	5.559819575938871
4.496095176386742	-1.5545181189801074
-0.23555174052788264	1.158107482230116
2.539607482136965	5.628165045106348
3.59701743448242	0.7870928913152964
1.250093908837107	-4.857301096781569
1.012682834736065	5.9438992903432455
1.4501573716308471	0.5900701104581458
2.6525239617443783	0.9296177061253437
1.6356975083425886	0.1077224923624831
2.0662197776589033	1.8103957229165448
1.909053711203942	1.763938700570731
1.8578200341552273	-0.42260701294370584
1.0744044666023758	4.694355408547814
2.7690337326701537	7.5123019156402275
-0.05893803632554251	3.754602402709028
2.5971850573148934	4.000998745862612
1.363250429254325	4.808961111434851
2.632330424394517	6.588884935916705
1.9559636256088244	1.2073123827225636
3.4354037539686106	-0.7292006583585793
2.915220933399887	2.846152763299072
2.8044786074079133	2.333979331369697
2.7168959584742742	0.7824440762687332
0.6200164689440784	0.603334981552492
1.4332463079747082	9.22704525112901
-0.1882189786499766	0.5348612776957349
1.4990092132253743	0.30240548723894833
1.7612834412876484	0.7430031994021342
1.5062092206028999	0.10728822887140743
2.3494599985725	3.119538192535537
2.0703466635604193	-3.292087368222349
0.42979402448271053	2.397344051062803
1.9365841689154129	3.5043854732630413
2.042806685312125	1.8092504845510116
2.1581822618666235	-0.8660217548569422
3.291819321672416	3.3128100256528077
2.119353292767782	5.3551799471148005
2.388987946663372	-1.0783521901050963
2.7861764143097587	0.2893849327606297
2.0268623455686656	1.880467349818399
2.735979773917534	6.868945543780086
3.328636320331542	3.676474301584117
2.628155341310352	3.584002320722077
0.1090560076058038	7.669336657690778
1.9544209171164018	2.8652832315125525
2.9998826453446092	3.783296955637404
2.1477705176627753	-1.693542850435271
3.3246869576881366	1.8650827402180343
2.667512796216603	-0.11403866834824772
0.7895276179749076	-1.3012450388963845
3.1348812595651703	-2.962569371737356
2.2711179589522135	4.532665691158704
1.732510747814239	-1.2363992745083303
2.5463356748037187	-1.8200507851583838
1.145878013876401	-3.143365239905595
3.345149596619251	1.849333670198252
4.386056765733002	6.969448367299099
1.9419451452580747	1.6244328848524758
2.5749741824486927	-3.6121807894592948
2.5023220697540185	6.475964333992335
2.214484519751804	4.029248823629692
2.389125896700407	4.580578666971046
-0.06350473639439036	-4.322323568828463
2.173015493786965	4.418409237258949
2.525679693562335	-0.16200785386397687
1.5783587956339296	7.608856091017833
1.0641754006447428	1.645744730245187
2.468533836496724	1.841699923588037
1.6307897929353394	3.403511715241977
2.3411137139354006	3.8544395875833213
1.8610167839757858	-1.1744204232675646
2.9729965987947873	9.068937421896464
0.9453470238892527	1.2939234753263786
0.5033863163143666	1.6265785353210098
1.0771430489614366	-0.22125071422991605
0.9618398446437249	3.825567687540465
2.372774717891224	6.995894064796317
1.4406627320653782	3.3189649860737407
2.3029876151113458	2.953367401682177
-0.4887119204867809	2.085259452724062
3.013906233333922	7.378456407454161
0.9798316571162167	3.0311759825532896
4.158535259056796	-6.932152977442179
1.5880798182538256	-0.702121843842415
1.4558899528085498	1.9374582919429797
4.810314609363555	5.574567341330634
3.2999104238106565	-1.7485097062078099
1.9469573491372634	0.970329944521688
1.1801785212854932	7.478808303116098
2.144012474040762	3.570176423309794
2.175216572043749	3.4307483461813457
2.199891045392386	-4.484927048722616
1.871886638884986	0.1362342111687629
0.9823871315915911	3.8377330680116994
3.2116589496751873	0.12712434119222693
2.9596893125984427	-0.26704633780976694
1.0173183159471197	1.6336261595933061
1.6211847414922573	1.4778273274978428
2.449206533818645	3.109582136244259
2.4910292520125266	3.5313651591217923
1.4505855570283863	1.0772805466371664
1.2760265809643112	6.236296168339602
1.8985727616805284	2.9358703997030715
2.4006815165911535	0.13009779608147065
1.0318105866137355	-1.622444790882537
0.9434095062583787	2.5797778759603216
1.6242783125488645	5.9824500779416745
3.7410349695375187	1.8033172505917687
1.8177123157916053	-0.22402976489203397
1.7834950474829896	6.321836861639216
3.066076262419136	1.3973650953782006
0.7975660999015599	-1.689078806106715
1.3274554688928188	5.932549356817189
2.5417794041232282	5.75686205147132
