70.88072	62.00276
70.87551	62.13449
69.41785	62.939507
69.4706	63.04298
70.96325	61.431927
71.00273	61.360878
69.75072	62.39845
70.56588	61.60235
70.60808	61.034504
70.50084	60.98193
69.49767	62.425694
69.58066	63.13019
69.009094	62.03363
69.84859	62.052723
69.124054	61.080708
70.73379	61.29337
69.86447	61.72285
69.63301	61.771057
70.99391	61.70455
71.0549	60.820423
70.11497	60.207893
70.39255	59.756783
70.22006	61.05241
70.15885	61.144047
70.61389	61.02619
70.48367	61.066177
69.46382	62.351833
69.61289	62.132336
70.50798	62.578075
70.36019	62.71478
69.855965	62.919174
70.02888	62.980114
69.41325	62.41763
69.02466	62.615475
69.98076	62.42784
69.67845	62.815147
69.018265	61.04251
69.65706	62.017437
70.090256	62.078827
69.79132	61.947014
69.03817	62.807953
69.1741	62.80521
69.80854	63.2336
69.78164	63.159374
70.07557	61.046143
69.80104	61.014885
70.65469	61.888573
70.69269	61.5315
70.19777	61.4948
70.212814	61.29424
69.03067	62.813168
69.07528	62.691772
69.02379	61.265747
69.54647	61.81179
69.8726	62.80836
70.42282	62.63227
70.1911	61.746323
70.06503	61.44313
69.29922	61.072365
70.235	62.536175
71.275475	58.643055
71.201485	58.578465
69.744446	58.97478
69.69969	58.864677
69.38812	59.333294
69.84738	60.07685
71.01842	58.698994
71.269325	58.264942
69.04294	58.85792
69.074745	58.682266
70.38297	57.95945
70.30479	57.906605
69.542725	58.942192
69.36207	58.667263
69.22426	59.404976
69.25036	59.47948
69.74911	59.658096
69.24645	58.750694
70.29728	60.59531
70.32587	60.138718
70.95324	58.29056
70.86196	58.23327
70.51085	58.48094
70.510025	58.835403
69.77788	58.40936
69.62678	58.38081
70.167206	59.850197
70.097206	60.061794
69.30898	58.955658
69.41162	58.955105
70.00837	59.179035
70.25089	58.951828
69.23137	59.08572
70.29373	58.17659
69.973015	60.250523
69.95631	60.36318
69.157776	60.5898
69.04905	59.102352
70.49319	59.40818
70.46647	59.477173
70.95315	59.121998
71.00474	58.915318
70.208916	58.668663
70.25378	58.641266
70.08979	58.589645
70.19725	57.863846
69.563866	58.409416
69.6681	58.1613
70.710175	58.77494
70.386505	58.87427
70.69996	58.971004
70.06245	58.843784
70.26638	57.85474
70.11739	57.870514
70.632576	59.13982
70.54053	59.09831
71.20842	58.311024
71.23332	58.3489
69.7401	58.664318
69.79616	58.68578
69.88127	63.06403
68.981384	62.44113
69.27463	62.446995
69.56298	62.07581
70.36985	62.75493
69.86623	62.09328
70.52032	62.215736
70.85777	61.754322
70.23229	62.188946
69.10928	59.55476
69.14791	62.126465
69.371025	63.06772
70.66973	62.288025
70.735725	61.5357
69.85138	61.33949
70.7536	61.600956
70.36234	61.52203
70.353874	61.325027
69.71799	62.518448
69.962654	62.17391
70.029755	63.01334
69.66724	61.798676
70.298706	62.209404
70.69611	61.0245
70.70504	60.991943
69.19026	62.60318
70.66848	61.544743
70.388374	62.75963
69.6099	62.728992
70.387245	59.772278
69.35884	59.367542
70.55339	60.666355
70.465614	61.204945
70.28021	59.16036
70.21145	59.48994
69.34312	58.55579
70.094925	58.451633
70.89908	58.920647
70.608185	58.324783
70.14504	60.040943
70.92044	58.611656
69.51616	58.849194
70.602005	58.136177
70.527435	60.122852
69.3557	59.02708
69.30521	59.06177
69.92815	58.235596
70.80258	58.74563
71.145386	58.23287
70.59781	59.211494
70.15323	58.87761
69.869385	58.999916
70.46089	58.996544
70.94413	58.78871
70.14043	58.045666
70.731125	58.9396
69.08782	59.104496
70.197296	58.345886
70.33986	58.025845
69.72527	59.569275
70.29346	62.804058
69.20344	62.071
69.327614	62.089382
69.50334	62.05418
70.15884	62.87416
70.01029	62.04875
70.19336	62.839043
69.2357	61.049717
69.528206	62.14173
69.047844	59.47102
69.41463	61.663727
69.41962	62.976887
70.58291	62.211063
70.643135	61.30964
69.612724	61.395435
70.81556	61.73565
70.56197	61.473804
70.596375	61.514668
69.62415	61.871613
68.85321	62.25793
70.54449	62.128353
69.857414	61.70372
70.635544	62.16429
70.65655	60.966755
70.73521	60.985683
69.08035	62.664574
70.47938	61.63327
70.88248	62.044044
70.0191	62.12294
70.13129	60.161823
69.58068	59.52112
70.528656	60.558414
70.29489	60.65053
70.667786	59.464535
70.52997	59.9111
69.44405	58.658005
69.60499	58.56821
70.72714	59.398838
70.70376	58.36473
69.0284	60.91295
71.142685	58.28311
69.44187	58.781284
71.21499	58.19561
69.49314	59.39052
69.83176	59.833
69.66011	59.151264
69.82772	58.27331
70.759766	58.568165
71.119125	58.226276
70.40786	60.01037
69.897736	59.002193
70.00505	58.76044
70.50679	58.959404
71.21839	58.514893
70.32195	58.22891
70.455765	58.857594
69.117676	59.039932
69.64029	59.771805
70.24386	57.85752
69.7295	59.65977
69.63703	62.436275
69.610695	62.016266
70.40736	62.64247
70.46955	62.38838
69.39708	61.247704
70.414795	62.305897
70.51641	61.957325
70.36695	62.130157
69.343544	62.41309
68.93712	62.37243
69.97601	62.694447
69.608864	63.10812
69.19543	62.768444
69.04873	62.826286
70.91069	62.00739
70.88425	61.94789
70.170876	62.833065
70.092926	62.80939
70.259796	61.828457
70.172806	61.420116
70.0515	61.066
69.91382	61.288425
68.855316	62.093494
68.97597	62.100803
69.61176	61.512794
70.48474	62.30843
70.08461	62.262184
70.40442	62.290806
69.599335	61.269768
69.35976	61.175934
69.735916	58.11145
70.22447	59.395634
69.91072	58.630966
69.812225	59.14916
69.9858	59.9807
69.37321	58.922523
69.18004	59.187046
69.07386	59.162083
70.60902	58.233715
70.534454	58.04589
70.24673	57.92099
70.15523	57.925335
70.12949	59.492413
69.86895	59.504894
70.75941	58.681095
70.65499	58.578842
70.25791	58.596878
70.28553	58.57633
69.01217	60.839867
69.15582	60.746155
69.879234	59.289753
69.77004	59.382652
69.7145	59.42295
69.799446	58.588223
70.778046	58.91962
70.646835	58.78881
71.04645	58.3477
71.085464	58.38043
70.47168	60.183075
69.07563	60.941803
