25.579031	11.518925
24.620983	10.793983
0.046552893	11.998876
24.834604	11.614118
12.691688	10.956706
12.344826	9.060733
24.99212	9.300299
12.560997	8.60221
-1.2303016	10.732469
11.8244915	12.9117565
11.621523	14.811223
26.02034	7.5773897
24.971375	7.0657563
25.20319	6.15129
13.226049	15.934424
27.09171	4.0501666
12.967159	16.31526
25.599094	11.3828745
12.399811	8.91352
-5.746839	10.3970995
-3.2053216	12.183051
3.744511	10.082351
25.003082	10.551245
12.836373	9.143729
12.757688	10.831618
24.623194	11.193096
25.15201	10.235715
-5.188908	11.032132
11.745052	10.856061
25.830563	10.313946
25.122505	10.979375
13.171392	12.471319
14.040739	14.25916
12.510043	9.579388
-3.7310388	11.906109
25.414215	8.487501
13.388685	8.173388
13.077882	13.395982
11.421995	12.919522
12.324904	12.641159
24.644234	4.221896
24.556086	4.4748507
13.975485	13.933977
25.646954	5.884931
25.00417	7.8277173
13.057103	12.942885
26.049238	8.515752
24.980856	8.39024
24.700722	5.5041914
12.318486	14.937613
25.21529	4.1595063
24.678751	10.411878
12.559585	9.51649
25.541798	8.194895
24.130775	7.264024
25.751461	9.298396
26.059978	5.802307
13.144511	11.367304
12.271961	10.303899
25.084229	11.751452
24.899391	12.509183
24.599674	13.348431
-1.5608423	12.399916
-1.5062593	11.616712
-1.1200325	12.371934
24.800499	3.9240606
13.314176	8.453612
12.415187	12.135404
12.574378	11.5933275
24.63023	10.466485
12.548477	9.632858
24.929377	11.002489
-4.759954	10.150116
26.677544	6.01689
13.6309805	15.049257
12.96651	13.430755
12.004564	12.205881
25.892529	9.465437
13.502005	13.010162
12.982668	12.6734705
13.841332	13.716286
25.25276	6.0216475
11.14276	14.221614
26.060379	4.8318877
14.208138	15.820462
14.086027	15.991622
26.695932	6.556136
11.603799	10.797656
-3.0290537	10.981054
-5.8391213	10.967837
24.636068	4.3900986
12.1769495	13.2738285
12.922068	13.666055
12.901347	16.04004
25.797543	4.958156
11.780103	14.548464
12.578627	15.301832
25.604898	5.724331
25.17642	5.921913
-2.267977	11.691481
11.063133	11.767812
24.61039	8.554995
26.131815	7.5187
24.621689	7.269174
24.406345	7.9264026
13.229293	10.792348
13.638256	11.779261
24.454006	11.560192
1.0679793	10.462651
13.760145	11.932864
13.375613	10.454077
13.215447	8.174646
24.965942	8.628542
24.39677	10.796659
24.29035	10.382968
13.849891	8.872935
1.7170675	10.8443775
13.452952	11.423334
25.97956	8.321435
1.9282666	9.091534
-6.654744	10.40071
-3.3866978	11.008995
-2.6540663	11.210282
-2.0459087	11.526532
-3.000688	11.440632
25.024698	5.587972
11.246825	13.588669
13.4576845	13.408654
26.338701	5.2864203
24.160215	6.6301394
24.183846	7.0802193
11.59812	15.635991
11.68178	13.69692
11.671495	12.04673
-5.1865	11.144599
23.833107	14.363416
23.858822	12.635044
13.080568	9.241251
25.151197	4.6464953
25.267952	5.993941
13.821756	14.72711
24.56999	4.176309
13.761839	11.9946575
13.555275	11.959208
24.834646	8.524108
13.140696	11.4961
13.298493	14.151453
25.598143	6.2272153
24.22895	6.682622
-3.5281317	10.436511
-4.1784167	10.479904
-3.6229494	10.386536
13.798757	12.430854
23.952223	12.718708
23.956015	12.827824
13.260619	9.528924
-5.4721646	10.205181
24.82136	4.5681148
26.085754	7.417122
13.104491	14.887542
1.7390119	10.806764
25.261972	11.785386
12.820369	12.012819
-2.1531258	10.546368
-6.239396	10.588157
25.6128	9.857126
24.090315	12.588865
-1.7940352	11.48942
24.337524	9.358417
13.665004	8.3458805
26.195803	4.6871276
13.2212305	12.982559
26.185625	4.9410486
13.893683	10.724774
13.466843	11.083171
25.312658	9.522921
-2.793547	11.9786
-0.9270686	10.108
11.693721	14.036813
27.152666	7.4236975
26.636349	3.5521169
12.306573	16.541801
25.567047	5.155912
12.469923	13.424309
12.436191	14.680299
10.948759	13.411931
25.683308	5.8212023
26.13264	4.965872
11.584142	13.765717
24.103706	6.770817
12.897278	13.957847
24.771355	5.540801
25.231985	8.329262
25.442953	9.930783
25.05033	10.64233
26.234007	8.106271
25.427319	8.648891
24.649324	10.40906
0.4450381	11.304054
25.321346	10.496576
12.633827	9.830155
-1.959898	10.67594
12.663378	11.103553
24.4208	9.82817
24.75784	8.421056
12.356969	10.792339
12.045648	11.561169
24.9755	11.29194
27.172884	8.192478
25.701292	6.0511413
26.80932	8.604365
12.480637	13.253331
24.749481	8.875489
12.988629	10.288058
-3.8570447	11.567905
-4.453671	10.542318
25.13352	6.421485
12.713669	13.587893
12.2999115	12.184227
13.712048	13.461395
13.574274	12.251785
24.182173	7.0633698
1.1864618	11.307839
24.03875	8.423534
-1.3787354	10.121169
-2.2594485	10.373845
-0.60026455	10.826621
13.2424965	8.072906
23.974672	6.95632
25.204002	5.6453114
12.29861	12.048581
12.885341	14.408621
0.21025077	10.268262
12.756352	12.7690935
-4.673761	10.315597
-4.436925	10.492134
13.119828	15.083692
25.38032	4.7444854
24.94838	4.9411874
11.719028	10.147097
13.419074	11.610255
25.124407	4.246824
27.027515	8.388628
26.468943	6.627405
12.109518	12.371223
11.824643	14.900453
26.78552	7.8303576
25.14023	5.3379188
12.288771	12.96218
13.867873	14.642864
24.384865	7.2554426
13.524514	12.147408
13.93921	13.0980215
13.328864	13.889198
25.882486	5.7559276
24.48356	7.008369
24.406345	6.7965045
5.1864953	7.5580945
13.647889	9.514395
13.116843	10.767834
23.835207	13.881589
23.842201	14.316797
23.845608	13.594763
13.757313	7.217641
23.955475	15.010959
24.02076	15.374743
12.275173	12.929548
13.319588	9.306966
2.4143376	10.180883
2.4199898	9.02559
13.808895	8.0712385
13.083342	10.173124
24.261347	11.565136
24.60324	11.369123
13.706274	7.780357
24.005047	14.667219
12.508609	11.773912
5.5972195	7.9157743
4.3189554	7.862123
2.8087747	10.304508
3.2118905	8.765571
12.2731905	14.425414
13.361165	14.887839
3.7577677	8.7779455
12.729711	8.583071
3.776998	10.286357
24.514475	13.550636
2.4934316	9.799304
0.98376167	9.682367
5.601048	7.909418
4.9929895	8.347936
12.933914	13.000958
2.117528	9.1075945
3.7798743	8.203689
12.44804	11.418508
13.775844	8.280103
3.8852491	8.479436
4.2891607	7.8764925
24.637314	8.63546
4.399231	7.6963034
5.50417	8.083301
5.545787	7.8896575
13.566327	8.049656
13.472354	7.8431664
3.1527145	8.851764
1.5076733	9.55272
2.4468215	9.482705
24.013874	12.612815
24.037586	13.108331
13.856608	10.1806755
23.985918	15.326798
2.718135	9.736069
2.1338491	9.012041
23.936457	10.821626
13.55809	9.772465
24.385843	13.493284
2.8671873	8.926333
11.987379	9.908605
2.3092575	11.390389
13.640968	11.070696
12.703983	8.57836
13.440983	7.799876
4.7217464	8.351996
24.24891	13.274137
24.606571	10.697335
24.128555	13.062435
24.244297	13.383659
12.58682	10.172245
5.1946597	7.162384
24.083292	13.746782
-2.4150753	10.674539
13.701414	7.9617662
5.2816453	7.070353
5.4197483	7.068247
13.735439	9.057467
13.526915	7.8963513
13.53814	7.8069215
13.581364	10.3853855
24.941692	6.9916883
13.757544	9.899431
24.45243	9.662713
24.757143	8.663152
13.65204	7.654457
24.389387	10.065919
25.017523	9.631466
24.593693	7.5171013
12.129052	11.545153
24.401026	9.491862
-6.6071157	10.686345
-5.8814926	10.159162
13.420733	8.7234335
24.058142	12.509851
23.97774	11.932693
23.993868	10.953574
13.717069	7.269912
23.86245	11.67271
24.287092	13.2835865
-4.066409	11.256085
-5.0821495	11.005607
-6.446996	10.500246
25.670279	7.08455
24.6611	5.375191
26.042364	7.5307927
24.902859	12.583954
12.153701	9.253154
25.418272	8.691363
11.802408	10.673541
26.619562	8.810354
25.571327	8.547427
25.030848	9.740338
25.677038	8.427551
25.650871	9.810867
25.899551	10.0114
12.061956	10.535774
25.289896	11.92092
13.7100935	7.358538
26.76752	3.7217474
11.95574	9.815773
25.083298	10.247798
12.573193	13.623365
12.449333	13.530669
26.746311	3.311981
13.525624	14.747781
26.962685	6.546518
26.590672	8.143559
26.335909	6.522467
11.844055	12.982165
2.6799045	8.958199
23.926195	12.192928
24.864296	9.683398
24.79745	9.524689
24.500853	9.686763
24.198372	10.135213
13.664196	10.1649685
24.89755	7.3908043
24.400614	9.255798
25.45798	8.337659
-0.7416941	9.920568
24.724203	7.372224
24.566233	9.060495
12.606298	12.751499
12.632267	12.777242
13.083475	9.929443
25.114662	7.6510506
24.852123	6.408943
24.526217	8.922065
24.106153	10.357417
24.260351	11.109199
25.396364	9.564733
-4.3325977	10.988974
12.268196	10.640032
13.598173	9.264611
11.710038	11.027539
24.741058	8.303373
12.998269	10.068314
-5.495217	10.955011
-2.820292	11.737577
-2.0266674	10.999905
-2.7384205	12.268248
-0.73543286	9.865099
-0.8948424	11.54515
-1.0175022	11.73541
-0.12851039	11.119808
0.544001	11.712157
24.681767	12.274607
0.56341624	11.270013
2.0173643	9.817217
25.416431	10.725251
12.780339	9.975459
25.672272	10.530866
25.719732	8.423128
26.046526	9.334047
11.017298	12.339564
11.510105	12.250543
26.056807	7.258154
12.3959255	12.149208
26.89652	6.5110416
26.83893	8.8393135
26.885479	7.51393
11.627225	13.970243
11.546408	14.973218
10.929406	13.989618
10.9829855	14.108686
10.86447	14.3077545
12.515806	15.332662
11.701569	15.199742
10.912349	15.050999
25.508379	4.462068
11.355733	15.39224
11.175124	16.067352
25.339975	4.5615916
26.94685	3.9710963
12.621326	14.923618
12.175585	16.985106
-5.8442545	10.366837
-5.2459664	11.509074
-5.2845516	11.197748
-4.9593062	11.289411
-4.8247647	10.180801
-3.31008	11.070901
-3.0787125	10.322312
-3.4384892	11.674021
-3.545193	11.967022
-3.4889781	11.838524
-2.5185802	11.292736
-1.2588375	11.25766
-1.3422679	11.59664
-1.6357481	12.2943125
0.21713035	12.221491
0.34131593	12.199148
0.5711119	11.452906
0.9955018	11.374813
0.7241065	11.631295
0.8303799	9.959296
1.153818	10.060257
1.7661495	9.393685
12.7890415	8.649845
1.8958398	11.279364
2.2984533	10.370805
12.989713	9.073562
25.880634	10.428803
12.313638	9.449939
12.231335	9.546485
25.882498	10.705487
25.162176	9.859014
25.635267	11.3659315
25.87815	10.360768
25.584898	9.933323
25.764364	9.864296
3.4728484	10.60883
3.7738383	9.065176
2.7248385	10.082498
26.233683	9.4956875
25.524963	9.0949135
26.010687	9.148283
11.915101	11.6538
11.526534	11.234491
11.601255	11.132113
12.080878	11.773965
11.296807	11.605574
25.607151	9.11696
26.30664	7.880925
11.661088	10.710544
27.38988	5.508549
26.799013	6.2065773
10.889473	14.317719
27.576246	6.957505
12.911441	12.997004
27.13611	6.8029876
10.680973	14.132349
26.400606	5.9878306
10.88523	13.628389
27.287626	5.980735
10.9387245	14.935293
11.285078	15.630133
25.80242	4.3967996
12.957947	13.98736
27.878384	5.176205
27.149414	5.9240847
26.782986	4.3407826
27.817001	4.9051933
13.249447	15.100646
10.773136	14.499498
26.892458	3.2512302
11.07811	15.829707
11.492584	14.967193
12.588117	13.975008
25.492743	3.6474206
11.620485	16.66997
25.412954	3.6633964
11.460934	15.60298
13.126949	15.711745
13.297209	16.5302
25.53789	3.5747516
27.007689	2.7472606
26.388887	2.407243
12.255929	17.061073
12.115365	16.377928
26.916157	3.0686827
26.065763	2.4633946
-6.0310216	10.301389
-6.1802	10.533723
-6.1170692	10.81439
-5.5592713	10.624958
-4.8825903	10.471247
-4.7677836	11.10406
-3.5740626	10.839449
-4.0684824	12.155922
-3.1954734	10.804453
-1.1353656	10.735824
-1.3195927	12.491673
-1.298005	10.776563
0.23298374	11.88758
0.33543304	11.243067
0.23174705	11.489553
1.0870248	10.798151
1.252125	10.741527
1.8755333	9.912211
1.5664124	10.388205
1.3613366	11.574105
1.0745647	10.564803
2.407491	10.040572
2.1493964	11.17047
3.059487	10.500247
3.2894466	10.276436
25.78661	10.336375
4.3048105	10.141853
12.082507	9.821839
3.3035464	10.404461
3.8276806	10.532536
3.2302182	9.425389
3.7458408	10.2459
4.0696187	9.820929
3.9928818	10.378899
4.117545	10.020544
4.0156198	9.228084
10.93257	11.734308
11.658096	11.800027
26.366905	8.26222
25.85259	7.299497
12.677437	11.5038395
26.571249	8.369131
27.513044	6.88741
11.264674	12.187041
4.5437517	8.550492
10.846273	13.712738
5.056115	8.671841
27.090778	6.7490783
27.520687	6.957039
26.972223	6.9176674
27.659195	5.431528
10.84187	13.94961
27.02187	6.6786184
26.942047	5.277709
27.045414	6.8003592
26.261894	5.8333845
27.52315	6.880137
24.888609	7.4032736
10.972001	14.037449
26.736242	5.1487875
27.673494	5.818371
26.378792	4.836797
27.117668	3.7221193
26.143354	4.474256
11.68394	13.96206
11.931202	15.7039385
27.379383	4.856565
27.13051	3.3365684
26.40544	3.3938308
26.93473	2.482834
26.073408	2.435949
26.649672	2.1072388
27.078388	2.5043857
12.141352	17.428148
12.400777	17.187563
27.609896	6.22367
26.653904	2.0385032
11.825283	16.964045
25.550402	3.0724134
-2.9545827	10.243776
-5.0229745	11.261922
-3.8105607	10.2592535
-3.6185	11.691832
-2.367039	10.720927
-2.2234933	10.589524
-2.0440001	12.505301
-2.062766	10.977201
-1.8424447	11.760814
-1.6617508	11.896909
-1.2315738	12.1396885
-1.4948738	11.721109
-1.4814935	11.058621
-1.4065527	12.491371
-1.1645274	10.222271
-1.5790724	12.362178
-1.0079831	12.231233
-0.40408877	10.747957
-0.6922271	11.646888
-0.6700814	12.224655
0.3119959	12.2417965
1.3288212	12.066053
0.59010553	11.94682
1.6350243	11.04582
12.759831	8.864482
1.4469912	11.659572
13.176481	9.175896
2.147567	11.299342
2.6482842	8.635045
1.9293872	10.106756
2.250327	11.645996
2.420804	10.196359
2.391596	11.180164
2.2878134	10.594443
2.2886362	11.549006
2.6997569	10.211826
25.676085	10.313924
3.9745626	9.61936
3.6146367	10.87744
4.4919567	9.371442
3.6552014	9.68515
4.44621	8.877372
4.0805335	8.800685
11.00375	11.989705
5.175752	9.083784
4.192982	8.483583
3.8953094	9.515803
4.770241	8.889095
4.374021	8.168345
11.431112	14.880809
11.27422	12.090812
25.970045	8.049045
4.730058	8.752157
5.271293	8.99109
25.035563	7.723099
5.282159	9.082815
10.823814	12.289612
26.554132	7.769889
27.714823	5.2586017
26.902178	8.305813
11.708879	12.124601
25.693617	5.478698
5.410816	7.6185946
27.42744	5.6128683
27.885633	5.3243313
27.3792	6.6939955
24.758614	7.6049023
25.808058	7.61303
11.37226	12.467982
11.82156	12.711873
26.372839	5.528605
5.555324	7.6837864
11.504434	12.446772
26.53857	7.170294
10.942087	13.751403
26.340466	7.6803923
27.620401	5.2152
25.795088	6.170686
25.707914	5.2669544
26.63866	6.9270115
11.716141	13.076314
25.543215	6.203799
26.06768	6.024619
12.038126	13.36146
26.139776	5.504041
12.640669	13.850993
25.594727	4.88024
26.118855	4.9230504
11.438627	15.23716
12.09164	14.1772
10.780308	14.515107
26.450405	6.3540125
5.739274	7.9729953
26.380772	6.17659
26.218931	6.161386
25.754728	5.1874795
25.977777	6.6154156
25.846285	4.3557677
25.25929	4.7865953
26.076319	4.269053
11.7462435	16.588028
12.907273	15.326613
25.886744	3.2743123
12.21785	15.819823
26.740404	4.354429
12.50231	15.891205
11.533936	15.543431
12.64884	16.018045
12.520771	14.226902
27.009943	2.3688457
11.189881	15.383912
24.56791	6.2728343
11.737686	16.770308
11.93601	17.008589
26.337366	2.3663502
12.419036	17.222837
-5.408355	10.371376
-1.4629714	11.133587
-0.3681144	10.489423
0.11092404	11.964555
-0.338629	10.833106
1.171433	10.999276
1.236668	11.520207
24.411633	11.624905
24.487026	11.093249
1.9633639	11.0695305
2.040017	9.915455
1.9898587	10.090172
25.784414	10.316214
2.6582108	10.286417
25.801964	11.254359
24.947563	10.534315
3.899512	9.884648
27.140469	7.692802
25.881258	10.34332
25.95832	9.498642
26.603237	9.438386
11.529284	11.673801
11.12998	12.220337
27.246153	6.984668
25.784616	7.0901875
26.423615	7.4567094
26.169163	7.657539
11.141815	13.009987
26.587502	7.201036
5.432933	8.810346
26.784819	6.6469216
11.506345	13.304049
26.952782	3.8826706
12.502996	14.067208
12.919438	15.494284
11.238739	14.199377
25.860947	4.5653105
11.990413	16.560265
13.5631	15.967418
26.738838	4.0707755
27.337082	6.323628
27.09172	3.868593
12.344075	15.51312
27.050652	3.6415799
26.12804	3.666241
12.393024	16.763216
26.917553	2.179438
27.160122	3.2086382
26.83895	2.1776874
26.807577	2.0143619
26.968822	2.707657
-3.9798043	11.4217205
-3.0544722	10.71902
-3.2538884	10.434551
-1.8131087	12.522843
-1.7582625	10.847716
-1.4953178	11.010431
-0.7964362	10.8200445
-0.9437012	11.993568
-0.43812364	12.121344
-0.18661755	12.119338
0.056745548	12.204818
0.63465583	10.22468
0.84756154	10.421354
1.3469986	11.527728
1.9120835	10.594429
1.8022475	10.894977
2.169295	9.766198
2.737854	9.030944
2.3417284	10.05208
2.822737	10.524544
24.102121	9.698615
2.7513964	10.664393
3.6318238	9.411287
2.5635052	9.895776
3.5451713	10.909071
3.5101638	10.1980715
3.4291496	10.237283
11.861749	9.802666
2.2984426	11.475775
4.056555	10.268723
3.623412	10.003737
24.807222	8.076091
3.717624	9.433547
4.1140676	9.119661
26.197475	7.204283
4.6654267	9.1062155
4.8030405	9.284027
3.6698492	10.060753
5.0921636	9.312521
25.792896	8.554969
5.121004	8.995413
4.723147	8.548331
4.329065	8.379584
5.0416746	8.96899
4.7979436	8.292609
5.130696	9.337277
25.911638	7.9054756
26.451405	8.1764765
11.525757	11.648556
5.0205684	8.480267
4.537516	8.934574
25.33375	7.6873903
5.2181354	8.672775
11.925143	13.978207
24.325708	6.7417374
13.96781	13.935338
5.32383	8.76859
12.515448	13.48609
26.613527	7.2231975
11.455991	12.214717
26.505625	6.7747874
26.851004	8.754023
11.2592325	12.622041
27.043785	5.4297724
5.4242377	7.753374
11.66916	12.267166
26.728838	8.266179
27.094246	7.167837
5.025106	8.451287
12.09612	12.929365
4.8733397	7.581575
13.0540285	13.654359
27.18921	5.5939527
26.242525	7.789737
11.1122265	13.139995
26.625172	6.658742
11.633522	13.650739
11.157048	15.13933
13.291943	13.592311
26.536068	6.381758
5.287153	7.355021
10.851057	15.169894
25.36387	5.206642
12.006816	14.491156
5.372771	8.277831
27.894442	5.381752
26.608385	6.222133
5.5737247	7.675051
11.342445	15.761502
13.239425	14.214217
27.667368	5.398392
5.579539	7.270737
26.26973	4.0349183
11.580342	15.082773
12.390759	14.467595
25.98947	4.9065504
26.778236	5.8153396
25.869713	4.663771
25.452627	5.4380116
25.663843	4.362785
12.2539	15.486176
11.6769285	15.650053
26.278433	4.8687816
13.193512	15.214667
11.779527	16.140873
25.312046	3.694157
26.341387	4.205663
27.629507	4.985096
13.339689	15.062998
11.394334	16.473354
27.08612	5.2207203
12.938655	15.564205
26.132147	3.74881
12.769783	16.228758
26.228428	2.67244
12.679639	16.82893
12.141713	17.262161
12.444822	16.104683
26.782484	2.3592844
26.624422	2.02471
12.233895	17.261662
26.229555	2.3539367
26.146694	2.1801014
26.377209	2.1167655
-3.172633	10.481412
1.4910433	10.224047
1.5390823	11.42034
2.6104286	9.904529
1.7320583	11.01828
2.6993442	9.519076
2.751112	11.061218
13.03241	11.817192
25.956593	7.1275444
25.249378	7.0754695
25.865353	9.184717
11.133366	11.469766
4.6810856	7.7392516
4.6245675	7.8899384
12.605991	15.339601
11.980931	15.247526
26.343857	4.419663
26.310038	5.8668256
5.468358	8.96135
12.126373	16.410686
26.387281	7.0233855
5.0958314	8.158217
27.753832	5.906762
11.069393	13.860969
27.441952	6.0165005
11.407723	14.798827
11.033838	13.855255
27.393047	4.3573494
26.289576	4.279396
11.649705	16.014326
11.75925	16.739971
12.949348	16.038721
-5.348122	11.071157
-2.4023504	11.392042
-1.6670943	11.920343
-1.8981965	12.56992
-0.31869328	10.731249
-0.2924284	11.985306
0.23261921	12.243159
0.016396042	11.165224
0.022448285	11.614799
1.0831858	11.270453
0.8461524	10.873554
1.0809594	10.563886
2.3816278	10.237509
2.6113079	10.399099
2.7722864	9.120427
2.8888397	8.851127
2.8592293	8.904884
3.819092	8.990711
11.871073	10.143651
4.182457	8.93589
3.8301198	8.477407
26.158787	10.217246
3.6210074	10.528886
3.887765	10.27613
3.883792	8.713975
4.3575196	8.955306
3.8679407	9.8714695
4.748166	8.567823
4.6340694	8.650364
5.1834264	9.158355
26.083479	8.8101635
25.952652	9.943626
4.9274096	7.9861345
27.054209	8.128679
27.039425	7.6731615
26.21419	8.027321
5.5274315	8.624058
12.522443	12.651915
27.233538	6.648252
4.9829564	8.666507
26.657827	7.601504
25.830883	6.804417
5.58898	7.7525916
25.744608	5.573738
27.053188	6.5929065
11.486578	14.379907
11.639423	12.77728
11.478368	15.180887
25.35448	5.3856554
25.125841	3.8152597
25.766727	6.407348
25.56738	5.5197787
26.810556	5.871017
27.026524	5.192065
26.48988	5.351337
11.294468	14.033067
13.072354	14.74586
5.740257	7.825905
12.183186	16.644169
5.5490966	7.4462266
12.272783	14.5102625
12.414253	15.654242
12.9482765	14.7216015
13.705204	15.067049
12.122392	14.605843
24.961868	5.0197964
26.617062	4.2744703
13.199422	15.334252
25.84907	3.39938
27.172033	3.5163589
26.812822	4.9962783
26.183514	3.4544163
13.367254	16.339966
27.16813	4.707789
25.343094	3.5818334
12.188192	16.657698
12.638965	16.39588
25.58901	3.0365837
-6.457036	10.286779
-6.6230874	10.613842
-4.1470137	10.668062
-4.39111	11.829836
-4.490453	11.847754
-4.2257295	11.57997
-3.2683744	12.083187
-2.8338106	11.837449
-2.4102926	12.370286
-1.8307607	11.793179
-1.385291	12.499342
0.42925897	10.253748
0.6888001	10.560706
25.163795	11.44925
24.569595	10.246791
2.403118	11.050551
2.6150835	10.646128
25.379103	10.067491
25.674225	10.731147
12.157168	12.959111
11.762765	12.085958
26.754072	5.698767
11.596975	12.029201
26.85898	7.346307
25.713284	6.1560993
-4.067505	11.375461
-2.7157204	11.257109
-3.3973818	12.099349
-1.1276228	10.975086
0.055167746	12.3262
0.23115169	10.186244
0.65084696	10.034137
24.347208	10.887324
14.136767	12.681161
24.883589	11.097598
2.2907817	9.535748
25.014687	10.095981
3.1327806	11.108619
12.905636	10.254228
25.849733	10.990331
26.575562	9.4412
11.758523	10.682424
12.5751	10.568094
27.080072	8.22434
13.134286	13.805291
11.015464	12.461175
26.145073	4.725451
27.687538	5.7935476
12.4296255	16.279356
12.538554	16.220947
12.618402	16.70353
10.970443	15.192022
12.840424	17.009302
13.356689	15.194867
11.815173	10.116238
25.705822	8.835216
25.397327	11.702529
13.595384	8.22337
-1.1338273	10.736571
25.46744	5.847574
13.994944	16.040333
24.772987	3.794042
26.116734	5.431872
25.981485	9.554127
-6.501406	10.287485
-4.273154	12.086934
12.319253	9.837228
13.710934	7.158647
24.863777	10.980603
12.378073	9.9432335
25.067179	5.582685
25.925179	7.5816355
24.107761	13.856736
11.859178	10.621643
13.2136965	8.680299
26.86315	8.986799
13.03278	13.039146
13.141895	9.337817
25.464998	11.492592
24.304127	10.429964
24.937849	12.445654
25.100275	11.5598
12.646109	16.961475
13.677154	8.149813
26.163397	7.9369335
24.78253	4.840879
12.927085	15.595523
-1.6230072	12.259502
23.930363	13.628088
-6.4990587	10.786144
-6.4982734	10.689175
26.815414	8.51583
12.43574	14.34567
24.227962	6.936802
13.7927885	12.852216
13.787576	13.643524
24.25891	7.1073847
24.086863	7.5856476
-3.2266436	11.26209
24.530891	10.274444
13.214547	10.238438
25.074757	4.251425
-5.5871434	10.589003
0.6549782	10.447351
-0.24418494	10.888732
-4.000193	10.315583
13.961724	15.958355
12.923863	15.481793
24.714142	4.557363
-3.9517527	10.446359
24.545464	11.494735
14.028378	14.102306
24.597822	4.2104597
14.106202	14.149875
13.344103	8.627126
13.586466	9.824483
12.181567	11.174596
13.454512	10.339052
11.902311	11.561153
14.06581	14.531978
25.607344	7.8173127
13.742722	10.982414
24.30732	8.049646
24.696814	5.1481786
13.341427	13.17616
1.6668144	10.980598
12.646473	9.149728
23.979498	11.348761
24.474869	10.588083
13.542917	7.9752874
24.197481	13.135484
12.883047	13.023029
25.414719	4.9794374
24.432558	9.084207
25.192646	9.939932
24.071163	8.198886
24.573317	11.482924
11.524897	13.736588
24.214579	7.220345
11.116346	15.31705
13.098487	16.803
13.713757	13.8784485
13.672179	12.23725
25.375029	7.624724
12.425946	14.120995
24.746647	3.941664
12.011132	15.209571
25.270582	3.2710738
25.709818	9.230693
3.3850462	8.990514
12.328029	10.229816
-2.3509297	10.979417
11.777818	12.977405
-2.09902	10.395787
25.229118	10.681353
-2.2743242	10.896275
26.391502	9.133501
12.649356	11.553398
12.012835	11.531929
25.39928	10.728494
3.3699493	10.285015
12.461078	10.299007
11.999224	11.641645
12.773868	13.857579
24.756594	10.083611
12.837488	8.729315
-3.3308096	12.057804
25.138306	8.095986
24.661152	8.489675
12.87406	10.334873
12.983398	10.649872
-0.20954064	11.086391
25.900873	8.960677
0.086153574	10.7397
13.385983	8.059063
24.783089	9.995132
12.147005	11.632558
3.155341	8.7277
24.357342	7.071608
25.479681	4.1447396
12.966697	12.70195
-4.582413	10.412514
-5.6474886	10.122609
25.270061	5.7013187
11.912277	11.658786
13.673077	11.279968
25.216734	5.3612447
26.171558	7.7785306
25.083925	5.8264465
13.902069	14.964401
25.318605	8.1548
13.344344	14.939992
24.799225	6.7997274
13.664371	12.567053
12.360159	13.501912
25.25079	4.6821837
4.669725	7.5649614
0.5787977	9.98879
13.455922	8.14039
13.446968	10.800984
0.9149711	10.681228
24.144104	13.158816
12.958079	8.547531
3.5012853	8.5290575
0.6526423	9.967316
13.707534	7.349912
12.937243	8.77269
3.33102	8.758595
24.46772	12.80288
23.843975	13.501224
1.0668412	11.377983
12.539459	11.457022
23.885933	14.177755
4.395858	7.6589456
5.6251717	7.6327715
13.660311	12.635868
5.3564496	7.1482315
5.3784804	7.204782
12.345781	14.005166
12.013786	9.727177
12.83886	10.618294
24.44086	12.158406
24.00335	11.288178
13.318288	9.411504
12.874068	9.237782
24.178827	13.463883
3.5903459	8.407873
13.217516	9.539596
13.438278	8.138099
24.000021	14.753814
4.6435246	7.678963
23.883282	14.508269
11.810976	10.286325
13.800293	14.787625
24.736233	10.599502
24.66826	7.6210756
24.779356	10.137655
-3.8386397	10.396551
13.50747	8.831194
24.080221	13.31319
-3.3594818	10.951062
-5.0238132	10.338523
-5.758418	10.374379
13.0291395	10.739063
25.284359	12.014031
13.566704	7.3570514
25.74833	8.142749
12.453669	13.12427
26.943817	3.9247842
24.797853	7.011901
13.865746	10.457338
12.766992	11.140254
24.353748	12.661018
24.607578	8.037166
-1.9479768	11.097159
13.364122	10.800881
24.577957	10.221894
13.6463785	11.811596
0.067996725	10.985245
24.079065	9.670504
12.165047	10.545273
24.30819	8.083834
24.64478	8.844432
12.389141	10.230374
-3.6295521	11.396736
-3.3610885	10.287493
-2.6939228	12.151844
0.17559169	10.851317
0.4467342	12.084223
0.47122273	11.515238
0.396483	11.02955
25.474491	11.37972
13.25273	9.827307
2.5082793	11.194133
12.303905	9.657385
2.4902275	10.413942
26.232592	9.426087
25.269827	5.816115
11.060482	15.262252
26.372648	5.2500925
10.785489	15.17128
25.922985	4.5152426
25.75076	3.61955
13.470067	15.906081
25.229319	3.3360736
12.962832	16.567429
12.597138	16.714993
12.2862425	16.405222
11.778198	17.01101
-5.274294	10.209037
-4.7787266	10.214958
-4.3029757	10.829895
-3.9855328	11.488942
-3.699269	11.42406
-1.4565583	12.504136
-0.98737764	12.362509
0.62890613	12.26397
1.6644387	10.787444
0.9873067	11.685423
1.5951765	9.812267
1.8569927	10.039963
12.676844	8.883812
1.6613232	10.407592
2.170962	11.451489
25.720156	11.243424
26.649805	9.304205
11.844071	11.828492
25.753605	9.455205
11.837777	11.840994
10.718227	12.512578
11.2890625	11.897949
11.3964205	12.221924
12.087642	12.469407
11.397759	12.626942
11.048174	14.913627
27.609459	5.7760363
11.718568	13.999109
11.400694	15.446919
27.285254	4.4993176
12.662234	14.444393
27.366734	4.7791505
13.122194	13.921062
26.945736	4.5857964
26.885277	3.4455144
12.655865	16.819796
26.686863	3.037433
12.088033	16.896133
25.974627	3.2383964
12.963885	16.589277
12.483186	17.249077
26.491375	2.0556886
26.28204	2.382421
-5.698945	10.80285
-3.1377606	11.925993
-1.4464896	10.875048
-0.80457175	10.736202
0.5531264	11.597142
0.6902813	9.980654
2.4018362	10.5484495
2.879714	9.885557
3.1973515	10.529638
25.77885	10.843575
3.6730483	10.276797
3.143735	8.666002
3.3220944	8.956005
4.4356184	9.7297535
10.986183	11.83282
4.620852	9.5264225
11.612608	12.4531145
27.014112	8.380474
12.220701	11.369351
26.437227	7.859384
11.897182	13.291377
10.845006	13.510143
26.530718	2.258118
11.6537285	14.223094
26.112299	5.4917226
26.934328	6.1642222
26.55575	6.17197
26.701086	4.5100923
27.177229	7.0276756
11.442161	15.066241
27.297966	4.3056636
27.080349	2.420524
12.284414	16.429176
26.821146	2.516995
25.731277	4.178543
12.540859	17.001345
-5.935897	10.74078
-5.051053	10.785633
-2.7714221	11.639701
-2.8199174	11.185185
-2.1333575	10.58052
-0.7034903	9.829506
-0.93929964	12.321421
0.103880495	11.262118
2.2893586	10.52788
-0.19528784	12.277478
0.16135928	11.219518
0.38629484	10.275239
0.5857904	9.955407
0.49573302	10.630608
24.645287	11.554315
1.8375481	10.811457
1.8674127	11.537608
1.7319862	11.282193
2.751321	10.015343
2.7821693	8.925737
2.829276	10.152866
3.996543	9.086518
3.5695646	10.781124
3.6415029	9.708502
12.611245	10.894299
4.2985907	9.842427
24.927647	8.342604
12.165758	12.691172
4.346605	8.601073
5.1809616	8.274135
4.4109635	9.160023
11.658109	13.994113
5.206766	8.869765
10.8095255	13.524676
26.123802	4.9383388
5.2990975	8.349772
25.628597	7.6505976
11.211856	12.1772995
27.183105	7.3077927
27.390947	6.901107
27.402634	7.4085503
27.260258	4.8284388
11.202907	13.075285
11.806112	15.068389
27.532846	6.407065
26.47813	5.2055373
26.209455	5.210929
11.467377	13.440627
27.352798	6.022024
24.752913	4.941872
27.00322	6.1563015
26.722698	5.689267
27.472706	7.4102254
25.60444	4.0856533
26.060707	3.0941699
26.491417	2.026052
-5.0555263	11.446163
-4.7243805	11.784504
-3.5160868	11.854272
-1.7007614	11.39507
-1.2090319	11.73214
3.453429	10.717847
3.2043009	10.273685
11.274766	11.525126
26.734627	7.9676104
10.85994	12.601454
11.2301	13.054373
27.051657	6.3298144
26.743269	5.55284
11.598252	13.90752
27.143528	4.664891
27.69027	6.64932
27.128637	5.440921
27.803219	5.2678485
13.3229	15.029227
11.712859	14.471348
12.715042	15.821811
12.63658	16.185581
26.579044	2.0674427
-3.533395	11.876535
-3.271016	11.66994
-3.0014477	11.9559
0.0016835382	12.301378
-0.00053201127	11.304406
0.9527255	11.333604
12.632272	8.842575
2.7400048	9.8482275
2.5763805	11.135178
3.4595845	10.480962
3.0202725	10.394178
3.5656772	9.996227
25.62293	10.844286
3.6327178	9.760321
3.7741663	10.805461
26.449162	7.3292165
3.9605796	10.25156
25.027975	8.119705
11.084375	12.295664
4.116053	10.568458
5.1171703	9.287365
4.4145346	8.5417
4.335074	7.920802
4.4853625	9.446178
5.0634694	9.313992
11.147673	12.20625
26.699669	7.0108795
25.763311	7.5646906
27.13896	6.858756
5.6457253	8.058112
27.20485	4.23996
27.080132	5.4806886
12.533654	13.634938
26.015362	4.5743756
12.473616	13.966517
5.659511	7.92042
12.930992	15.072215
26.241413	7.2057858
11.400433	14.805537
26.00164	4.6012273
27.52982	5.4652085
11.544236	12.691746
27.386969	7.7635293
12.73268	14.939112
12.84238	14.274601
25.538471	5.3071876
12.684629	15.201311
10.787378	14.453157
26.001415	3.5454254
26.038137	3.2803545
12.657176	16.56183
12.676744	15.956446
12.365287	14.860808
11.841449	16.554504
11.057384	15.659213
12.9432535	15.93138
27.315928	4.3059835
11.20583	15.619414
26.33831	3.5159075
26.657368	2.2742634
26.330435	2.2058992
25.823952	2.7593594
26.975323	2.3552022
-3.7340672	10.313151
1.3758652	10.471845
1.1239849	11.759572
25.318993	6.951537
25.340137	6.9637933
12.110208	9.940238
11.058689	11.6409855
11.3479	14.851445
4.744395	8.934076
26.138771	4.637684
26.054214	4.3265243
27.484056	6.371516
5.023671	7.849432
12.141051	13.882843
26.120298	3.5752504
11.2856455	15.431509
26.365189	2.8469439
13.803066	16.29362
-4.8343515	10.675836
-1.7741246	12.2392025
-1.3527925	11.876974
-1.1580274	11.962272
-0.48020127	12.136513
0.3658107	10.114854
0.7080016	10.906684
0.910124	10.216008
1.6155396	9.539615
2.2110465	10.788672
2.476142	9.925827
2.986148	10.674173
3.045303	9.092347
3.8524432	10.730981
26.39442	9.854201
23.987831	7.1675344
3.934789	8.631227
26.047768	7.490394
11.3943205	12.101252
4.91506	8.91807
25.90381	8.50246
11.556074	12.113554
5.5492973	7.829594
24.513445	4.907707
25.909077	7.5886126
25.559795	5.860527
24.882917	4.5231338
26.731112	4.7180552
11.404798	16.252022
25.749979	4.5752025
26.987415	3.3685653
26.350012	3.542938
-5.6604238	10.993261
-5.217995	11.133464
0.4394425	12.20886
25.255459	11.520024
24.180454	10.39144
25.406748	10.710618
12.645346	11.140259
26.82479	8.942953
26.06774	5.1009135
25.989992	3.8922517
-0.35618967	9.945225
0.3042509	11.110821
1.6819792	10.557635
26.210476	9.52835
12.330474	8.991547
25.590042	9.122217
12.2242775	10.540671
26.523972	8.006553
11.553533	11.827947
27.477251	5.824989
11.297459	13.177149
12.426919	13.533683
11.516961	16.289808
24.813568	10.563201
25.295937	11.63858
24.657946	9.163351
-6.049385	10.740278
24.781263	7.6635814
12.330384	14.891235
14.018735	16.094774
14.131987	15.680987
11.958493	15.609483
14.215397	15.792512
24.201225	7.5968037
13.685762	7.2673817
13.723927	7.13698
26.054976	5.6081314
13.252348	14.449586
13.398606	15.709043
26.919931	6.03354
27.174522	6.9892387
25.034315	6.6350794
24.28784	8.195497
24.076796	13.320937
12.836678	9.891745
12.456408	10.509349
24.321074	12.527984
-4.397505	10.64576
24.723272	4.59727
13.663748	16.342302
12.3373785	9.209041
12.541163	10.179721
25.960384	4.1368737
12.5062475	13.312445
13.777868	12.628287
13.61969	11.0630045
13.520501	7.832467
13.814164	15.36604
-3.9078643	11.087576
2.7169974	9.866104
26.18665	7.3922734
12.291466	13.981723
11.810354	11.750108
24.386808	11.3383465
24.286386	6.950988
24.192116	7.996216
13.7057495	8.97745
13.4988165	9.490193
13.108516	15.077889
24.202486	11.559842
24.266716	8.653904
12.704512	15.143732
13.969594	13.917858
-1.8606528	10.460914
26.46017	5.56235
13.0029545	16.070219
26.068378	8.251527
25.535576	4.1244044
12.468784	16.130375
24.931267	7.557707
13.091345	14.780266
23.752338	13.785922
2.4929996	9.83546
25.5122	10.255328
1.2388055	11.088648
12.342195	12.485465
26.700071	4.06684
11.840648	12.168126
12.92445	15.116777
11.37991	14.697167
13.380466	8.419508
11.913895	13.462968
11.691003	12.020898
13.356984	10.053247
13.08215	10.739143
25.259832	11.376335
24.641119	10.468441
13.348883	10.317608
24.448717	8.622066
14.068242	15.52144
24.989386	4.2206106
12.429112	13.365158
11.789717	15.971075
26.241987	8.895915
11.055075	13.086519
24.587147	8.499273
11.973833	9.973872
26.16083	5.4484134
13.3412895	14.0351095
13.293881	16.146784
13.706493	12.196711
0.098777436	10.019512
12.821914	14.15949
13.127901	9.855434
23.97229	15.378543
12.708161	10.015106
13.470013	7.9556665
-1.1979539	10.902291
24.025677	13.0994835
4.7863865	8.599338
5.0383143	7.542347
12.767408	11.254369
13.853903	8.398246
1.6967306	9.490911
1.7992715	9.599751
-0.52568287	10.6723
13.777346	9.238409
5.4788694	7.09016
13.632637	12.271793
12.985107	10.088175
12.725457	9.052496
2.9132516	8.834544
13.3791895	10.607889
3.7159815	10.582398
2.4813898	11.118375
12.700323	10.01648
11.6852255	11.344598
2.4616654	8.937746
12.5913105	8.884638
1.0536007	10.680963
-0.7237326	11.193666
-1.1059363	10.812483
4.105264	8.677165
5.2113457	7.31992
24.394634	10.911813
23.834583	13.591936
12.505933	9.856124
13.628517	9.7927265
-2.9099715	10.45949
24.471617	13.600342
-3.6217158	10.682896
25.784468	10.060319
12.649585	9.145199
25.963459	7.681481
24.785814	7.8328648
27.065067	3.5480607
26.82071	5.8349223
26.287973	8.233529
26.431599	7.5943956
26.093815	6.254923
13.646869	13.683179
27.035889	3.6968496
13.642512	10.364882
12.765232	8.909731
25.784649	8.33222
24.192284	8.92349
24.114618	9.952995
23.998835	12.50076
-1.7967877	12.513268
-2.3685317	12.0671
0.43948686	10.906713
2.5131695	10.509798
13.131355	14.7504835
27.596546	5.8487167
13.364143	13.79956
25.973293	4.299774
12.677225	16.209969
26.299364	2.5770173
26.38854	2.0572317
-4.9143534	10.494866
-4.499936	11.428807
-3.1161413	11.85311
-1.8445354	11.299435
-1.3943492	10.312479
-1.4523516	11.738397
-1.3479937	11.278372
-0.37808725	12.256934
1.129445	11.105705
1.6316733	9.742552
25.734547	10.269905
3.238712	8.788655
3.4052303	10.999611
11.968906	9.871487
25.395372	7.908103
11.022586	12.050812
10.847339	12.277475
11.741108	13.498787
10.771214	14.705002
12.222253	15.002916
11.503208	13.644926
26.866129	4.4768386
13.076874	14.559182
27.590437	4.8154078
26.662106	3.67072
12.978326	16.725254
-5.6818357	10.382004
-2.323859	11.778016
0.03345014	12.354359
-0.20223211	10.338156
1.6779381	11.269193
1.7016087	10.996131
3.5535736	8.692644
11.622855	13.957359
3.9871516	9.752884
3.3394885	9.801787
12.472376	10.64452
25.154886	8.4920635
26.415108	7.014824
26.551912	8.105971
26.298489	8.170324
26.665115	9.138658
26.524	7.719801
26.319477	7.357393
26.721277	7.4135838
26.322386	5.564309
26.176765	5.010767
11.83175	14.544036
25.859526	5.8335586
11.05316	15.520669
26.826317	2.8579795
12.378192	16.093689
26.9952	2.4381692
-5.0835385	10.824935
-4.447825	10.610887
-2.8791606	10.790289
-3.0310612	10.858829
-2.5065455	11.287033
-1.9373311	11.610516
-1.875587	12.4568815
-0.039939057	10.117795
0.016450554	12.231516
0.5589229	10.509811
0.54291385	10.660696
1.2099777	9.797492
1.6111996	11.449325
1.8512956	11.147244
2.3447943	10.675784
1.5330524	11.818574
2.1552231	9.139025
25.90712	10.621616
3.6936526	10.891247
4.307918	9.685892
25.76918	8.76613
4.3591304	9.1864805
4.779771	8.180192
12.033562	14.162955
27.814243	5.604808
11.584673	11.934225
4.857506	7.897948
5.584537	8.350962
5.404418	8.649015
11.799999	12.014412
26.501326	7.5629425
12.116537	13.66835
12.214968	13.48596
11.130335	15.308742
26.88753	4.129049
26.918543	5.146545
12.605104	13.914789
10.990531	15.399345
27.452076	5.203578
26.225811	3.2599032
26.641844	2.152624
-6.308913	10.306747
-1.3011566	11.235729
2.2271237	11.046075
3.4604676	10.838547
25.793201	9.721074
12.105485	13.279186
24.898184	5.637533
12.13725	14.174218
11.452373	15.404866
27.184677	4.9944034
26.880728	3.1698844
12.439494	15.604162
25.570972	3.5998497
26.536493	2.373465
12.719632	17.001617
-4.6964364	11.899654
-1.821315	11.732813
-1.6880531	11.186201
-0.7651847	12.29778
0.8377915	11.278523
1.1863763	11.019119
0.9449679	11.782389
2.2662845	10.321438
1.7808385	9.989397
2.388296	9.771706
3.7766297	9.080435
4.148613	10.1327505
11.032024	11.869865
4.5140624	8.16915
11.891186	10.451377
4.536004	8.277594
4.9172616	8.9539
5.31857	8.009889
11.433522	12.846372
27.136982	7.5447426
5.627607	8.377111
10.868497	12.780005
11.667215	13.481914
11.7364025	13.561948
25.976408	6.601302
11.640444	13.982879
12.344211	13.972718
25.968023	5.5895004
25.738276	6.3040023
26.250185	6.0972824
25.307415	4.7333035
25.766102	4.1114664
27.110382	5.5339975
13.07952	14.820471
25.705364	4.2529907
25.349276	5.6182904
12.337873	15.345683
11.978135	15.784922
25.65395	5.758942
26.46229	2.4990935
12.459669	15.957705
4.023892	8.423788
4.1065993	8.530227
12.150444	16.901806
27.051092	5.83514
26.337795	5.3275075
26.163404	4.934386
13.19023	15.212289
12.257837	16.842997
12.970896	16.733831
-0.85783494	10.931259
0.031123145	11.255156
1.8507745	10.7406
2.149326	9.182296
2.312391	11.105999
2.4909215	9.178053
3.7158325	10.855127
4.092715	9.272419
25.89655	9.505649
3.5111144	10.398203
3.9591255	8.813737
12.233207	11.968623
25.084133	7.858787
5.109369	8.667953
25.323668	7.786529
11.634958	13.197616
25.945965	5.054967
25.877151	5.037908
27.377213	7.311119
5.326592	7.372619
26.303867	5.17441
25.433828	6.2773867
11.742886	14.363574
11.99915	14.079458
13.042817	14.510914
13.299972	15.4584255
26.937227	3.5995245
25.377869	4.0973945
25.840124	3.2760353
13.393716	14.928675
26.441065	2.7473772
-3.692052	11.503831
0.5084024	11.973127
12.28675	9.387606
25.714886	10.18485
12.936236	9.987821
3.776735	9.974264
12.354812	14.27077
-2.1700597	10.693143
-1.7117546	11.464874
1.6462499	11.417466
25.33427	10.935071
25.538134	10.702186
27.076674	7.8467894
25.835941	7.921701
25.698658	6.479759
12.742915	16.200325
12.400098	15.3202305
13.675891	11.74917
24.411798	13.606743
-6.493528	10.416872
-2.4544625	10.503135
26.526545	9.167726
-1.6509722	12.106586
23.964073	12.108678
25.652807	8.341164
24.786589	8.288196
24.49328	11.623639
13.393725	13.095812
25.22583	9.939009
13.435183	15.312453
13.32328	11.286563
12.446586	10.33936
13.707448	9.367327
24.686583	7.9255824
12.592622	8.835668
13.135532	11.19671
12.825103	15.721396
24.932976	11.22785
11.336234	14.08622
11.242909	13.434215
13.409341	15.642814
26.550072	9.177746
10.888652	12.941006
24.628635	5.231802
13.745567	12.754647
13.242232	11.142632
24.77565	9.618971
13.517623	13.815185
12.359525	12.338211
-6.5329323	10.320477
24.24042	10.88786
11.391248	11.203941
-6.5604267	10.702679
24.103193	12.836771
23.940563	14.768071
3.1388447	8.804832
13.113877	9.187595
24.179483	10.450912
-1.654561	10.441958
3.8189478	8.896318
13.441264	11.206582
4.9000816	7.337463
12.321929	15.333546
23.80323	13.940628
24.24758	12.82117
3.8769374	8.622058
24.772097	12.954866
12.745875	9.008697
3.1158862	8.764291
5.3411746	6.9807196
13.019056	16.166204
-5.147555	10.773155
12.332885	9.5195055
25.638481	8.531124
13.569282	7.251909
13.403019	13.198565
-4.931473	10.402361
24.489468	7.9593854
13.292635	11.478771
13.265226	11.379718
12.358247	11.170838
12.265906	10.092129
2.4842455	10.374158
12.859215	10.605138
10.9520855	13.2874975
26.583406	2.0431573
12.138036	17.319942
-4.26104	10.467918
-3.9869113	11.460281
-4.2085185	11.851259
-3.7265034	11.892027
-1.1379384	11.361667
-0.6006819	12.075102
-1.0994381	11.7129965
-0.5578027	11.35632
24.26035	11.676164
0.74503165	10.392854
1.7984074	9.089959
25.616354	10.451853
26.080566	10.467876
26.53859	7.15874
4.834089	8.194166
11.348639	11.91352
27.66704	5.518833
11.241643	15.368352
27.25377	4.640732
25.944498	3.5255501
25.583597	3.1482542
25.646221	2.837418
-6.0281363	10.347012
-6.227337	10.932225
-1.8218107	11.361825
-1.2225933	12.46201
0.4411769	11.9345045
2.882745	11.068133
2.976739	10.208585
3.8549874	10.241277
25.817175	10.250445
27.366959	6.147749
27.83105	5.685144
11.058651	13.354445
26.09718	5.6517615
26.081266	5.856693
27.86867	5.8355384
27.793377	5.3338118
27.328686	3.6206393
12.814505	16.453173
-4.3146553	10.868851
-3.2532256	12.278494
-1.6622406	11.352703
0.082592785	11.143035
1.3260947	10.969489
2.4557493	11.51481
3.0178752	9.81966
4.6154346	9.014068
3.9039214	8.526812
11.091532	12.4429455
5.3275533	8.351785
11.463444	12.880897
11.375234	12.466436
12.09653	12.411155
11.146086	14.257285
25.95883	5.932994
27.548002	4.518442
12.18508	14.761393
12.51974	14.951536
11.672026	16.578485
26.213848	10.229707
4.295489	9.921854
26.1177	7.294344
-1.6476948	12.423673
-0.26258165	10.15426
1.462075	11.225233
2.693474	10.905583
2.5298088	10.200799
3.703537	9.043836
25.985613	8.418911
4.751599	8.552225
25.346128	7.8606277
26.35121	9.58987
5.0291986	9.451646
26.662498	7.0529976
11.930271	13.787827
25.692156	7.6110353
5.596533	7.955897
26.741606	4.315329
26.93516	4.3316584
11.573698	16.066475
26.226841	2.5720212
24.744446	10.494303
4.0001287	9.151908
4.947763	8.617191
11.092601	14.135788
-4.328924	12.081464
2.4138002	10.997635
3.1892188	10.527174
3.3225274	10.135952
5.3146005	9.133489
26.23891	7.642912
4.859096	8.798982
26.130043	8.2365885
4.9412045	7.4716277
12.232478	14.957187
13.538844	14.192095
26.580961	4.516204
12.905257	15.625556
26.229412	3.7088385
-4.2916603	11.227635
-2.519327	12.27698
0.47483188	10.2360115
1.1028881	11.817795
1.3013372	10.673798
25.568905	11.298346
24.459082	10.56384
2.3282115	11.097887
23.952982	13.164944
2.4235227	10.716432
12.012455	10.014091
25.456194	8.832957
26.118788	8.340338
26.061493	8.027316
27.12954	7.5122013
11.132005	14.102377
26.67442	2.2653766
