12.765668	2.207989
10.622215	3.9310532
10.14997	5.5950108
9.610827	6.2529883
9.780536	5.7046957
9.766168	5.1991987
9.851368	4.941123
9.798268	5.483611
8.543734	7.8680224
8.4584875	8.047337
8.109737	8.310456
7.59155	9.472293
7.5126476	9.875652
6.6514325	11.00775
6.2219825	11.431687
6.1748276	11.3623705
6.6372538	10.518371
8.757194	8.550624
10.453528	4.784575
12.256245	3.968335
11.103493	4.527546
11.298614	4.1262116
11.795528	3.5254855
13.202047	2.608195
12.029928	3.3769116
12.348553	3.400085
12.418733	3.4695766
12.419664	3.6308527
12.5517	3.7055085
12.119785	3.8570673
11.665755	4.052888
11.022021	3.8965812
10.862924	4.1067233
10.710004	5.4676394
11.089954	5.500744
11.00439	5.4421577
11.072746	4.8845925
11.7482395	4.2802525
11.563566	4.8028436
11.214273	5.2612004
11.019327	5.3994765
10.067266	6.352619
9.362114	6.7413135
7.505619	8.098949
6.096736	9.477516
8.398443	8.131798
9.086636	6.6074944
7.8387046	10.135417
6.343482	11.98223
6.2200675	12.262241
3.7287762	11.242423
2.4407694	11.074606
1.7804241	11.388714
1.7020143	11.438883
13.284828	2.0659528
12.432528	2.4771726
10.628621	3.8921027
10.453966	4.293932
9.87434	5.1844654
9.968224	5.0265923
9.982139	5.013698
10.021826	4.999923
9.913905	5.5337486
8.525324	8.033287
8.374664	8.615926
8.302827	8.799693
8.277162	8.863291
8.0797825	8.986556
6.7000012	11.850132
6.4091763	11.999659
4.76906	11.139604
4.5807624	10.849855
-1.4658041	5.709261
-1.7089393	5.1776357
9.78505	3.9857116
11.95651	4.223811
11.681638	4.5983214
11.277174	4.09581
11.703353	3.6540792
12.670162	3.408209
13.037282	3.2267315
13.0738735	3.1481082
13.19753	2.9393992
12.960069	3.0286405
12.658282	3.3318126
12.846568	3.4203649
12.850572	3.5874784
12.729918	3.7616966
12.407697	3.933873
12.337243	3.9002156
12.07305	4.268652
12.016954	4.3404384
11.703149	4.4278684
11.393703	3.8423054
10.815059	4.188855
10.601305	4.9063663
10.573722	5.6808233
10.991759	5.42733
11.208106	5.3717017
11.252906	5.2184877
10.928271	5.5584755
10.734806	5.645654
9.139543	6.6581535
7.450429	8.020066
9.557486	5.7243533
9.147937	6.561166
7.2291045	8.33926
6.7809258	11.478774
5.666371	11.675295
4.661601	11.343883
3.4709918	11.338249
2.502937	11.188584
2.1149702	11.373524
1.9886037	11.425114
1.8275772	11.468848
13.418273	2.386632
13.437081	2.472697
13.318237	2.195139
12.581702	2.2729049
10.662546	3.874554
10.356882	5.1115966
9.953936	5.12529
9.973327	5.089274
9.6279545	6.504739
9.070041	6.958157
8.02106	8.173258
8.022745	8.457598
7.9630466	8.733684
7.7823057	9.183197
7.7805405	9.191097
7.469741	9.443388
7.27521	9.75296
-1.5480961	5.991453
-1.7263441	5.9985433
-1.8774092	6.0084043
-1.804317	5.152562
9.759101	3.9660444
10.729731	4.77483
11.33707	4.802499
11.515935	4.6713324
11.178734	4.730908
11.142519	4.410419
11.559696	3.7634156
12.173071	3.2434592
12.340293	2.9678445
12.833964	3.087424
12.939019	3.2509153
12.952434	3.319777
12.6943655	3.525997
12.747065	3.7689178
12.516962	3.570151
12.2414665	3.8041658
12.174318	3.8729618
12.024679	4.0307956
11.949893	4.197617
11.614635	4.431775
11.557379	4.3682046
11.388123	4.402078
12.041497	3.8191056
12.223008	3.7499185
11.741955	3.6449373
11.136814	3.8914092
10.791649	4.037486
10.35008	5.5555353
10.351157	5.7753067
10.630118	5.642004
10.716489	5.566961
10.526092	5.78967
10.481317	5.7528353
9.814223	6.3058267
9.470799	6.4603176
9.384804	6.3753595
9.02599	6.576723
9.263652	6.0093217
10.141313	5.486779
9.776389	5.4663215
8.909587	6.5192423
7.29349	8.108571
6.58938	9.781207
6.4711633	11.906947
5.06746	12.649614
3.3576527	11.401693
2.951845	11.3115835
2.547571	11.262949
2.410035	11.289299
2.143224	11.349846
13.099555	2.5053048
13.165655	1.935118
13.365066	1.7112273
12.99789	2.181504
10.645902	4.0618434
9.900932	5.040949
9.840097	5.074473
8.0361805	8.137314
7.9065456	8.412063
7.860923	8.524381
7.7107153	8.708881
7.6227055	8.654873
7.593194	8.635548
7.6936526	8.924159
7.625112	9.293264
7.6510363	9.213142
7.1043425	9.291677
-1.2442287	6.0261097
-1.9055871	6.0312495
-2.235286	6.0359035
-2.4375112	6.052264
-3.4224365	6.2070217
-2.6590636	5.8853188
-1.7733859	5.1640162
10.891113	4.9468412
11.164558	4.99895
10.925473	5.3072557
11.064273	4.6068373
12.860394	3.1288736
12.500425	3.788174
12.482625	3.729946
12.375835	3.6833436
12.262434	3.2896583
12.43049	3.5107331
12.286375	3.772147
11.943574	3.9460964
11.034648	3.97765
11.499589	3.5702424
11.832424	3.5061069
11.970139	3.7899678
11.729916	4.0600553
10.164568	5.1141458
9.940019	5.939839
9.970285	5.110124
10.0415125	4.990238
10.149118	5.300584
9.863457	5.9723434
9.901305	5.532599
9.948262	5.2462916
10.024231	5.0444274
10.675447	5.4881616
9.3059225	6.6201544
7.360241	8.105836
6.6403117	9.934644
6.876914	11.381109
6.614475	11.779679
5.1923275	12.835401
3.4804075	11.589108
3.2586236	11.455467
3.1097097	11.354553
2.5654006	11.252198
13.210707	2.1986306
13.096061	2.2217913
13.246728	1.8339309
13.371449	1.6268378
13.424061	1.5983487
13.15873	2.0758657
9.903599	5.3742228
9.522515	6.4330125
9.074361	6.949476
7.9949036	8.185606
7.9197035	8.370586
7.8886743	8.432578
7.8491454	8.495634
7.860886	8.71585
7.8430924	8.890587
7.7740545	8.975448
7.275648	9.2077465
7.272075	7.5007877
-1.2805765	5.9536757
-1.4268588	5.9621434
-1.5432062	5.959721
-2.0976093	6.0267696
-3.0746458	5.915348
-3.8619728	5.810636
-4.030616	5.815522
-4.1513433	5.714008
-2.011331	5.2591004
-1.7551886	5.1356583
10.998313	4.277468
10.801421	4.3273587
11.142245	4.3769484
11.530871	3.807981
12.357584	3.2771018
12.986189	3.6220646
12.972012	3.9401846
12.397176	3.602727
12.31177	3.321318
12.420455	3.518382
12.68077	3.8081138
12.287425	3.4904926
11.841502	3.8545287
12.165779	3.2452781
12.114863	3.1556926
12.080339	3.349994
12.502449	3.2057943
12.589342	3.4534762
12.041506	3.6705813
11.47253	3.8436766
10.53251	4.4651594
9.924558	5.131114
9.950261	5.071804
10.104376	4.996165
10.997535	4.02638
10.954584	3.8635616
9.9207	5.0391836
10.019188	5.028327
10.557776	4.7138925
11.129318	5.2321396
10.473537	5.6719394
10.291191	5.5711727
10.264892	5.502409
9.683752	6.4777956
6.7745275	11.137438
6.601379	11.975853
5.9011264	13.667883
4.4909716	13.010248
3.2835782	11.480342
13.400614	1.5971392
13.392561	1.5969433
13.405973	1.5825949
13.422831	1.612699
13.23363	2.1236856
9.782135	6.042837
9.694647	6.239728
9.652967	6.4113245
9.521393	6.5352435
9.134118	6.9103174
8.934843	7.0729313
7.9613047	8.377873
7.8761225	8.394411
7.3090496	7.478169
7.226557	7.4101243
-1.7081934	5.9862123
-2.0648992	6.0199533
-3.8118443	5.7204165
-4.2277036	5.648579
-4.2762194	5.6765428
-4.371202	5.6997457
-4.42334	5.675285
-4.4861107	5.662088
-3.3130167	6.032568
-1.8991992	5.211878
9.797051	3.9939923
10.93754	4.766431
11.267804	3.9639482
11.285192	4.1224313
12.740564	3.4943488
12.778646	3.678371
12.597289	3.8189964
12.401427	3.9903605
11.904615	3.8004744
12.241858	3.4415023
12.647543	3.521554
12.761176	3.6752467
12.342778	3.9394772
11.97902	3.8184261
12.11318	3.9660988
12.276429	3.9844847
12.583845	3.3403783
12.536561	3.04768
12.737685	3.1015072
12.550428	3.6890435
12.034489	4.0021105
12.022708	3.9072313
11.272601	4.1589766
11.056755	4.078884
11.050891	3.952998
11.625293	3.3701544
12.379257	3.4520023
11.907126	4.0040917
11.309727	3.8736117
11.14487	3.8290102
10.955946	4.332262
11.254469	4.364337
11.699211	4.6897664
11.367813	5.643063
10.278617	6.4484773
9.676748	7.5090847
9.449624	8.497745
6.7827053	11.018586
6.905679	10.702182
7.3001842	9.890036
6.9512606	10.973135
6.6684194	11.779431
5.694081	12.8680525
13.451738	1.5592086
13.415506	1.5865542
13.381241	1.7916214
13.386176	1.9765506
10.061053	5.3558373
9.6535635	6.2623153
9.340581	6.6753817
8.9774275	6.9293966
8.0742655	7.792612
7.3943205	7.5183535
7.2404804	7.4231005
-1.3353239	5.919001
-1.6251775	5.9699087
-1.7310817	5.9799037
-1.9800931	6.039047
-2.825009	5.9941893
-4.246456	5.6394715
-4.972564	5.6838946
-4.9914627	5.703675
-4.649981	5.650219
-4.474985	5.7471385
-4.3193393	6.0818696
-4.3489466	6.072481
-4.4094367	6.073567
-2.748114	5.870178
-2.0775955	5.3190813
-1.7702249	5.138201
9.895396	4.0790663
11.252134	4.695016
12.053766	4.111879
11.779912	4.1855893
11.4545965	4.008643
11.601984	3.661073
12.305116	3.2139
12.455319	3.5581458
12.471344	3.551369
12.314499	3.75803
12.108261	3.6135118
11.920396	3.5969584
11.911582	4.4817667
11.722686	4.495136
12.5567	3.5916471
12.694701	3.6188693
12.368191	3.8487532
12.877764	3.237195
11.656051	4.3819127
11.799679	4.349064
11.775672	4.1870947
11.652682	4.044364
11.390038	3.8270793
11.726615	3.6139243
11.926207	3.3944428
12.765973	2.9632294
12.886976	3.591524
11.763954	3.9442616
12.032769	3.9118757
11.4921	4.1835856
11.389434	4.387286
9.665655	7.641205
9.40244	8.330059
8.843537	9.058511
8.790314	9.209024
7.709703	10.179504
7.73389	10.261642
7.3594036	10.526751
7.3709173	9.73388
6.756715	11.761723
13.41481	1.5831953
13.41549	1.5881071
13.349349	1.9140664
13.311161	2.2329576
12.680267	3.4774528
11.945128	3.788914
10.550225	4.3492556
10.12201	5.4981775
9.613933	6.478684
9.369172	6.6583567
9.316237	6.8076267
9.323206	6.9802656
7.3069425	7.4551973
-1.5761544	5.960006
-1.8845118	6.009384
-2.2086954	6.0411987
-2.3719974	6.0234637
-2.7346513	6.3208475
-3.9081557	7.068777
-4.4615726	6.7291903
-5.1515155	5.90151
-5.132957	5.885904
-4.106393	6.15517
-4.022828	6.1405005
-3.4081078	6.0947804
-2.4768078	5.713848
-2.0351572	5.2629576
9.832543	4.0254803
10.708139	4.677999
11.599895	4.545229
11.886132	4.330088
11.672955	4.3690414
11.835639	4.1147323
11.901989	4.1016793
12.246449	3.7674055
12.355133	3.5728812
12.285542	3.282769
11.428182	4.251194
12.302658	4.0129776
11.751063	4.014093
11.559272	3.95468
11.900251	3.6263719
11.405745	4.4650316
11.470435	4.476905
11.763787	3.5914438
11.917974	3.3240867
12.195384	3.0128558
12.691069	2.408363
13.097318	2.4709768
12.849454	3.52487
11.681545	4.3466773
11.734611	4.413555
12.049593	4.3558936
10.047813	7.6477246
9.652761	8.29957
6.595756	10.9768915
6.7213564	11.124263
6.6493983	11.345801
6.636174	11.534733
7.5947843	9.88078
7.3526483	10.019229
6.8321047	11.083243
6.8583655	11.060429
13.409773	1.6247782
13.28565	2.0015182
12.720822	2.6400936
12.562229	2.6195576
12.502587	2.57054
10.114137	5.5598974
9.479486	6.573968
9.290745	6.8527555
-2.3060381	6.029945
-3.0497072	5.9323044
-3.893612	5.734558
-4.2086735	5.7811613
-3.4028115	7.111983
-3.9582763	7.0257473
-4.4010324	6.7533236
-5.098776	6.0062466
-5.1372867	5.9081297
-5.077411	5.9341207
-4.790203	6.013979
-3.944919	6.0858
-3.73548	6.2276754
-3.8380992	6.193475
-2.0157006	5.256472
-1.783075	5.1489344
9.808457	4.0038548
11.474247	4.6116953
11.589444	4.217165
12.500956	3.2892673
12.559115	3.0856383
12.097996	4.2337213
11.259826	3.8895319
11.156835	4.1642623
11.688125	4.1916165
11.702569	4.6433997
11.540676	4.2591405
11.539328	3.971611
11.704224	3.7032318
11.734337	3.845509
11.134585	4.4001007
12.626275	2.575815
12.8816	2.3966343
13.165488	2.844895
13.381872	3.2805786
11.525638	5.629737
11.047748	6.0821557
10.001357	7.7591567
9.689865	8.310027
9.43191	8.731266
5.004903	12.056746
5.7692747	12.091942
5.7587185	12.005068
5.5470057	11.871052
5.8595448	11.807848
5.942203	11.825993
5.883498	11.728331
7.4954324	9.916185
5.2257156	11.8442745
5.6008334	11.746813
13.406042	1.6018026
13.297936	2.0274756
13.1515465	2.2906024
12.980031	2.4554176
12.997738	2.3686106
12.261639	2.5220802
10.660202	3.8590426
10.1758995	5.6732545
-1.2981907	5.920849
-1.4700818	5.925613
-1.6637201	5.9706254
-2.7675347	5.944966
-3.40885	5.8177805
-3.8402033	5.910431
-3.20469	6.2547774
-4.569003	6.578682
-5.12334	5.920095
-4.1971993	5.9321036
-3.7470863	6.2239285
-3.6572738	6.4051657
-3.6665971	6.3215656
-1.7647318	5.141808
9.88429	4.074203
11.268766	3.9431508
11.624317	3.7069101
12.23347	3.286076
12.579399	2.8226147
12.770954	2.7149656
12.860718	2.695296
12.759869	3.7283993
12.3477	3.902379
11.8613405	3.7405922
11.66059	3.8870912
11.443514	4.1254883
11.3667345	4.0855103
11.534965	3.8856473
11.488787	3.9321537
11.747449	3.716289
11.915458	3.719011
11.230342	3.8895316
13.045243	2.7023685
13.229789	2.6796782
12.285578	5.3661923
11.979041	5.7121806
9.489418	8.593496
4.70957	12.438398
4.940931	13.3501215
6.4789343	12.585862
5.4053535	13.344192
5.319239	12.561073
5.6027956	12.207257
6.475578	11.721252
6.7134113	12.342755
6.438503	11.265935
6.22627	11.134591
5.6564856	11.553812
5.0808053	11.94453
4.7286143	12.517147
13.404945	1.64567
13.381324	2.0725875
13.546233	2.8427505
13.235423	3.206786
13.122196	2.8363926
13.201091	2.6466527
12.877357	2.7160285
11.852036	3.967763
10.397166	5.6951323
7.3781705	7.44994
-1.5724939	5.953878
-2.0492575	6.020282
-2.5703626	5.9985733
-3.1707525	5.875124
-4.3567033	5.6976557
-4.481721	5.7984705
-4.6235285	5.7350965
-4.6304054	5.723489
-4.3494983	5.8063087
-3.495763	6.0082808
-3.085856	6.520005
-3.5117912	7.093793
-4.1209598	6.913041
-5.0919743	5.8571606
-4.823167	5.7306046
-4.282144	5.856424
-4.070562	5.989873
-3.7827287	6.204543
-3.6067247	6.445495
-3.6604905	6.384244
-3.649494	6.343319
-3.6234138	6.395664
-3.1087182	6.267085
-2.4024718	5.6602025
-1.945974	5.227985
10.288916	4.3809714
11.526955	4.0755353
11.797651	3.979089
12.4115715	3.6700075
13.137827	2.791552
13.181413	2.9639475
12.403305	3.3064625
12.216888	3.0876114
12.2470665	3.624864
11.714471	3.7530477
11.83874	3.6941404
12.290511	2.887619
12.210697	2.8283682
12.984238	2.8064058
13.351266	3.4371858
9.7856245	8.190531
9.505564	8.687326
9.424411	8.749834
4.7981024	12.118159
4.8215237	12.233423
4.604971	12.514535
4.5209656	13.135583
4.0547	14.012515
5.108754	14.222656
6.8041043	11.148329
6.777083	11.112645
6.9282746	10.859796
6.7499747	11.396155
5.6732416	11.411805
5.0836277	12.153458
4.6883903	13.215977
3.9215124	14.032983
13.408801	2.0110064
13.374809	2.770765
12.667286	3.4652033
12.771935	3.2127461
13.132685	3.3581297
12.30632	4.364997
10.96152	5.689291
0.18904972	7.2873573
-0.6180552	7.2880673
-3.7440417	6.800332
-4.4649234	5.804117
-4.7973123	5.6770797
-4.9308457	5.630408
-4.7962794	5.6896043
-4.550371	5.6723895
-3.3108592	6.074469
-3.1477637	6.8378654
-3.8541906	7.0637364
-4.850997	6.143192
-4.7138643	5.6585627
-4.354346	5.842326
-3.88972	6.120476
-3.6088843	6.3399553
-3.4818292	6.430958
9.790779	3.9929397
10.730713	4.8025393
11.434005	4.100026
11.90083	4.1989756
12.928612	3.3029664
13.242282	2.9182444
12.798844	2.9751701
12.6806555	2.7153552
12.762591	2.786614
12.72757	2.8333755
12.272495	3.8221595
12.297823	3.4090917
12.41149	3.0323641
12.815768	2.643677
13.377362	2.781894
13.071797	4.063458
11.856023	5.8567624
9.475895	8.724123
4.694122	12.092904
4.271156	12.515325
3.9967513	12.8941765
3.1978128	13.316525
2.8749864	13.208352
3.5212924	13.800115
4.952501	13.674837
5.508258	12.3804865
5.5999584	12.969699
5.9943304	13.773321
6.531834	11.132188
6.2981157	10.844211
7.3468866	10.375238
6.362193	11.278856
5.24724	13.516644
4.518304	13.925151
4.075995	14.208174
3.786198	14.191597
12.683461	3.5039968
12.221175	3.4761238
11.911553	3.4537678
12.6155	2.776241
11.594195	5.112735
-0.26487744	7.299197
-4.376145	6.704378
-4.860141	5.645936
-4.926915	5.6219864
-4.7145305	5.773493
-4.3561745	5.771807
-3.5180197	6.019026
-3.0574188	6.441387
-3.327819	7.0662293
-4.31703	6.8035717
-3.6166692	6.320167
-3.400137	6.6554937
-3.2823932	6.7797513
-3.371416	6.8076186
-3.517905	6.4897666
-3.3099163	6.329048
-2.538284	5.782887
-2.0587296	5.306097
9.888831	4.0827575
10.91657	4.613249
11.894414	3.9280694
11.688028	4.1700683
11.582786	3.8973343
12.576386	3.3233328
12.724948	2.8088753
13.135735	2.6057968
12.843424	2.7463708
12.707723	3.0133264
12.572749	3.1605763
12.600424	3.3612194
12.445258	3.744097
12.650874	3.4443069
12.973626	3.833298
12.191027	5.4703183
9.997952	7.8609653
4.7671833	12.044417
3.2370024	13.163862
1.9535159	12.853641
2.0511906	12.877196
2.114384	12.91053
1.9461092	12.832748
1.908453	12.794453
2.0842779	12.727625
2.7311575	12.965952
3.6728058	13.997076
4.5602884	13.565378
5.288836	12.6457815
6.3816957	11.713507
6.702471	11.911809
6.648927	11.220792
5.5504637	11.515251
5.13596	12.984237
4.465992	14.450337
4.3430443	14.069088
13.17089	2.3731244
12.465122	2.771531
12.61083	2.5706575
13.323567	2.4766612
12.50967	4.2576795
10.05844	6.31032
8.290639	7.139842
-4.4128537	6.7131567
-5.1062055	5.890863
-5.12688	5.8843455
-4.759215	5.900047
-4.6650925	5.792356
-3.2322798	6.1050076
-2.9941132	6.580076
-3.4170437	7.120065
-4.315197	6.7582755
-4.367884	6.0185366
-4.166918	5.944215
-3.7476227	6.219395
-3.608247	6.462493
-3.2033112	6.7683787
-3.064364	6.8883395
-2.959253	6.928186
-3.013497	6.9437556
-3.5089855	6.6256814
-3.2432227	6.2717533
9.825081	4.016385
11.07204	4.7480984
11.674472	3.587239
12.754208	3.0364122
13.1457	2.7751567
13.198883	2.5936031
13.287079	2.469639
13.138504	2.36698
12.994901	2.4115598
12.865929	2.4498367
12.690558	2.715816
12.652397	3.025729
12.354508	3.8662875
11.86624	5.634345
11.481895	5.972507
9.18042	8.872533
3.4169176	13.252925
1.7512556	12.797448
1.787079	12.769467
1.7800274	12.588428
2.1078346	12.765267
5.5881147	12.350012
6.2873898	11.222474
6.8142185	10.694019
4.9547195	12.122046
4.636341	12.51399
4.439744	13.202302
4.382081	13.277819
4.3310065	13.683453
4.4761357	14.020268
13.386384	2.4388099
12.900143	2.3471532
13.237524	2.40846
11.514014	5.5227814
10.332751	6.369738
9.757184	6.517674
8.797434	7.079752
0.08371272	7.327456
-0.62683815	7.301793
-4.0565205	6.945276
-4.6828647	6.417703
-5.1014214	5.923768
-5.1137934	5.9423957
-5.111926	5.928395
-4.988058	5.94113
-4.6924105	5.9856763
-4.612597	5.976031
-4.3441873	5.902336
-3.9894638	6.0221906
-3.5896113	6.10134
-2.9291909	6.7123966
-4.2681694	6.7481265
-2.7919166	6.934692
-3.1532068	6.8532157
-3.1342645	6.308973
10.060358	4.2387795
11.216619	4.6918783
12.168275	3.04938
12.997342	2.7297468
13.238043	2.48371
13.377715	2.5314252
13.240317	2.6684146
13.231608	2.5808272
12.819165	3.903892
12.392857	4.654583
11.698764	5.70398
10.0236025	7.7357287
9.60729	8.331166
7.988635	10.040476
5.708742	11.466742
3.2440636	13.157603
1.6879228	12.800726
1.6912799	12.751423
1.719442	12.785749
1.7539197	12.767163
1.7120986	12.518818
1.6930978	12.567122
1.8292097	12.701131
2.0511174	12.789079
3.4422371	13.76
5.1885247	12.69275
5.1634145	11.939289
5.037933	11.981109
4.4246073	12.93652
3.607871	13.752082
3.470542	13.905847
3.7154863	13.928722
13.517866	2.4093313
13.60388	2.833673
13.1797	3.8602936
12.31671	5.2975774
10.957743	6.2909245
9.729793	6.7158537
9.506131	6.8941603
8.117854	7.977146
0.45591876	7.394915
0.053739592	7.3043275
-0.77062476	7.2844787
-4.1843467	6.9083223
-4.8571925	6.1228375
-4.9906464	6.0081215
-4.775759	6.0038137
-4.5352545	5.869308
-4.44301	5.8650775
-4.0053453	6.056
-3.6656969	6.2410016
-3.0473652	6.3529773
-2.9384995	6.779538
-3.9396768	7.034133
-4.2161665	6.47804
-3.7951446	6.0849795
-3.3306236	6.3393197
-2.894888	6.845535
-2.8553872	6.866073
-2.875775	6.873649
-2.7972171	6.9555435
-2.8025663	6.96568
-0.9004775	7.8380003
-0.39389798	7.9663606
9.454553	5.937847
12.993103	2.6740124
13.204966	2.4880044
13.422718	2.421086
13.403293	2.5504642
13.144543	3.2989163
13.058599	3.7246032
12.39291	4.9981523
11.772121	5.696897
11.45609	6.0458794
9.718095	8.083632
9.277781	8.82054
5.022315	11.888165
5.057762	11.985267
4.6769857	12.363579
3.1988971	13.253908
1.779067	12.792374
1.6718718	12.642218
1.7219684	12.745424
1.7225968	12.737451
1.5393782	12.014678
1.7574574	12.679617
2.6660883	12.9833145
4.551341	13.545355
4.4061947	12.477454
3.240392	13.949428
3.3377929	14.02571
3.8159642	14.13242
13.562883	2.3800151
13.603249	2.7922835
13.378893	3.5164485
9.3239565	7.0178022
8.266726	7.9127774
8.142612	8.496659
0.3084486	7.350962
-0.23410046	7.295132
-3.9146388	7.0145383
-4.4284225	6.682102
-4.8007007	5.7877464
-4.740586	5.7995815
-4.621277	5.6440926
-4.321308	5.7650776
-4.1967607	5.786515
-3.861422	6.105903
-3.3789496	6.415091
-4.001773	6.917229
-3.942379	6.2256894
-3.25552	6.4755416
-2.930358	6.7871385
-2.8352494	6.881066
-2.6920846	6.9859176
-2.6429791	7.0341396
-0.89793366	7.843465
-0.13223556	8.117977
0.16671883	8.297476
5.578082	9.66603
13.474166	2.4340725
13.457898	2.4303613
13.469336	2.6652873
13.546495	2.8405716
13.362674	3.3391356
13.07929	3.9413097
12.743305	4.543854
12.2976465	4.9827003
11.768672	5.653265
9.283457	8.71544
8.076415	9.936203
7.2667913	10.658712
2.2608228	12.967217
1.8939137	12.8272
1.6868832	12.260473
1.6765141	12.572278
1.6960889	12.6796875
1.5975199	12.17271
1.4894958	11.783798
1.7622557	12.7086
2.5462508	12.746332
2.811402	11.872071
2.9970362	11.672624
-1.6351204	7.911247
-1.6472977	7.9157963
-1.6767288	7.9290214
-1.6027863	8.171351
1.9169916	11.778308
2.7299705	12.149085
4.370698	13.682886
12.494853	4.996233
12.329555	5.270159
11.985097	5.5943747
10.823879	6.3416195
9.213263	6.7926283
8.219008	8.489007
0.11263548	7.3077793
-0.61365205	7.299329
-4.7493734	6.045242
-4.774807	5.683645
-4.8866754	5.683841
-4.2721086	5.860514
-4.061622	6.052091
-3.4716594	6.5083475
-2.968815	6.535292
-3.2853887	7.0336723
-3.8308344	7.064025
-4.0577517	6.730982
-3.4746025	6.3927875
-2.9465158	6.81969
-0.9267986	7.833155
-0.67814666	7.899692
-0.35986188	8.028268
-0.01774795	8.203394
0.2160499	8.342613
0.3185672	8.4243355
5.5151224	11.865406
6.383917	10.659131
8.937363	8.527943
9.827595	7.0934844
11.270954	4.6225524
12.367362	5.120463
12.148765	5.2545795
11.854146	5.4022427
11.638629	5.6582747
11.397695	5.9000335
9.738968	7.6901727
8.767147	9.282598
7.763653	10.2452135
6.6083174	10.989507
6.726839	11.421937
6.0101047	12.357521
4.0549793	13.368564
1.8599465	12.679257
2.2219129	11.862312
2.045151	11.575721
1.8571317	11.957648
1.6985242	12.478183
1.5504977	11.932196
1.5278745	11.694979
1.702868	12.582577
1.8680743	11.343521
-1.9157209	6.1174455
-2.1908274	6.145934
-2.33174	6.3681755
-2.258062	7.4965444
-1.9149686	7.8303375
2.6433654	11.973831
2.8399873	11.737055
11.582383	5.816764
11.359301	6.008713
9.258321	7.0722365
8.591368	7.4079924
9.05329	6.7848473
9.120201	6.732677
9.268533	6.7942777
8.088549	7.9490595
7.819718	8.184471
7.7892203	8.336929
8.031453	8.247281
0.3172193	7.3312693
-0.11632861	7.3099003
-0.8587274	7.199456
-4.3393664	6.793325
-4.8750973	6.0214934
-4.8453283	5.9437065
-4.8023944	6.000557
-4.6156955	5.9879456
-4.3156557	6.064803
-4.0254836	6.1661334
-3.6772728	6.392294
-3.4942603	6.4270325
-3.4636014	6.4014845
-3.210326	6.203598
-2.9607341	6.5474625
-3.8455243	7.0474052
-3.4361339	6.7438264
-0.15195356	8.142952
0.19262606	8.315497
0.41212282	8.559022
5.816296	12.96565
5.9419556	11.71784
9.895206	7.020639
12.2986965	5.094331
12.319496	5.2696137
12.024869	5.4572134
11.382615	5.875218
11.102433	5.8044806
10.794295	5.8284774
9.815129	7.4106565
7.93881	10.059194
6.6243696	11.300767
6.847543	10.921224
6.859413	11.395641
3.8421366	13.193931
2.4627476	12.210885
2.2989693	11.986784
2.391352	11.871847
2.527807	11.4811125
2.2787664	11.233291
1.9857619	11.499273
1.517655	12.067878
1.5935476	11.724404
1.7570109	12.195716
1.6171608	12.082647
-3.0905337	6.0782485
-3.8036582	5.8748746
-3.709725	5.9401875
-2.2340837	7.4120283
-1.5707104	8.232075
1.883314	11.44533
2.0855691	11.227235
9.955205	6.3453345
8.800318	7.0874734
9.076963	6.857933
9.25823	6.6378574
9.506302	6.5189276
9.439668	6.4899936
9.090118	6.9148345
8.067641	7.875871
8.066438	7.979776
8.515219	7.517025
8.783032	7.149305
8.441814	7.0630574
0.23364896	7.325428
-0.13938506	7.329411
-4.018059	6.999492
-4.057231	6.212536
-3.7995589	6.322854
-3.5316708	6.4512076
-3.5059457	6.4115353
-3.5380921	6.2806993
-3.284177	6.1759233
-3.3977454	7.104949
-0.6175285	7.8879232
-0.1324194	8.139584
0.111154616	8.258037
0.37930843	8.507588
4.343019	12.922274
4.3516564	12.998447
4.378629	14.073
5.3297157	14.187191
6.0719852	13.385941
6.110347	11.693227
8.954777	8.485185
9.845765	7.539602
10.9738	6.219252
9.638317	6.7142205
8.878585	9.009854
7.7154417	10.230202
6.6190863	11.49459
6.4333916	11.199974
6.709909	11.659328
3.8884897	10.909575
2.0295856	11.391853
1.8641276	11.840052
1.7905458	12.0777
1.6465687	12.303891
1.6015875	11.683263
1.6745896	11.994308
1.6676092	9.482563
-0.9848621	7.4045796
-3.994214	6.999246
-4.2950897	5.7653074
-2.2123015	7.4009924
-1.7954677	7.968386
-1.5684232	8.22968
2.1178577	10.89585
10.096998	5.568473
9.634088	6.258394
9.322063	6.6942596
9.278336	6.795119
9.370359	6.575012
9.552041	6.51991
9.515565	6.6133027
9.362231	6.403018
9.387966	6.4074426
9.308661	6.348131
8.512106	6.928114
0.27463365	7.3291626
-3.8646739	7.0581923
-3.248368	6.8138323
-3.5063975	6.6330323
-3.5657601	6.3052454
-2.4252052	7.0846806
-0.8979213	7.8050404
-0.3325826	8.044678
0.34602636	8.465209
4.243362	13.752869
4.1811423	14.262124
4.9252853	14.229769
6.006476	13.540787
6.299756	12.750207
6.4229198	12.008713
8.572776	8.496315
8.804605	7.7757635
8.056659	8.05544
7.1774745	9.643196
6.930073	11.07669
6.616894	11.462145
6.5880027	11.411162
6.6776166	11.319318
6.8151073	10.823991
7.4323263	9.667504
7.1102204	9.452427
6.688538	9.528496
5.8038497	9.966495
2.680995	10.9568815
2.6041	10.997355
2.3830667	11.09793
1.8668431	11.820595
1.5489411	11.646248
1.8502194	11.817088
1.684891	11.378234
1.8264265	10.802023
1.5036837	9.233875
-1.031818	7.3752565
-4.4317327	6.63168
-3.9069188	5.9599247
-3.1150737	6.1445994
-2.2187457	7.460338
-1.7524971	7.9913945
-1.5756016	8.217275
2.0145924	10.782657
10.079945	4.9640985
9.689413	6.120322
9.478638	6.5127025
9.455635	6.719778
9.263884	6.9259806
9.02366	6.809859
9.196472	6.2944107
9.557044	5.64772
10.221554	4.643321
8.179294	7.051749
0.11649264	7.299283
-0.5107673	7.3410325
-1.0454811	7.407398
-2.702948	7.020795
-2.54008	7.0766964
-2.4961355	7.144393
-3.6162734	6.776524
-3.2571745	6.663253
-1.318508	7.577217
-0.07332239	8.193073
0.24109185	8.380642
0.3899295	8.523709
4.328995	12.977924
4.310966	13.066252
3.8271565	14.044071
3.7329655	14.105561
3.5331466	14.363583
3.5986514	14.397095
4.168519	14.471871
5.736456	13.352451
6.407214	11.896629
6.5208287	11.833244
6.415332	10.655097
8.424294	9.060784
8.38813	8.392153
8.647702	8.776865
8.0889635	9.209859
6.7961674	11.012988
6.472001	11.304239
6.474745	11.446148
6.658171	10.872338
7.2830143	9.4774475
7.397031	9.705507
7.264273	9.784674
5.625888	10.2278385
3.5563037	10.746738
2.932801	10.785962
2.5166423	10.699377
2.662334	10.869854
2.3804832	11.063658
1.6447344	12.132794
1.6589159	11.60302
1.8723403	10.962476
1.699066	10.008076
-2.2092733	7.8836985
-3.7186933	7.051944
-4.03233	6.0062137
-3.4733999	6.578004
-2.1554115	7.461634
-1.739571	8.020984
12.289145	2.4854991
11.966106	2.6024132
10.617225	3.8728333
10.097657	5.437845
9.794641	5.976482
9.7578745	6.157593
9.354683	6.4317975
9.252062	6.454731
9.256455	6.326807
9.573233	5.7907653
9.753166	5.4639206
10.047025	4.9964542
11.862985	3.1462445
12.404989	2.9162405
8.029655	7.201127
0.06419849	7.312967
-0.5311015	7.377168
-0.654693	7.8758183
-0.8288854	7.5454926
-1.2518803	7.530896
-0.58710986	7.94566
4.278351	13.02184
3.562772	14.165233
3.6037347	14.267532
3.674425	14.383846
4.2662373	14.325767
5.581634	12.846888
5.79914	12.1396675
5.7360673	12.014492
5.7513266	11.787379
6.3210745	10.771411
8.125902	8.427881
7.9259686	8.529559
7.5794253	9.919835
7.5186076	10.214563
6.5456834	10.871798
5.5729494	10.70441
5.536116	10.736202
5.716239	10.7620735
6.0226803	10.700855
7.536029	10.064261
2.440463	10.5633545
2.5231433	10.686943
2.6288214	10.848005
2.6423545	10.890142
2.4846694	10.993557
2.247468	11.110694
1.88446	11.748024
1.8475609	11.643354
1.8864579	11.15149
1.9069166	10.910125
-1.6447748	7.948636
-1.7001615	7.931735
-2.1127489	7.877143
-3.1348872	7.1301303
-3.5982153	6.5803165
-2.8662348	7.014683
-1.9286017	7.807213
-1.7040101	7.9960704
13.444525	2.3603384
12.285134	2.482161
10.897548	3.6206932
10.403988	4.3587303
10.063607	4.827341
10.04807	4.8724937
10.014788	4.992419
9.917816	5.032813
9.99924	4.955002
10.683473	4.3129535
11.767614	3.3920987
12.627519	2.8946514
13.285968	2.5573468
13.444812	2.481923
11.881805	2.7614453
7.960769	7.2468166
-0.08182061	7.9542522
-0.07871823	7.752393
-0.23187228	7.8671713
-0.15706448	8.1484585
0.122484796	8.295062
0.32007167	8.44405
3.9762213	13.801084
3.617418	14.257862
3.4098618	14.361735
3.69884	14.439881
4.052587	14.488265
4.3040433	14.461814
4.304533	14.317884
4.3075967	14.060194
4.8061914	13.686776
5.326814	13.256615
5.2247396	13.170636
5.2058487	13.159643
5.2856584	13.201663
5.725991	11.819841
6.358734	10.676096
7.628235	8.666379
7.204451	9.271727
7.0306315	9.642829
5.5267735	10.542388
5.2277265	10.51755
5.16385	10.501233
5.2303476	10.538947
5.675181	10.701379
5.8799243	10.714876
5.8477077	10.7724285
3.5517168	10.674264
2.9078047	10.725314
2.555807	10.764441
2.650501	10.885576
1.9970993	11.3314495
1.9489119	11.155017
1.9170294	10.868513
1.6963826	10.344802
-1.6277169	7.946388
-1.8380518	7.8290052
-2.2254436	7.7896137
-2.4007366	7.8898907
-2.3796067	7.47101
-3.0570655	6.929994
-2.1601179	7.572257
-1.950846	7.8222523
13.90934	2.25883
13.523984	2.3553817
12.564655	2.457007
12.136696	2.5414035
12.0551605	2.5716803
12.028528	2.596663
10.922638	3.9116466
11.1650915	4.0161977
11.738904	3.4415925
12.238516	3.0471203
13.470065	2.898459
13.531435	2.8216984
10.762749	4.0730324
7.8314495	7.498082
6.0722747	9.460945
5.450569	9.961481
5.305215	10.170169
0.55191666	7.970453
0.4281242	8.192862
0.3436086	8.419983
0.39421755	8.5273695
4.3178782	13.007044
3.8405964	14.322504
3.6362538	14.446091
3.7508519	14.500022
3.8089402	14.412132
4.110504	14.232336
4.131006	14.2565775
4.3389745	14.096406
4.4225836	14.037555
4.5308733	13.858684
4.5736465	13.93449
4.7508273	13.764649
5.286601	13.923152
5.685741	13.82932
6.0664635	12.743138
8.262852	9.171415
6.859117	9.476228
5.232234	10.224814
5.149894	10.24211
5.132682	10.318257
5.167911	10.318272
5.25009	10.566088
5.3537426	10.818144
5.4677877	10.936218
5.4851174	10.830248
5.339472	10.159888
3.4402454	10.686288
2.7145638	10.694774
2.679076	10.789975
2.6780577	10.999228
2.804717	10.770592
1.9658548	10.763866
-1.7202853	7.910572
-2.0287476	7.872524
-2.2393484	7.8693705
-2.2911243	7.523277
-2.2558904	7.7821693
-2.3856504	7.816718
-2.3910196	7.790191
-2.4222236	7.748102
-2.1505485	7.6128216
14.040146	2.2305102
13.768532	2.3444345
13.523769	2.3853106
13.425115	2.5165966
13.6428385	2.337391
13.458691	2.388778
12.607402	2.5903823
12.013612	3.328687
12.413022	2.9969351
12.9779625	2.7458153
13.210794	2.761938
13.402111	2.8592336
4.4589467	12.759498
4.2921786	13.462314
4.8525863	14.191335
4.739847	14.336934
4.7586527	14.415603
4.3154593	14.421403
4.1791573	14.330793
4.211865	14.421691
4.268374	14.380047
4.490036	14.45077
4.8523145	14.442011
4.466985	14.435891
4.4513745	14.310642
4.2172403	14.350178
4.187519	14.2003355
4.1281266	14.208366
4.0820456	14.259244
4.965109	14.213526
6.3239603	13.251231
6.6124377	11.246452
7.2739916	9.735046
8.395268	8.982043
7.314708	8.314921
6.0427885	9.531258
5.188462	10.257495
5.092118	10.724471
5.1326785	11.013935
5.245241	10.933041
5.1697817	11.002439
5.371544	11.033585
5.634862	10.861548
5.596078	10.184586
5.3720236	10.163037
3.5864468	10.66812
3.2679	10.697935
2.8759983	11.027922
3.5437005	10.709823
-1.0180151	7.507842
-2.353217	7.872746
-2.6073027	7.728176
-2.5889885	7.456245
-2.273045	7.715816
-2.332547	7.8024096
-2.4173121	7.818935
-2.3483076	7.8632717
-2.3760877	7.8083754
-2.2940116	7.632965
13.869368	2.2924879
13.88881	2.254725
13.922716	2.2585824
13.879437	2.3411102
12.765936	2.6258345
12.625814	2.86892
13.013457	3.1207287
13.41972	2.854983
13.685906	2.3642929
13.2277	3.534251
12.944289	4.085479
12.138384	5.457108
10.243889	7.4865384
4.7654	12.386748
3.9627533	14.4537325
5.492863	14.231557
4.9055276	14.278301
4.877407	14.409466
5.5866914	14.202094
5.590075	14.160498
5.6833014	14.086669
4.4029922	14.338195
4.030781	14.179019
3.86705	14.141409
4.0612855	14.256004
5.1125364	14.31382
5.7674136	14.029286
6.4976077	11.910312
7.5277925	9.890386
8.10602	9.403423
8.227625	8.451694
7.2102757	8.243471
6.1363482	9.447416
5.9533296	9.61918
5.2915792	10.118782
5.1830387	10.290876
4.885439	10.968203
4.716291	11.140484
5.236846	11.008411
5.6121683	10.789558
5.798694	10.004378
3.5013032	11.085562
4.9645076	13.337563
0.46489668	7.729377
0.052018493	7.453037
-2.4431202	7.8440456
-2.5370655	7.777131
-2.5507185	7.792418
-2.633225	7.4949365
-2.5299573	7.4369183
-2.2117755	7.722439
-2.3086917	7.8830075
-2.3664594	7.7724733
-2.3648756	7.822174
13.554144	2.7368565
13.84619	2.3017116
13.996484	2.245775
13.972939	2.2314272
13.765415	2.4410882
13.449139	2.7882183
13.297375	2.818631
13.183378	2.7746582
13.088238	3.2239583
13.199477	3.0381455
13.504067	2.8344858
13.128432	3.7978199
12.229455	5.213833
11.571608	5.888222
9.511936	8.632558
4.8693895	11.958815
3.7759943	14.004578
3.6946194	14.288872
3.8269675	14.379428
4.635928	14.350056
5.0323453	14.162374
6.0100307	13.531948
5.833665	14.056955
5.696211	13.375086
6.186056	13.285193
6.0129185	13.196285
5.829406	13.704054
4.812683	14.064233
4.462322	14.382026
4.6450305	14.4006405
6.4658566	12.947016
6.5603857	11.846234
6.6348624	11.734945
6.324896	11.781197
7.350315	10.0172
7.4068246	9.239063
8.28815	8.396686
8.612232	7.161738
7.6604104	8.019565
5.204455	10.247174
5.181012	10.4093895
5.110882	10.529211
5.0062027	10.653347
5.175751	10.569161
5.834082	10.540347
6.154165	10.354421
6.788383	9.319549
6.007114	10.899724
5.208355	13.942853
5.514062	13.972452
5.709462	12.925764
5.890679	11.681679
0.5042914	7.619991
-0.5316069	7.3417196
-2.5330756	7.7557306
-2.6329942	7.6833854
-2.7663188	7.141598
-2.3261733	7.4394574
-2.3625228	7.618247
-2.3293996	7.812486
-2.3513608	7.786574
-2.3226302	7.8282375
13.36631	2.5837142
14.012299	2.2108507
13.898043	2.2998867
13.121147	3.2840464
12.987217	3.785224
12.486038	4.992973
11.853835	5.4313846
9.365183	7.729885
8.903209	9.070819
5.007449	12.005194
4.4158435	13.1247
3.714262	14.394228
3.9089105	14.45768
4.556048	14.355687
5.0558267	14.158258
5.411675	14.124117
5.660556	13.372202
5.54603	13.548902
5.545933	13.419746
5.436575	13.2879305
5.3483977	13.05724
5.628891	13.296272
5.418951	14.240783
5.6187983	14.165739
5.8382134	13.924515
6.053161	13.592457
6.4878707	12.016696
6.611959	11.473206
6.7068877	11.626952
6.7557116	11.363288
6.724219	10.978925
7.690071	8.627097
8.263442	8.233534
9.28442	6.904884
6.5767417	9.383816
6.2534018	9.452401
6.1313066	9.105707
6.0640783	8.926523
6.123285	8.819268
6.1263123	8.80953
6.188608	8.885652
6.4010887	8.972422
6.86307	9.166774
7.0067677	9.1902075
7.042712	9.166253
6.991544	9.262056
6.7987537	10.107186
6.798809	11.959698
6.7395053	12.214798
0.43651015	7.5400043
0.015111293	7.331202
-0.63037676	7.345592
-2.5102859	7.790654
-2.761933	7.5921493
-2.8876595	7.391721
-2.802432	6.998022
-1.0415899	7.8120103
14.077148	2.1533906
13.677576	2.5659022
13.264932	2.9081624
13.108325	2.922599
12.866192	3.5514617
11.657375	5.19793
11.741926	4.6792207
11.100361	5.3536024
7.964924	7.9844275
5.9882097	11.112721
4.4047647	13.412523
3.6912973	14.498957
4.1761045	14.570921
4.4356465	14.477676
5.078631	14.219172
5.361214	14.066729
5.3586016	14.095465
5.6671214	13.518901
5.5188775	13.443455
5.697417	13.545458
4.6823034	13.804866
4.61865	13.755656
4.799808	13.738644
5.668393	13.525501
5.6379714	13.389049
6.069799	12.47264
6.377333	11.7896805
6.6559734	11.441491
8.107699	9.027836
8.285306	8.102557
8.5957155	7.945068
9.111363	7.157537
7.69831	8.071459
7.688198	8.12028
8.159494	7.5144863
8.226265	7.407497
8.263482	7.3697166
6.36805	8.699255
6.319512	8.862706
6.7347846	12.172988
6.165861	12.111823
6.1157126	10.852285
0.33564535	7.4748373
-0.16766973	7.350857
-0.84365654	7.3746867
-2.6894379	7.620467
-2.8519804	7.4356017
-2.90511	7.2687664
-2.8214257	6.955742
-0.6629858	7.912459
-0.05222234	8.126368
13.601674	2.3645108
14.134965	2.1648123
14.080999	2.201106
13.886635	2.299232
13.148643	3.2978203
12.383561	4.676842
11.142831	5.073902
11.157768	4.780197
11.21023	4.2682314
10.963048	4.055626
11.021741	4.066955
10.537091	4.5200186
9.043856	6.985056
6.0029454	11.154145
3.9393907	14.514389
4.424099	14.473496
5.06983	14.201128
5.2503443	14.072492
5.259288	13.941367
5.340782	13.968271
5.628675	13.721732
5.7893934	13.673811
5.4179397	13.40724
5.33551	13.451352
4.6681924	13.890335
4.47656	14.064133
4.2634025	14.2567835
4.245153	14.25538
4.24554	13.989574
5.537508	13.306091
6.510299	11.582969
6.4267907	11.551468
7.983516	9.432359
8.277988	8.857585
8.425141	8.559359
8.571456	7.986828
8.50046	7.6482735
8.393573	7.2238526
8.184943	7.3790855
6.9655733	8.424972
6.5497813	9.92781
7.0410852	11.628819
5.9848337	10.908249
0.541787	7.572377
0.15501118	7.347089
-0.4325272	7.3680854
-0.9383083	7.381186
-2.5597587	7.7486696
-2.9015424	7.276718
-2.8505118	7.1398253
-2.0882106	7.623187
0.24449152	8.269261
5.4940305	9.856214
13.832224	2.2278404
14.029085	2.1883023
14.084857	2.1902783
14.065956	2.2268622
13.847253	2.4395516
12.7881	3.9367797
12.237741	4.3536334
11.57787	5.0348644
10.275777	5.194985
10.738841	4.549164
12.178171	3.9684618
11.345311	5.600707
9.271178	7.431407
6.001418	11.195561
4.419862	13.429532
3.9153817	14.366531
4.1714497	14.496979
4.943838	14.308029
5.503223	13.88332
5.5572352	13.864069
5.65406	13.707889
5.686742	13.75292
5.6397705	13.81577
5.6846476	13.883631
5.866354	13.380264
4.8152337	13.833485
5.0408635	14.245048
4.9437666	14.419816
4.44811	14.33643
4.5176296	13.877254
5.102297	13.462102
5.633172	13.212023
6.0378246	12.284277
5.9390187	12.111054
5.9508433	12.0479765
6.037777	11.974738
6.441072	11.584112
6.4752097	11.48823
7.5245967	9.834704
7.5842214	9.901974
7.9490795	9.589964
8.438938	8.586188
6.9538627	8.454566
6.590493	10.095096
-0.51412743	7.3644524
-0.95417255	7.389172
-2.5245452	7.7883797
-2.5361211	7.763665
-2.9226072	7.2777433
-2.7948809	6.9879603
-2.3432434	5.7599287
1.5731142	9.152734
14.076989	2.192822
13.760569	2.5749216
13.248411	3.032338
11.566796	4.4313707
10.599356	4.4296484
10.3705225	5.341952
10.507639	4.845622
11.861524	3.316135
12.28979	4.614367
9.784087	7.579249
9.28188	8.570705
5.9647408	11.449685
4.4981594	13.381592
4.5165553	14.422924
5.352949	14.148798
5.9464464	13.7429085
6.0884194	13.657222
6.058135	13.536273
5.885824	13.451173
5.8144965	13.581254
5.663846	13.176518
5.72374	13.372791
4.6582565	13.718378
4.964523	14.139581
5.3911138	14.180263
5.651471	14.171393
5.518419	14.071556
4.645628	13.82893
4.964362	13.584973
5.173167	13.166492
5.603341	12.659221
5.869911	12.576163
6.0094533	12.409933
5.884129	12.329609
5.941063	11.888231
6.1245127	11.755649
6.6007724	9.215878
6.7193217	10.438322
6.7566056	11.465902
7.0643497	10.162484
0.4627262	7.575847
0.0466499	7.3662605
-0.98067224	7.3966584
-2.4655628	7.5181675
-1.2215258	7.6613383
-0.59040916	7.9233727
1.4849743	9.045958
5.2424464	10.658475
6.4316373	11.88195
13.216331	3.8366969
12.328253	5.3220115
11.457578	4.9129543
13.133092	2.5376751
12.611193	2.5217674
12.373829	3.2654397
11.425201	3.8977668
11.030222	4.1831446
10.901465	4.37795
11.676905	3.5325778
12.506941	3.561352
12.459765	4.300939
11.477762	5.5936975
9.244153	7.7109914
7.8314614	9.984094
6.7393093	10.983139
6.218044	11.91105
5.637519	13.151673
5.6932464	14.123523
5.6832128	13.67161
5.9026904	13.123816
5.7642307	13.252285
5.6641517	13.446385
5.5269895	13.475191
5.481105	13.381406
5.561347	13.510208
5.575959	13.9205
5.5872364	14.032366
6.0915136	13.483607
5.7923903	13.372453
5.502276	13.642717
4.680548	13.648495
4.2496758	14.2212715
4.540534	14.223987
4.6457715	13.758778
5.281299	13.348807
5.597833	13.407849
5.8761954	13.214098
5.8492312	12.981438
6.1301703	12.735065
6.7121778	9.316749
6.743375	10.342691
6.747181	10.454901
-0.86593825	7.894977
-0.17440127	8.113095
-0.043138545	8.1373825
0.3024892	8.269845
5.5632114	10.02181
9.639267	8.434258
9.3593	8.529913
9.834079	7.061667
12.068696	3.2313392
13.226721	2.2211964
12.800429	2.6542423
12.115123	3.551163
11.218742	4.0107155
11.042699	4.0744843
11.793188	4.117248
11.575184	5.6141987
9.559723	7.40617
7.8651786	8.045615
6.6538982	11.696174
6.5890784	12.045454
6.0019927	13.330564
5.8748593	13.590474
5.407316	13.246015
5.5005326	12.959713
5.490863	13.441405
5.5041265	13.806287
5.8005304	13.746735
5.587967	13.692584
5.837599	13.851758
6.136027	13.636173
6.0286007	13.636498
5.647614	13.476822
5.545951	13.433425
5.268615	13.5698395
4.493179	13.906953
4.50172	13.967736
5.3786116	13.56539
5.927872	13.490225
6.405868	12.72218
6.4667835	12.529863
6.4908733	12.519593
6.487557	12.399364
6.666907	9.311453
6.7810564	9.589084
6.9581947	9.952489
-0.00027523973	7.3754253
-0.09791859	8.023934
-0.084951915	8.090161
0.0072223335	8.094741
0.3472426	8.154628
5.872821	9.265076
6.4900384	9.712462
6.8937325	10.959139
4.881375	12.0632515
5.937746	11.303699
11.340726	4.882624
13.31787	2.4671767
13.323886	2.1592786
12.411526	3.6115673
11.950019	4.094764
11.538257	4.206648
7.5281286	9.089881
7.1591535	10.138798
6.818855	11.727467
6.608133	12.096872
5.9503174	13.084198
5.6289854	13.431825
5.286406	13.558196
5.5233207	13.315506
5.632037	13.608489
5.900483	13.854637
6.261271	13.140405
6.1348395	13.267317
6.554936	12.390504
5.981048	13.113136
5.624399	13.570515
4.848609	14.297368
4.4473844	14.347338
4.462897	14.365947
4.589602	14.19211
4.671567	14.312652
6.3232946	13.088061
6.4194207	12.474186
6.492706	12.429783
6.6560493	9.329126
6.8277116	9.546137
7.2802734	9.489067
0.49679542	7.8039665
0.4044481	7.953577
6.057946	8.954023
6.6876554	8.563122
7.01923	8.536233
7.3670363	8.961375
7.448751	9.508528
7.496248	9.658278
5.223365	14.076257
5.396032	12.718357
9.132623	8.230839
11.464366	4.93209
13.116273	3.1643078
11.580251	4.7359266
11.235104	5.324494
11.167291	5.795049
9.119724	7.5806365
8.008772	8.037963
7.3895564	9.567209
6.988854	10.932685
5.3622565	13.780378
5.4879117	13.650766
5.45551	13.697356
5.984654	13.710361
6.274192	13.276869
6.603576	12.599915
6.539907	12.512664
6.5803537	12.513274
5.8355255	13.415079
5.7500477	13.708339
5.558854	14.11884
5.508016	14.252589
5.274636	14.164815
5.224161	14.241392
5.412953	14.22029
5.591465	14.156776
5.9725637	13.761786
6.4437385	12.6307
6.608456	12.426781
6.520775	12.371709
6.556558	12.289361
7.002825	9.403943
7.196599	10.449892
5.2323594	11.796634
5.3621774	11.949218
6.268344	10.890657
8.378839	8.526352
8.528844	7.653979
7.4103284	9.57353
5.694751	13.931426
5.7440715	13.7578335
5.4722476	12.358687
6.261922	10.838098
9.162876	8.320972
11.03158	6.0382514
11.161404	5.3221292
11.194971	5.0953383
10.971623	5.295532
10.755097	5.474013
10.07128	6.3578234
9.075005	7.024889
8.0360155	8.030403
7.9525228	8.223253
7.173222	8.439231
7.102565	8.411837
6.992883	8.42933
6.883511	11.977598
5.862124	13.910264
5.7740493	13.946411
5.507365	13.710991
5.586681	13.742247
5.913092	13.526753
6.4385815	12.103733
6.459804	12.268697
5.947536	12.245423
4.743786	11.226124
4.5501304	10.939032
4.6267166	10.879081
5.7545857	13.632255
5.798602	13.688928
5.9802833	13.587074
5.6799636	11.3781595
4.9696956	12.0253725
4.6226654	12.45402
4.436157	12.927834
6.2971206	10.782141
8.942816	8.690703
8.817157	8.695099
8.255253	8.53825
7.3253818	9.231247
7.395985	9.255681
7.068072	11.480447
6.140308	13.411916
5.430109	12.394833
6.1206527	10.955732
9.736666	7.2660255
10.616255	5.350907
10.389994	5.7018585
9.857745	6.3681664
9.056872	6.883017
8.056677	7.872844
7.9240913	8.144169
8.305355	8.218243
7.5477915	7.886346
6.5460925	9.84886
7.0900307	11.498042
6.619225	12.586784
6.68557	12.496821
5.967889	13.73417
6.202406	12.969012
6.2573423	12.705574
6.2028623	11.986575
6.0947065	12.187844
4.758274	11.196008
4.6159387	11.009498
4.5221586	10.854729
4.3629847	10.692488
4.2732935	10.595092
4.7050524	10.731307
5.9227777	13.167036
6.2167873	12.938197
6.3892612	12.596701
7.09899	9.778044
5.829725	11.134186
3.4197702	13.677644
3.453511	13.879344
3.5759091	14.009272
3.6703722	14.092387
5.285856	11.975409
6.410779	10.649135
7.9184213	8.834724
7.810756	9.0701475
7.5876327	9.483368
6.903109	10.105739
7.0789413	11.497118
6.562244	12.596517
5.9129033	13.144861
5.753983	13.61718
5.5047693	12.225505
8.869337	8.570072
10.476455	5.4912734
10.38951	5.6861305
10.318927	5.742565
9.908827	6.173094
9.322699	6.6477766
8.287529	7.624433
7.9239926	8.143848
7.1656237	10.098626
6.518463	9.688314
6.2585573	8.83734
6.245007	8.8255
6.2207694	8.849673
6.2152185	8.931581
6.833339	12.06362
6.305651	12.249564
4.66905	11.240016
4.347273	10.964446
4.1158776	10.482775
1.7612649	9.043676
1.7069087	9.024653
1.6696633	9.049219
1.6697478	9.19134
6.022759	13.123795
6.164675	12.940233
3.9805093	13.474198
3.299593	14.126283
3.3071887	14.271265
3.549201	14.291763
3.7400882	14.342438
3.7857985	14.257574
3.744147	14.125277
5.3827314	12.413296
7.5277486	10.035946
7.286381	10.447668
6.850983	11.921955
5.742662	13.183737
5.6257286	13.572487
8.900188	8.521928
10.413181	5.8256593
9.76909	6.4547496
8.007533	8.009419
9.240439	6.2233653
10.176483	5.7819524
7.8754964	7.8793063
8.387777	8.489562
7.514804	8.559134
7.0070553	8.558441
6.7506647	8.315468
6.665278	8.248333
6.668878	8.305246
6.7171445	8.451058
6.5573025	9.924866
7.029039	11.522217
6.2814913	12.051259
4.9009542	11.401705
4.2352405	11.169434
4.161763	10.723063
1.7883625	8.992683
1.6999747	9.0397215
1.6890928	8.993814
1.6621819	9.088378
1.6561545	9.158291
1.6824859	9.274641
2.5988472	10.59564
4.952952	13.144815
3.9726124	13.945526
4.548025	14.200714
4.608193	14.1412735
4.305068	13.976554
5.738789	11.6751795
6.323444	10.701716
7.4514585	10.325048
5.316553	11.739909
7.7228775	9.292092
7.227972	9.639993
5.8928595	13.479117
5.777551	13.581315
5.6213417	13.7014065
10.167712	6.030997
9.820805	6.4150834
7.969788	7.934063
8.584728	8.0384
9.422586	8.405128
7.9933434	9.731521
7.334646	9.543961
8.407669	8.544465
8.306997	7.785884
8.13582	8.062993
8.626494	7.5222087
8.927302	6.7571583
8.928489	6.6572666
8.724761	6.9392495
4.660782	11.289643
2.1977532	10.040082
1.7009351	9.289759
1.6990885	9.27866
1.7661662	9.40984
1.8497475	9.618904
1.945968	9.818584
2.4611735	10.576824
5.9294157	13.373912
5.492257	14.00926
5.430685	13.970785
5.2041197	13.953817
4.8206944	13.849049
5.015482	13.8995
5.4428306	12.639261
6.0268273	11.511105
5.447972	13.368884
7.665005	9.329683
6.4311275	12.913184
5.99465	13.306486
5.9118867	13.678036
5.6836877	13.576314
5.5147834	12.34405
6.3093495	10.738494
8.859584	8.567201
9.682751	6.545207
7.931297	7.9112277
8.329055	8.865055
8.46433	8.986625
6.499861	10.946168
8.184372	8.974646
8.497599	9.100316
7.5015917	10.052708
8.413611	8.998571
9.473196	6.444931
8.603006	7.00063
7.096613	8.26728
6.4839497	10.014835
3.37432	11.361415
1.9176402	10.760781
1.8477093	10.702544
1.9773517	10.183736
1.9896055	10.037286
2.045396	10.082289
2.07094	10.260437
2.529807	10.605651
6.04933	13.197609
5.1322365	13.785307
4.472135	13.800935
4.2753334	14.066041
4.7190967	13.755706
5.2161574	13.110803
5.866278	12.637954
5.834556	13.27713
5.432524	13.704457
7.5688877	9.395791
6.946741	10.068807
6.0033903	13.335494
6.145584	12.913281
5.9941483	11.626215
6.355971	10.688934
8.719776	8.7373905
9.520783	6.5981426
9.0902815	6.935534
5.290531	11.04441
7.6092043	9.865863
7.437426	10.10552
9.4870825	7.2884636
9.5217	6.1360397
8.639509	6.9362106
7.0807014	8.287581
3.743961	12.658759
1.537657	11.914161
1.5436127	11.510934
2.001867	10.963673
2.2089558	10.666395
2.1127996	10.336731
2.1772892	10.356094
2.1160471	10.40811
2.3373773	10.517418
2.5635927	10.580139
5.830868	13.183352
4.665924	13.654794
3.9898148	14.004824
4.02221	14.074294
4.568821	13.890203
4.9502983	13.230422
5.3736486	12.881733
5.6659966	13.058988
7.417138	9.6376705
6.8539243	10.100287
7.0694876	11.543852
6.235077	13.02288
6.3922806	12.783619
6.424277	10.60072
8.803786	8.529193
9.370064	7.1508183
7.81781	7.72697
6.3932376	9.5634365
4.0693274	11.12542
2.5849423	10.793464
2.891053	10.717391
5.648894	10.909333
7.3771973	10.0618925
7.344328	9.692955
7.133128	10.2904
8.380591	8.79324
9.445258	6.47192
9.539796	5.9056053
9.485878	6.1722007
8.537266	7.066249
6.228452	10.203694
1.686774	12.656661
1.5990973	12.149226
1.6299207	11.725187
2.2634716	10.879097
2.2033281	10.610633
2.0285482	10.317774
2.0382745	10.282747
2.0631552	10.283316
2.3959708	10.507885
2.5517383	10.557956
3.8558679	13.9364395
3.9025414	14.165301
4.3747954	13.963133
4.453145	13.911169
4.5526175	13.635115
5.638355	13.364854
6.8469186	10.105534
6.494963	12.409338
6.44061	12.17101
6.4474854	12.2536335
6.0104213	11.366667
8.78679	8.651658
7.88677	7.644778
3.2069306	10.711681
2.3579066	11.06943
6.2012887	10.816303
7.5766106	9.00456
7.0549607	8.501873
7.654278	8.322001
8.586693	7.5820866
9.28779	6.2068796
9.584946	5.875412
9.999765	5.2283216
8.974788	7.076475
6.249047	10.2013235
3.5252664	13.089797
1.7195108	12.798491
1.6720427	12.579856
1.6108915	12.080127
1.7970849	11.407823
2.1204739	10.592553
2.005023	10.410958
1.9348259	10.427779
2.0139203	10.465911
4.003065	13.629837
3.5212846	14.253192
3.9024613	14.002147
4.4881797	13.598233
5.1303544	13.383244
7.5514016	9.454724
7.61279	9.715118
7.776247	9.3350525
7.5077257	9.419187
7.106641	11.462955
6.200011	9.520928
3.3531644	10.692512
2.8194509	10.705215
5.117664	11.00671
6.1338644	10.748339
8.420813	8.559084
8.574968	7.310117
9.050422	6.5739965
6.2156215	10.235659
3.5242157	13.087529
1.7158645	12.75129
1.6467141	12.3575325
1.6634821	11.852611
1.8145671	11.131894
1.9909964	10.601001
1.6933212	10.951444
1.6876646	10.951183
2.4521835	10.548401
3.8604414	13.950548
3.8857129	14.247203
3.8121896	14.094008
3.3918898	13.9542885
3.269249	14.132089
4.6383314	13.634693
7.564213	9.306659
7.4546266	9.761752
7.4616203	9.758727
7.827705	9.254019
7.111969	11.255988
6.479613	12.330261
6.4801917	12.358059
6.069596	11.173045
8.906922	8.510088
9.484991	7.34553
7.8965273	7.6734366
3.6337929	10.676817
3.0978222	10.739474
2.7615411	10.889008
8.408798	8.479262
8.546288	7.67162
9.049346	6.6082706
9.368041	6.067922
9.616397	5.619027
9.832643	5.279286
9.862857	5.097469
9.882857	5.1338243
6.2178183	10.203698
3.5170345	13.105904
1.6292869	12.0931835
1.636013	11.453999
1.6732944	11.040098
1.6658776	11.017447
1.6259702	11.1106615
1.6818739	11.089718
1.674584	11.140536
1.6482669	11.139863
1.7432231	10.999014
3.8371067	14.008895
3.3653626	13.9599905
3.234179	14.09924
3.2276633	14.173922
3.201421	14.201385
3.82642	13.841354
7.723993	9.000179
7.4682555	9.352125
7.831402	8.70785
7.57256	9.2722025
6.8924513	10.07328
7.106994	11.390743
6.8208475	12.07594
6.4646406	12.330076
6.471263	12.309989
6.308666	10.79185
8.179366	8.338235
7.376116	8.181331
3.1963627	10.943018
2.73672	10.970182
8.329761	8.87961
8.700382	8.181438
10.024532	4.76734
8.960009	7.167094
6.2254686	10.225514
1.6722066	12.622419
1.5829726	11.982463
1.5599821	11.450551
1.5564269	11.31185
1.5087013	11.542839
1.4537985	11.61662
1.5458752	11.5145
1.5759959	11.369715
1.5772557	11.413515
1.831104	11.143298
2.6279345	10.49586
3.779732	13.87759
3.2808657	14.127705
3.2080443	14.172171
3.1954849	14.184185
3.2134504	14.205975
3.2023318	14.167888
7.9286184	8.88689
7.6869698	9.101443
7.502056	9.18375
7.778717	8.784649
7.1189704	11.3715315
6.396869	12.3087635
6.3881674	12.138277
6.0164514	11.558438
6.362349	10.740579
8.722229	8.779632
8.165296	8.457667
7.3533926	8.184341
6.2119064	9.764793
3.2260697	10.964371
5.0539107	11.033302
8.495635	8.883457
8.727379	8.203398
9.471571	6.8040805
9.849282	6.0492687
10.047988	4.5905066
10.044875	4.693459
1.4935979	11.750032
1.496876	11.647845
1.517903	11.592627
1.5193278	11.548129
1.5358309	11.534492
1.515937	11.571876
1.5931871	11.564849
1.9264101	11.176282
1.0537596	1.7795547
3.5162532	14.146333
3.2102811	14.195214
3.2507231	14.198919
3.1743553	14.162993
7.7873845	8.824656
7.6366177	8.825327
7.779556	8.900363
7.980261	8.644035
7.858031	8.806293
7.5317636	9.346958
6.8495107	10.094503
6.333401	12.168384
6.2541027	12.001032
5.9869347	11.655441
6.3472314	10.716616
8.74875	8.736855
8.294884	8.41998
7.341341	8.203915
6.2465835	9.808868
3.7671165	10.792778
5.8678546	10.751392
8.729632	8.379033
9.549844	7.3728633
9.827286	6.9589324
10.726891	5.112059
3.8574264	13.049017
3.1928685	13.769307
1.5450648	11.995054
1.5115652	11.701875
1.5168269	11.61777
1.5072612	11.6552105
1.5495976	11.611893
1.886882	11.606973
2.0382504	11.4745
5.0873246	8.628132
5.184676	8.595029
5.389133	8.550549
3.6797924	14.086848
3.3346884	14.196557
3.522707	14.196084
7.783124	8.550008
7.821545	8.518742
7.7339306	8.594975
7.80572	8.875566
7.838713	8.861937
7.5197086	9.324249
7.0906677	11.415205
6.5278387	12.203435
8.802808	8.627213
8.213164	8.504845
3.281711	11.277063
5.977161	10.707948
7.115042	10.17342
9.777232	7.070182
10.198863	4.478935
6.427755	9.950065
3.7859683	13.103431
2.1185262	11.511104
5.0484104	8.655513
5.115423	8.624256
5.218905	8.585695
5.348665	8.536534
5.422983	8.465658
5.6899457	1.3497869
5.618491	1.191544
4.102486	13.591073
3.7096636	14.362906
8.029725	8.544238
8.022387	8.368749
7.9206815	8.429384
7.8617263	8.459228
7.7892647	8.814285
7.894116	9.07686
7.856108	9.181737
7.496107	9.429
6.836474	10.167301
6.4461155	12.052457
6.012558	11.664593
6.2931294	10.729958
8.674712	8.883795
7.842755	10.050828
3.6662798	11.549453
2.879011	11.4614315
5.1098166	10.993034
7.331232	9.965366
8.455955	8.420129
9.257663	6.1487007
10.303829	4.870414
10.302617	4.293466
10.073267	4.645487
7.222623	7.9257607
3.8486273	13.088284
4.984866	8.709421
5.2668586	8.581471
5.388492	8.516977
5.4344454	8.455619
5.6905103	1.3703396
5.8641005	1.3366606
4.144701	13.743532
4.499528	14.293445
4.305638	14.174403
3.9270356	14.093625
7.952846	8.401719
7.927685	8.50132
7.8404064	9.537811
7.8772273	9.331348
7.0981317	9.797098
6.4412556	11.95808
6.461073	11.992398
5.527643	10.826672
6.8584566	8.533965
6.8983374	8.776602
8.436539	7.9767823
9.282598	5.9060283
10.210236	4.6812906
11.645961	3.3914318
10.092877	4.6338634
7.258241	7.8935437
5.3935275	8.6084175
5.4630446	8.511928
5.6522956	1.3409317
5.7473593	1.3094741
5.8483076	1.3336134
6.016378	1.3692309
4.3912835	13.933359
7.974023	8.407346
8.034902	8.381057
7.9741707	8.413511
7.4939895	9.696697
7.5515127	9.750847
7.7160845	9.643666
7.548316	9.427593
6.28657	11.889163
6.2016907	12.395724
5.6960344	13.192012
5.410971	12.634075
5.6683083	12.015609
5.867894	11.689408
3.005122	11.58209
8.423496	7.774144
8.4771805	8.029964
7.2834997	7.8575587
6.348302	9.88041
6.202464	8.711392
5.5831084	8.516942
5.7889833	1.1520633
6.070004	1.156266
6.2945514	1.2247133
8.0323305	8.452823
7.996941	8.412801
7.531516	9.578225
7.4632354	9.808833
7.491839	9.891142
7.563222	9.83468
6.7780085	10.875837
6.4544406	11.572086
6.8576365	11.871384
6.4942403	12.102647
6.1265683	12.3292465
5.471393	13.266364
5.7481613	12.940851
4.2408834	13.095533
4.99996	13.406577
8.903622	8.314983
8.854543	7.1165614
7.9875183	7.8506413
8.604257	7.8121753
10.313177	4.879309
12.378391	2.7163572
12.592124	3.1071346
7.279318	7.7982883
5.440972	1.1414334
5.8878407	0.9978652
7.623988	10.038606
7.5043883	10.308101
5.310629	11.792847
5.6704936	11.518419
5.733189	12.039616
5.678538	12.02992
6.6390543	11.757042
6.8551526	11.857375
6.580406	12.275351
5.9633045	13.460383
4.974534	12.957829
5.2637467	13.34898
6.0241413	10.799512
8.857122	8.443768
9.053272	6.7970033
10.684541	4.4303527
12.641612	2.4404457
12.900431	2.2799335
12.804292	2.9697106
11.9190855	3.5269644
5.2590175	11.788579
4.826534	12.265924
5.7198753	12.100553
6.0827703	12.411233
5.4083457	13.414144
5.23036	12.758071
6.385003	11.666284
6.261773	8.795765
6.2588053	8.747076
6.268727	8.830296
6.478447	10.10567
6.0325155	10.76063
9.410211	6.4034157
9.869913	5.4428
10.361318	4.6653256
11.930134	2.9957764
13.118118	2.0358744
13.211309	2.0012734
13.234229	2.0415785
12.377283	3.6472232
7.595707	0.88439626
4.8935575	12.217007
4.758732	12.460463
4.6671267	13.052575
4.67712	13.431795
4.457524	13.755406
4.456988	13.997212
4.972191	13.490714
5.6607995	13.078618
5.5101094	13.298681
5.4944344	12.690872
6.7177773	8.640209
6.400485	7.9813256
6.3672023	7.9083357
6.4693	7.9251056
6.634506	8.082424
7.0410323	8.3539295
6.144844	10.574644
10.273318	5.101669
11.543939	3.3618264
12.434085	2.6371424
13.187477	2.2364714
13.258988	2.1651947
13.258709	2.175205
7.5646534	0.88518894
7.2853775	0.7708212
4.6953473	12.726068
4.6483693	13.104988
4.454423	14.036172
4.488587	14.183248
4.4326215	14.322915
4.4874187	14.269371
4.593537	14.374018
4.874995	14.193909
5.677114	13.261861
6.179772	12.620632
6.046903	13.270126
6.0959263	10.788638
8.500435	8.289859
8.247327	7.758258
7.5685663	9.199343
8.58643	7.919245
9.473333	5.9632096
10.493829	4.804319
12.109281	2.9973912
12.832343	2.4628701
13.083961	2.3443623
13.078238	2.2245798
4.3060985	14.306752
4.3158	14.328016
4.347357	14.332912
4.115177	14.252794
4.167544	14.234317
4.443321	14.117177
5.555736	12.592069
11.133777	5.855501
7.300933	9.117596
8.567764	7.9925885
9.478048	5.8821397
10.859135	4.458921
12.718794	2.4728785
12.815331	2.3788078
4.10234	14.238287
4.159605	14.262912
4.310841	14.100442
4.3149676	14.03064
4.85878	13.888382
6.1907687	12.258389
6.6045885	11.525644
6.3090796	8.835972
6.271854	8.559203
8.491817	7.9799924
9.216541	6.746471
8.270469	8.601553
7.9074287	8.920152
7.592912	9.040208
9.454842	5.9283032
10.690544	4.6159673
7.6128697	0.8574502
3.774887	14.142437
3.7779305	14.148948
4.0479946	14.261183
4.175311	14.254316
4.304049	14.293515
4.547739	14.3908
5.079541	14.411709
6.149479	8.582798
6.172827	8.514241
6.2315984	8.398875
6.370787	7.8899665
6.381896	7.7563176
6.5123844	7.582209
7.832608	7.7768846
6.8150277	9.682749
6.752234	10.304357
7.38526	10.180935
8.610183	8.022155
11.49527	3.7911325
7.523467	0.8232437
3.7613442	14.38218
4.2431283	14.399855
4.985647	14.430436
5.2531366	14.403709
6.1153526	8.595415
6.1636257	8.479882
6.1788793	8.364322
6.242308	8.13876
6.2937374	7.9894304
6.39448	7.7868733
6.449359	7.703005
6.533443	7.5731406
5.156884	10.340466
5.3115153	10.708435
5.7133675	10.756688
5.855496	10.666649
7.0429564	9.713372
8.631678	8.052768
10.2864065	4.9140487
10.736278	3.5978503
4.722567	0.10397552
6.077692	8.5818615
6.16707	8.47098
6.462238	7.663944
6.584607	7.4998336
10.939477	4.1039286
11.426147	3.9092398
12.124507	3.0408027
12.893633	3.9405966
11.224936	5.510254
6.6611075	9.70409
4.9908857	11.0189
5.2711744	10.9733715
6.170304	10.693209
8.808748	8.05128
10.38807	4.7005625
7.434248	0.8273842
7.15992	0.66759586
5.1219816	-0.017404027
5.1775813	0.09820524
4.5255833	11.164146
6.3269467	7.937916
6.3765316	7.900807
6.4064984	7.7833076
9.654109	4.970243
11.087631	3.7900264
11.185159	3.8289685
11.763803	4.2697105
11.854719	4.251935
11.592021	4.633726
11.541973	4.672443
12.362597	4.477578
11.03388	5.587147
7.0035996	9.7753
4.877178	11.423529
5.398362	11.124804
5.725334	10.366293
6.184777	8.909468
9.203807	6.1690073
10.307822	4.657108
-1.9914775	5.153626
4.903725	-0.19386593
5.503969	-0.14492211
5.8130317	-0.06240713
5.851194	0.021137388
4.5543103	11.135629
4.271834	11.213132
2.9988816	11.052894
2.7343123	11.158167
9.538337	5.2434363
9.671282	5.209975
11.692937	3.701595
12.2354145	3.7515857
12.081089	3.6005256
11.945044	3.6107712
11.785725	4.2364454
10.95306	5.5878997
11.07052	5.588301
11.806755	4.328218
10.644002	5.7418003
8.752593	7.093057
6.5225496	9.975786
6.8106	11.895525
6.2402973	8.056354
6.839586	0.1227971
-1.653819	5.987339
-2.1097953	6.013443
-2.305511	6.0112033
-2.377946	5.9830475
-2.3983693	5.7456193
-2.1285043	5.324126
-1.9910862	5.1039615
4.091439	-0.15238234
4.9661837	-0.2541119
6.205148	-0.09101963
6.233887	-0.015507523
2.324973	10.617212
2.225981	10.720918
2.1851776	10.790208
2.153598	11.079089
2.1746836	11.251304
11.172159	4.7156024
10.7166	4.9384303
11.640202	4.4050603
11.799606	4.4255733
11.99437	4.1411805
11.527909	4.2699122
10.247249	5.7784853
10.125856	6.313193
11.249422	4.6795683
10.218465	5.7149935
7.1427135	8.253065
6.301564	8.802526
8.343051	8.139862
9.194933	5.986732
6.352599	1.1932453
-0.6771919	7.340987
-3.3075886	6.960751
-3.381882	6.590699
-2.411059	5.6849036
-2.0753074	5.254465
3.6803036	-0.06059247
6.0070195	-0.38909698
6.30987	-0.065699846
6.2722163	0.024047958
6.2361193	0.07079333
2.1950135	10.474705
2.012136	10.588002
1.9544878	11.314338
1.9519578	11.348135
11.030737	5.3086944
11.122086	5.4758487
11.034199	5.5062428
11.104116	5.066759
11.899501	4.242637
11.277071	3.778849
10.579256	3.911533
10.145477	5.4252133
9.721422	6.1438694
10.360183	5.292137
11.11388	5.3870773
10.453715	5.8293443
9.2153	5.987124
10.29743	4.9251375
7.476382	1.1328944
7.304761	0.8570116
-0.87908083	7.4338784
-3.360324	6.716885
-3.4372296	6.5479403
-3.3887467	6.439999
-3.167817	6.356713
-2.2690566	5.49329
-2.008492	5.139338
-1.8891658	4.9730997
3.8326805	-0.3234796
4.155989	-0.56378317
6.259438	0.0828331
5.8645415	0.6214622
3.7891178	10.637027
2.8174489	10.879725
2.2144842	11.095775
2.1382618	11.233601
1.9564316	11.355802
10.72885	5.536213
10.87882	5.645337
10.559383	5.94111
10.331162	5.9093785
10.262981	5.239487
10.838149	4.5299153
11.565276	4.115635
11.760656	3.7623262
12.124775	3.0199864
12.38741	2.718358
12.273934	2.4654405
10.712787	3.8361642
10.11076	5.5174394
10.318716	5.4022655
10.618558	5.3251653
10.300055	4.99218
7.294965	1.0315886
-0.95624244	7.34598
-3.3591573	6.327485
-3.3625047	6.4512806
-2.4272845	5.685389
-2.1265213	5.274349
-1.980007	5.0882087
3.8358986	-0.18259898
6.2346563	0.039332427
5.9053164	0.4505434
6.2322807	9.486292
3.640856	10.731206
2.4497473	11.1545515
2.3004181	11.2686615
2.1786447	11.317968
10.403654	5.662451
10.163676	6.0565963
9.950734	6.325101
13.1559925	2.6217458
13.508855	3.034184
12.354057	4.359897
10.61444	5.501032
10.575459	5.776921
10.569835	4.85693
10.459154	4.394106
7.287862	1.0364298
-0.7886749	7.322158
-3.2296746	7.027565
-3.4126444	6.5452414
-3.3388143	6.57493
-3.3418207	6.556271
-3.0258286	6.557925
-2.7654622	6.108793
-2.3230686	5.6126003
3.0061154	0.6858402
6.2699013	0.10171634
6.5441	9.310789
4.139204	10.766109
3.7220824	10.894686
3.206927	11.149424
2.930361	11.222865
10.517723	5.7645454
9.52134	6.6493793
11.697387	3.519596
12.684565	3.5504627
12.339432	5.13153
11.681352	5.2604446
10.959815	5.5202785
10.40434	5.7524524
10.197303	6.0692477
10.02186	5.4289484
10.537372	4.82369
10.698307	4.362509
7.373886	1.0956985
-3.3188512	6.861756
-2.3741138	7.087897
-1.3323685	7.5934033
-1.0330796	7.746858
1.287708	8.759976
3.0261528	0.6685696
1.755531	7.9507513
1.7671837	7.9468417
1.8779389	7.8300457
6.2688956	9.050158
6.1981263	8.855916
6.282954	9.696032
3.849693	10.839265
4.40713	10.912004
10.396434	5.806275
9.3945265	6.895201
9.861216	6.2579513
10.738439	4.843266
11.748208	5.1640377
11.387341	5.2685375
10.629542	5.621839
10.4227085	5.72334
10.182011	5.72833
10.0084915	5.4281273
10.333092	4.987198
7.4565377	1.184386
7.2094502	0.9885357
-0.4419223	7.5375075
-0.83861643	7.5071115
-1.1114206	7.577202
-0.6593053	7.835795
0.42757976	8.210716
1.7176502	9.250929
1.6807635	8.67828
1.9429393	7.766329
8.263712	7.793288
6.460842	9.86208
9.813031	6.0516677
9.826074	5.622461
9.681855	5.9317627
9.216432	6.6911187
9.406646	6.554516
10.420815	5.2352767
11.34666	4.432709
11.626264	4.443654
11.344876	4.272388
10.362046	5.098366
10.417605	5.325
10.206235	5.4165683
10.271781	5.15139
10.255101	5.3242154
10.68895	4.6755285
10.743038	4.2551823
7.3585825	1.0776058
-0.3315765	7.659636
-0.34713483	7.8228245
1.2754408	8.434148
1.5232356	8.903005
1.772947	9.378092
1.7779392	9.396236
1.7436341	9.187311
1.6345043	8.674867
1.6098044	8.219933
1.8073087	7.9911156
1.9731729	7.7189546
2.0697474	7.6544523
9.938406	6.228238
10.364353	5.277204
11.066799	4.438152
12.015062	3.376335
10.653347	4.933565
10.443606	5.6637883
10.382744	5.1997523
10.576052	4.364167
7.3253636	1.0623282
3.338153	1.2517011
1.5787818	8.262977
1.5498412	8.293272
1.5311502	8.508418
1.567071	8.965324
1.684882	9.20346
1.8049347	9.516316
1.8671206	9.730849
1.7317132	9.225264
1.6407603	8.69123
1.5834543	8.322769
1.5706217	8.249042
2.0277984	7.672957
8.20636	7.550359
8.067723	7.904729
7.6705	8.159581
9.568696	6.839998
9.722116	6.7708807
9.887862	5.4107475
10.317732	4.739073
12.732849	2.978822
11.224536	5.006713
10.607019	5.5956836
10.47807	4.831164
7.1329565	0.92148364
5.6929216	0.584417
3.2756045	1.3569962
1.5211115	8.310058
1.5138726	8.389382
1.5711687	8.855064
1.8233867	9.60628
1.7282664	9.061188
1.6421247	8.612827
1.5743243	8.303012
1.5950996	8.241647
1.9605799	7.7389936
2.0645502	7.6464386
8.400213	7.5529556
8.327819	7.615486
9.119466	6.9255857
9.240841	6.977833
10.53164	4.4134297
12.8537655	2.9150794
12.928635	4.1184583
11.874824	5.4850025
11.224822	5.5079393
11.053191	5.590964
10.406839	5.8318515
10.244684	5.329265
10.717936	4.5888963
11.029426	4.0769
10.590093	4.2859397
7.3377895	1.0653257
6.89758	0.81503266
3.1278067	1.3154743
1.8751162	9.927228
1.9141264	9.982275
1.7556418	9.215511
1.694911	8.695443
1.5899138	8.299269
1.6957449	8.059348
9.174596	6.6136293
9.198643	6.686868
9.236541	6.466887
9.878435	5.358634
12.018118	2.9101083
13.047246	2.7947936
12.844919	4.0087466
11.591638	5.524376
10.958315	6.217485
10.195918	6.0186644
10.3476715	5.81592
10.17093	5.316127
10.465232	4.7841053
11.059183	4.04642
11.435712	3.7982976
5.9149876	0.6533779
2.1829154	1.9036824
1.6830364	8.73838
1.6010484	8.312436
1.7318809	8.011504
1.9163326	7.7759876
2.0194058	7.668902
8.351454	7.3631854
9.787821	5.3481164
10.119886	4.9178667
12.068138	2.8718674
13.448813	2.4253645
13.49807	2.8782737
12.371773	4.495105
9.376126	6.6074953
9.652014	6.410387
10.0506115	5.3886566
10.353922	4.881538
10.899816	4.051951
11.562278	3.5379124
11.702804	3.207239
2.2822993	1.7784147
1.9964652	1.8455577
1.260773	1.695876
1.6712486	8.668635
1.9573778	7.7233496
2.0211215	7.6628895
8.433344	7.276733
8.568733	7.1815248
10.312171	5.4893174
11.554023	3.2611334
12.156379	2.8462296
13.195659	2.5884504
13.586133	2.7237048
13.043922	3.8304996
9.449055	6.87858
9.742566	6.6539187
9.988249	5.6535788
10.699885	4.6356783
11.695733	3.455604
11.851174	3.0966885
2.4168327	1.6256754
1.9548317	1.6140022
1.7548972	1.5945752
1.7379689	8.0173
1.8615555	7.8353763
1.9498276	7.708139
3.7378457	1.0092932
3.7102342	0.920833
3.7469165	0.7985711
9.869322	4.94627
9.845343	4.857274
9.553319	6.5358377
8.848784	7.1475067
8.876762	7.2025285
8.705783	7.394298
8.539044	7.644212
7.898716	8.724629
7.8446894	8.9754505
7.5416102	10.205238
6.220866	11.4477415
6.215811	11.468048
6.243823	11.517904
6.2312603	11.486094
9.645242	5.823936
11.729483	3.8749466
12.155223	3.6947591
12.349611	3.7359412
11.888307	4.3062167
11.38434	4.4317756
12.815174	3.2498527
12.667644	2.686561
12.575309	2.8022084
12.0717745	3.365914
11.5328045	3.8446138
11.165048	5.2589493
10.608491	5.842655
5.9547195	8.931968
8.896004	9.017511
6.5264635	11.155107
4.6524463	11.2586
1.6948162	11.421886
13.423266	1.9326289
9.910224	5.1341395
9.561514	6.6159873
8.655809	7.8228188
8.654653	7.889549
8.530485	8.037147
7.9368153	9.01589
7.2026267	9.913087
7.0890536	10.497445
-1.2257518	5.9853773
10.447163	4.545818
11.744818	4.403129
12.170485	4.1883287
11.351299	4.527616
11.034288	4.4968104
12.576195	3.8438866
11.909558	3.9787562
11.224284	3.950407
10.584496	5.688489
10.38148	5.955579
9.669449	6.393165
6.697449	8.3947935
6.887328	8.106609
9.066045	6.1703587
9.461275	6.030778
6.885379	10.618248
6.5907297	11.749468
12.995452	2.1946952
9.998984	5.030508
9.98949	5.157044
8.006542	8.345903
7.8153453	9.20457
7.7972245	9.241586
7.628415	9.341298
6.8617973	10.505892
6.988157	11.646141
4.790537	11.201728
4.607735	10.891689
-1.2006814	6.017239
-1.9623724	6.0016246
11.198273	4.7925043
11.500973	4.4839287
10.343558	6.0722404
10.106913	6.0622296
9.63227	6.426987
8.973197	6.6575513
9.76786	5.462392
6.9745517	10.97964
6.6302786	11.72928
13.326882	1.871238
9.871288	5.1453204
9.991782	5.3705363
9.742572	6.254392
9.11212	6.9714985
7.5433	8.654788
7.381091	9.23957
4.5854692	10.760901
-1.4989641	5.975584
-1.660683	5.985386
-3.0628011	6.0229926
9.821198	4.0192947
12.082503	3.1909904
12.824351	2.819972
12.704844	3.6294415
12.438749	3.6824563
11.919752	3.9412751
11.23957	3.8640864
12.267201	3.8873456
10.98575	4.1791677
10.143793	5.564645
9.901346	6.0039825
10.072953	5.603108
9.951881	5.8106694
9.930749	5.934509
10.321504	4.9435167
10.700771	5.362638
6.680062	12.004951
9.887801	5.6672673
8.09901	8.01057
7.8614616	8.627318
-1.8239896	6.0030303
-2.4760778	6.0337887
-4.167154	5.7391944
-2.5038674	5.7446504
10.132971	4.288555
12.215387	4.083834
12.555933	3.7106073
12.234905	3.44803
12.182121	3.1029503
11.826544	3.8609648
10.914419	4.1389947
11.070998	3.8625767
10.745971	3.911667
10.127415	4.843271
10.209852	5.0811954
10.890281	4.5938983
8.546603	7.3228326
7.171	9.529891
6.7239475	12.268333
10.008435	5.3212357
7.969008	8.445243
-1.2898046	5.9450502
-1.4503286	5.9429793
-2.333179	6.042686
-2.8204992	5.9268355
-4.492653	5.6658163
-4.437057	5.6819277
-2.4109921	5.656201
11.692637	3.7911618
12.420589	3.3285122
11.971609	4.136657
12.415363	3.2804308
12.488776	3.5442822
12.413204	3.3984704
11.668888	4.2324986
11.133855	3.8447275
12.556399	3.4608765
9.597002	8.176219
9.202033	8.840406
7.8705897	10.047004
7.0499387	10.315802
5.59	13.852897
13.330114	2.5811408
12.234003	4.2687182
9.441628	6.4721794
9.159254	6.8852043
9.062784	6.950319
7.7433147	7.825019
-1.5249859	5.9497094
-4.9535785	5.6686516
-4.8752475	5.6578255
11.91184	3.8723195
12.088159	3.9113157
11.721651	3.6319518
12.583756	3.6502411
12.289546	4.0194173
12.384444	2.76154
12.109763	4.156079
11.957782	3.8045518
11.188876	5.6058745
6.674996	10.941071
6.994507	10.341604
7.253716	10.07024
7.060476	10.590015
6.7948365	11.253228
6.7288594	12.380576
13.270436	2.6931183
9.738908	6.1555395
7.6456685	7.595613
-1.3288778	5.9362407
-3.4093661	7.0882554
-4.9084945	6.1851926
-5.1446643	5.913152
-4.829996	5.853496
-4.4942718	5.92889
-4.149777	6.161327
-4.0999455	6.128493
-1.72739	5.1668754
12.424468	3.6575615
12.265807	3.2962399
12.019858	3.8419228
11.362076	4.3318195
11.696202	3.8862977
12.244724	3.953606
12.372926	3.8506508
12.149236	4.2181478
11.123149	4.5972724
12.455088	2.6858652
11.74454	4.08859
11.464977	5.673479
9.250569	8.828794
7.9269857	10.0873
6.483125	11.648797
6.807055	11.168605
13.413933	1.5836506
13.205735	2.3677773
10.617527	3.9173841
9.757498	6.1984963
7.5857744	7.49891
-1.9100142	6.0136323
-3.5134265	6.0267124
-4.330541	5.8979354
-3.7290838	6.258683
-3.145451	6.1525545
-2.4423428	5.655874
10.895697	4.7982197
11.36949	4.25516
11.460309	4.0053506
12.137594	3.2643092
12.394784	2.9524581
12.732663	3.6734629
11.478513	3.9233217
11.647559	3.995769
11.624545	3.6742902
12.206211	3.0141435
12.916572	2.5415196
12.525303	4.4239364
10.136438	7.185158
4.899871	11.938307
5.4638495	11.980759
6.441464	10.953533
7.3859177	10.0424185
5.686645	11.449664
13.085393	2.2696986
12.704667	2.4572046
7.5014	7.475412
-1.9818803	6.014212
-2.2767346	6.0489063
-4.396735	5.695399
-4.483083	5.6342535
-3.970048	6.995929
-4.899684	5.9905243
-4.6485076	5.9630923
-3.849568	6.107963
-3.6229556	6.33535
-3.5701928	6.4228587
11.0025625	4.8275266
11.250545	4.064752
12.804479	3.069746
11.70908	3.7185662
11.62241	3.2984965
13.4304285	3.1714113
9.654165	8.338423
9.370002	8.6761055
9.381853	8.7758665
4.8527827	11.992348
6.8107505	12.120103
6.66571	12.197316
5.2752585	12.359802
13.509256	2.8141775
-4.476141	5.7876105
-4.680206	5.710371
-4.4290886	5.7628717
-1.749751	5.126077
11.052474	4.732567
11.916388	3.9885585
12.919949	3.1919734
12.931998	3.3334355
12.127593	3.1490076
11.157804	3.831877
11.550059	3.6236303
11.77465	3.4313488
12.337842	2.9583707
12.320513	5.3089724
4.8302503	11.997011
6.302712	13.180529
4.5967345	13.442719
4.9603796	13.77374
5.726147	13.068898
4.3701744	13.616152
13.199305	3.019197
12.977634	3.0536048
-4.3764305	5.717892
-4.8101206	5.620537
-4.886885	5.6379113
-4.38171	5.7153497
-4.2564597	5.8698564
-4.249102	6.8656106
-4.9063845	5.719684
-3.5031502	6.372388
-3.5155673	6.4422073
-3.4946756	6.4173627
-3.38436	6.3865137
-2.2782855	5.518349
-1.8478427	5.214607
12.129753	3.8168275
12.222285	4.0495625
12.427608	3.631398
12.828729	2.7736533
12.399204	3.4089935
12.322699	3.4416895
12.2093315	3.3514528
12.916219	2.5092032
9.752453	8.260035
4.433182	12.344447
3.105079	13.343963
3.0552313	13.336045
3.7780402	14.051215
6.185091	11.163812
6.1226063	11.614961
6.4101253	13.089894
13.370091	2.3380368
13.242165	2.7969332
12.25724	3.139849
12.81118	3.125119
12.668	3.9669
10.823638	5.767565
0.2758587	7.332323
-3.9584832	7.0299025
-4.991496	5.69869
-5.0158815	5.717808
-5.0852137	5.840229
-4.4924493	5.741608
-3.8849123	7.0643144
-4.837565	6.0072613
-4.648303	5.9925294
-4.3461957	5.9921446
-3.9818482	6.097615
-3.5267158	6.4817123
-3.4792998	6.743262
11.703075	4.0620494
12.891749	2.574835
13.17248	2.5775816
13.317433	2.5630054
2.7665472	13.136259
5.5982404	12.051954
6.281572	9.086878
5.83577	11.276195
5.2896085	12.127475
4.5385666	13.69424
4.2558937	14.035167
12.882981	2.7405953
12.468831	2.699725
12.823126	2.5414574
12.917242	3.0335674
10.950059	5.611876
0.12202391	7.306464
-3.998504	7.013193
-5.116977	5.89274
-5.103762	5.897912
-4.4284115	5.815124
-3.8917112	7.070537
-3.1680524	6.9053764
-3.4700859	6.760386
-2.4660742	5.7091618
-2.0206985	5.252044
-1.7487909	5.1538534
11.545369	4.09124
12.277367	3.2171135
13.045651	2.9886053
12.442759	3.5248258
12.838695	4.159099
1.921051	12.870423
1.7727208	12.837384
1.7237356	12.797487
1.7281468	12.791798
1.7599441	12.705177
1.7269303	12.63753
2.7639616	13.075653
3.5368724	13.834851
4.513341	13.764983
5.0669537	13.435883
6.6338696	10.942793
5.6144633	11.480082
4.3321276	13.925532
4.451107	13.975684
13.013023	2.2829797
13.442132	2.565907
13.539425	2.9769857
12.889184	4.0630307
0.42541072	7.3900814
-4.8718686	6.001318
-3.1268432	6.2322297
-3.3840067	7.102246
-3.8729184	7.0415583
-4.334016	5.8830285
-3.4601357	6.488464
-2.9180856	6.915367
-2.869607	6.894487
-2.8147752	6.9191313
-3.0589163	6.9438415
-2.4219544	5.6336956
-1.9647846	5.235694
-1.760948	5.130659
12.003567	3.3576846
12.505266	2.9515321
13.010212	2.6772218
13.055921	2.5895755
13.394223	2.6305726
9.236351	8.819213
1.744986	12.7990675
2.7420695	13.068764
5.5492516	11.896694
4.76669	12.310961
3.4006693	13.917189
3.394073	13.905469
4.481284	13.929957
4.877827	13.821493
13.695888	2.3045704
13.548512	2.4128406
-4.9262486	5.970809
-4.742726	5.9451046
-4.2680254	5.8753877
-4.251873	5.9224663
-3.4025202	7.1005282
-2.8185194	6.93939
-2.8178504	6.970098
-2.4612708	7.0763445
1.99299	7.69801
11.290934	4.444355
12.342678	3.1396894
13.104401	2.5618782
13.285025	2.478559
13.402039	2.4579995
13.309368	2.9253335
4.8713713	12.14788
2.5999084	13.071686
1.6866745	12.666688
1.7356093	12.611926
1.6784486	12.562714
3.1142673	13.387771
4.6897407	13.128017
3.7777503	11.391911
2.1838636	10.972064
2.1105576	11.498764
5.46017	14.007699
12.370759	5.2441525
12.210152	5.414332
11.772019	5.7477903
11.294185	6.0784297
10.86222	6.32223
9.193941	7.0561786
-4.7193956	5.763088
-4.726115	5.746928
-2.968391	6.5686703
-3.0386045	6.9160066
-3.4686072	6.223226
10.831884	4.796247
12.164922	3.1516232
13.645132	2.3253133
11.406306	6.0098867
9.702179	8.008809
4.9580936	13.3880205
3.193002	13.325685
3.009821	13.232399
1.8416971	12.690276
1.8345591	11.913847
1.7563448	12.194859
1.700486	12.592707
1.7607856	12.234207
1.6865053	12.60151
1.9930891	12.679542
-1.6206212	7.898673
2.666013	12.218049
4.5306997	11.169472
11.468674	5.9885974
9.261718	7.011962
9.045723	6.9802275
8.26778	7.722994
8.066779	8.057384
8.135513	8.902152
7.669345	7.937619
-4.0623565	6.9528136
-4.751217	5.6722803
-4.6123266	5.672865
-3.7500079	6.327281
-3.5846438	6.399537
-3.3822045	6.4052033
-3.9125412	6.087039
-2.447708	7.1196775
-0.16778864	8.146256
13.363166	2.5196164
13.594025	2.7522945
12.692065	4.650064
9.38023	8.486805
3.258439	13.859964
1.8687283	12.791082
1.8844421	12.508414
2.197914	12.0959215
1.6915559	12.490034
1.6218704	12.273816
1.7585065	12.160492
1.697673	12.594569
-1.6757466	7.8854055
-1.5969965	8.196287
1.9613228	11.762299
3.8759964	11.148522
10.903781	6.283255
8.200888	7.864532
-3.9315834	6.294871
-3.3934288	7.096893
-0.5215425	7.9649873
-0.016242908	8.210399
0.32500252	8.430123
4.4204717	12.996244
5.21003	13.371202
6.324264	10.726461
8.939189	8.474
11.60506	5.776491
9.454011	8.207513
9.115237	8.898043
6.65633	10.978779
6.7325115	11.123435
5.392979	12.902184
2.5992136	11.13945
1.8265626	11.912013
1.7431351	12.182989
1.6984159	12.312542
1.8170463	11.190437
1.6442345	9.661475
-2.166076	7.8389535
-3.4013739	6.0788455
9.173457	6.9669642
9.449344	6.581623
9.059946	6.8316236
-4.16387	6.1385694
-4.0667706	6.225129
-3.606996	6.3652835
-3.533457	6.337915
0.32053515	8.426589
11.136718	6.146449
9.625106	6.7181625
9.583073	6.850614
9.113075	7.7721734
6.567391	11.132465
6.5352097	11.526329
6.776175	11.495173
3.2411788	10.957828
2.8591518	10.946576
2.6832697	11.016789
1.561248	12.030521
1.4792879	11.728556
1.7301303	11.200289
-4.3637886	6.70753
-4.4583235	5.7297916
-3.2877707	6.0921555
9.1818	6.840871
9.566462	6.549432
9.041359	6.9189124
8.868034	7.088825
9.078076	6.993174
0.016972829	7.3459115
-3.3122013	6.846038
-3.5065925	6.4521704
-3.4835482	6.355389
-3.621602	6.3120933
-3.630182	6.326697
4.3177724	13.200852
3.6661267	14.12472
3.7920232	14.198657
6.271977	11.848223
6.0421085	11.616426
6.2965345	10.817307
8.788911	8.618879
9.324084	7.0970955
9.407557	7.066214
7.2939196	9.571212
3.689762	10.731716
2.7537417	10.852729
2.7249436	10.897119
2.0493636	11.395086
1.7828974	12.111213
1.7126844	12.243663
1.6313275	12.29734
1.5109066	11.6852865
-4.0580573	6.988598
-4.5671883	5.7364416
9.390363	6.484657
9.477901	6.457859
9.142226	7.032307
9.02241	6.618572
9.920252	5.215913
10.026166	5.042815
10.226373	4.7399783
-0.83466107	7.8376427
-0.30537757	8.069653
4.965677	14.254773
6.360719	11.951893
6.3981233	11.885638
8.820687	8.046583
7.5057554	9.8193035
7.198264	9.696886
6.999021	9.752932
2.73241	10.948602
2.5983467	10.966804
2.0565474	11.384282
1.7979593	12.032608
1.5736961	11.555699
1.8319714	11.541356
-4.2916875	6.11624
-4.596433	5.863525
9.77089	6.2168717
12.039537	2.5745742
-0.56613946	7.8562517
-1.0411242	7.4393063
-1.0624101	7.7028174
-0.21692552	8.1172085
0.42149138	8.559337
3.6130877	14.000214
3.5696158	14.148054
3.7235732	14.417113
3.7846425	14.379536
5.7735987	12.279575
5.866337	12.06751
5.7649302	12.162281
8.556044	8.859564
7.755854	9.33606
6.9882817	10.186656
7.5195446	9.908622
7.3606887	10.083557
5.630074	10.187997
1.9817377	11.448186
1.8208034	11.861182
-3.6020653	6.4723477
-3.8905094	6.323737
-3.062245	6.8792653
-2.273142	7.5711803
13.727634	2.3008256
11.014579	3.9769933
11.347966	3.7213283
12.2023115	3.26008
0.06686968	7.3332276
-0.032706276	8.029173
-0.22521338	8.099302
0.4265775	8.568956
3.5944824	14.349944
3.6849666	14.423269
3.6159623	14.2091255
4.99988	13.492438
5.223512	13.158556
8.463091	8.951571
5.13927	10.531184
5.7772126	10.678
5.769471	10.807753
5.7555985	10.576933
5.5698	10.15899
2.4417944	10.521883
2.4581015	10.954986
2.1861353	11.202798
2.0554056	11.330901
-1.7061515	7.880979
-2.928625	7.097865
-2.3986864	7.6763783
-2.3807933	7.682389
-2.2802002	7.552493
13.959697	2.2502942
12.089161	2.5867977
10.936604	3.718287
12.336026	2.9048684
12.881933	2.9858568
13.152938	3.0409095
12.8233595	2.676497
4.664302	14.045535
4.4077024	14.455588
3.6209269	14.367435
3.860564	14.425097
4.1118517	14.489761
4.226329	14.240972
4.338015	14.035745
7.5963287	8.521799
5.163466	10.254586
5.7824607	10.727064
5.681247	10.188604
2.9589727	10.676533
2.6066394	10.920852
-1.666262	7.930387
-2.4008794	7.8592114
-2.3953786	7.769818
-2.4098403	7.7770743
-2.385726	7.7784476
-2.3350499	7.59705
14.03391	2.236358
13.959006	2.2617683
12.6113825	2.957847
13.279336	2.5587373
13.304663	2.5230582
13.192684	2.7276626
13.2347	3.075548
12.274647	4.2205863
10.826625	5.7781014
7.780821	7.8192444
5.8078814	11.201799
5.0260797	11.959782
4.368339	12.943485
4.376346	13.975645
4.64083	14.399241
4.19059	14.375218
4.056618	14.2146435
5.600633	14.116416
8.12461	8.508603
5.2582383	10.147466
5.202382	10.188895
5.1636305	10.366254
5.231774	11.051003
3.1148107	10.764965
2.9991398	11.069249
3.582029	10.612552
1.6469415	8.897091
-2.2441535	7.898508
-2.545208	7.7665186
-2.2743359	7.533168
-2.2868204	7.8665595
-2.368144	7.8194
-2.3873832	7.7476068
13.79483	2.453725
13.927076	2.2774854
13.830149	2.2851486
13.415004	2.5876565
13.607502	2.7098722
9.587819	8.317231
4.331237	13.1449
3.7583451	14.035495
3.698993	14.219232
4.42598	14.325347
5.494662	14.27347
4.9681425	14.365592
5.582073	14.089649
5.64821	14.08768
4.9593897	14.286923
4.15001	14.337683
6.4326477	11.572179
7.59148	8.005157
5.1277957	10.527329
4.9989834	10.726996
5.8060675	10.459371
5.7882752	9.84095
3.6842258	10.769709
4.813742	13.536843
5.5970507	11.28328
-0.9284664	7.3763313
-2.6452873	7.6397085
-2.2662816	7.569419
-2.3168921	7.8502307
-2.328485	7.8122034
-2.353225	7.7472463
13.986036	2.2701488
13.069678	2.8460076
13.46474	2.8526523
9.821232	8.039731
4.8185678	12.102598
4.451122	13.079577
3.841967	14.388387
5.38739	14.079555
5.8579926	13.697298
5.488304	14.1104965
5.5711436	13.759712
6.0407696	13.762589
6.446136	11.627177
8.508123	7.629759
6.1524158	9.541329
5.6229405	9.87317
5.341137	10.109977
5.1373296	10.591074
6.89898	9.363742
6.768269	9.584479
0.078482136	7.366591
-0.9691391	7.391332
-2.5033033	7.8077917
-2.8947449	7.3286576
-2.3959045	7.716899
13.762236	2.2880344
14.050841	2.195166
13.72359	2.5857873
13.283537	2.9891512
13.05474	3.4251983
12.859851	4.049537
12.807008	3.987605
11.29394	5.997124
3.6947734	14.020541
4.0597763	14.464798
4.3696356	14.538009
5.5968843	13.768688
5.625844	13.563276
5.6290526	13.334796
5.6343927	13.347407
5.6006856	13.552701
5.3335166	12.795536
6.5773597	11.581602
7.3808246	9.548597
7.5973167	8.211092
6.1387305	8.853898
6.1796417	8.813136
6.1113787	13.13137
5.7321434	11.040314
-2.6531308	7.6866403
-2.7309077	7.078209
-2.5656805	7.735088
-2.446916	7.780877
-0.69215435	7.915658
13.444177	2.4783053
13.872718	2.2129748
14.055622	2.2021506
12.888869	3.9205797
11.704583	4.59641
11.690564	4.757498
9.327771	6.8568974
4.7100916	14.440621
4.7637434	14.392248
5.532878	13.397992
5.66383	13.589977
5.5287075	13.571017
5.412919	13.646747
4.739422	13.5707445
4.726465	13.247258
4.845227	13.29893
5.940088	13.001591
6.6844044	11.203977
7.2171397	9.785414
8.108737	8.354482
8.124926	7.957182
6.5954046	8.533337
6.349325	9.220979
-2.51273	7.789246
-2.9220657	7.295793
-2.8108587	7.1167083
-1.2040986	7.751816
13.980348	2.1855972
14.056737	2.193966
13.525629	2.666786
12.908635	3.7938626
11.485605	5.057583
7.8383675	8.011768
4.369693	13.387927
4.9487753	14.26378
5.773772	13.750847
5.5591116	13.570958
4.4332876	14.005723
5.005773	13.472637
5.9268765	13.360829
6.4272547	12.134593
6.496843	11.796194
6.57191	11.278599
8.40697	8.681136
8.538116	7.0862556
6.3389263	12.455798
-2.440858	7.826136
-2.859223	7.3949523
-2.7444067	7.067532
0.04874695	8.138831
13.118558	3.7637305
10.985854	5.39079
11.307606	3.790425
11.658169	3.5478642
5.891267	13.596464
5.798898	13.467537
5.569341	13.544691
4.8982997	14.108392
4.935425	14.389795
4.895346	14.383346
4.2898297	13.9995985
6.9082036	10.685612
6.825342	11.798406
6.2471633	10.876721
0.07724789	7.366572
-2.593632	7.6277194
-2.8563356	7.416142
6.2357693	11.70922
13.886903	2.2368107
13.723222	2.5476327
13.381108	2.8483007
12.817548	3.6154115
12.262088	3.8379426
11.251829	3.9984615
12.523932	3.4296591
7.925198	10.058883
5.4677987	13.624258
5.5278106	14.226849
4.172584	14.235873
4.3201447	14.3382225
4.461044	14.129281
5.8153963	12.043939
-0.5450328	7.3515944
-2.4196289	7.824881
-2.4189537	7.7630687
-2.326217	7.368464
12.937347	2.3577683
11.172789	4.0827403
5.677013	13.972117
5.8663974	13.483619
5.599336	13.723744
5.763884	13.90946
5.8892865	13.699999
4.4350524	14.346854
4.840518	14.038419
6.2123423	12.362055
6.784537	10.585396
7.1757803	9.623417
0.41514435	7.5094376
0.00961414	7.351019
-0.67584246	7.892411
9.772093	8.214276
13.108665	2.2641566
12.21845	4.380534
6.1677213	12.949879
5.289857	13.589235
5.821158	13.518713
4.381703	14.0987015
4.47095	13.865959
4.9222445	13.727035
6.0911403	13.44848
6.4119573	12.739191
6.4905877	12.462041
6.921686	9.931788
7.2483644	9.628313
7.124411	9.346209
0.17036512	8.097408
9.005345	8.388977
13.10829	2.3507109
11.681731	4.3656874
11.572681	4.9218273
11.473831	5.7580905
10.581032	6.3987284
9.149432	7.6527205
6.840726	11.394367
5.3963904	13.52072
5.444531	13.618994
5.6152554	13.960511
6.1126227	13.368234
6.2986226	13.032105
6.3789015	12.854143
5.701411	13.398638
5.378665	13.934788
4.551297	14.353805
5.3754997	14.065604
5.895625	13.781534
6.3974385	12.762585
6.497594	12.398761
6.9632435	9.624902
7.2835636	10.178162
0.32674897	8.131952
13.355803	2.8048081
12.202912	4.181172
10.397423	6.4371166
7.6537123	9.113296
7.0641656	10.21477
5.72108	13.275318
5.52025	13.451596
5.3465466	13.962067
5.4191723	13.933613
5.360375	13.830996
6.4967146	12.739518
6.6069283	12.497475
6.2675085	12.456576
5.9332943	13.163977
5.170958	14.217567
6.276885	13.234136
6.5121927	12.201002
6.733893	9.319773
7.148369	9.810347
7.152743	10.255595
5.107684	11.931748
8.5729885	7.6089087
8.402907	7.7568254
5.646568	14.022367
10.548379	5.7350326
7.6615744	8.666039
6.577538	10.05112
5.8784323	13.570775
5.566904	13.662028
6.4887004	12.272429
6.42155	12.1538
6.278093	12.251111
6.159956	12.302325
5.857588	13.19293
6.2741427	13.002607
7.4187813	9.78468
4.7832613	12.1887865
4.612082	13.44086
5.319587	12.30749
7.4385705	9.498622
6.4839797	12.870597
5.6803727	13.320289
9.006566	8.584377
10.353018	5.7588034
8.562223	7.700761
8.704549	6.9176254
6.036462	13.6421
6.0064535	13.652422
6.070404	13.338129
6.218727	11.951179
4.24598	10.563137
4.242281	10.55647
4.3008075	10.568238
6.076158	13.1340885
4.5898294	13.438509
5.1919293	12.628504
7.6788816	8.9394045
5.6020336	13.584401
8.516037	7.981599
9.279742	6.2462845
9.772704	5.6693387
9.427902	6.588951
6.519576	8.816227
6.3811493	8.898695
6.1150594	12.358167
4.2716165	10.627835
4.234159	10.555107
2.4504912	10.334637
5.858873	12.061713
4.531933	13.585671
6.329011	10.6568775
7.8357263	9.181632
7.413275	9.450251
5.805033	13.408622
5.238449	12.891791
5.9438534	11.396895
9.645677	7.2319627
10.460031	5.6914577
10.113927	6.0541544
8.9073515	7.1154675
8.545746	7.9052095
9.132591	7.1362658
7.496189	8.330097
1.7639214	9.379239
4.498736	13.901507
3.9395304	14.108379
5.040176	12.031984
6.87549	11.999795
5.418128	12.633515
6.153602	10.961677
8.903391	8.5155
9.571463	7.251416
8.889477	7.066396
9.463243	7.2205515
8.3831625	8.396267
7.1339374	8.2554865
6.5670457	9.985943
6.9951253	11.7713995
3.8383036	11.1648445
1.7828472	9.393696
1.6930987	9.236522
2.24877	10.396269
4.6324377	14.140798
4.4519687	14.369499
7.8628793	9.354153
6.9523125	10.037536
7.038345	11.553808
9.460298	7.25474
8.888445	7.1553073
7.9398866	10.067103
7.0314555	9.952363
8.81725	8.484231
9.478192	7.24627
9.333427	6.392374
2.1376674	10.343168
2.2092416	10.438044
2.3257608	10.560917
5.909984	13.383465
4.2996683	14.048505
5.5486503	12.496976
7.698559	9.6484165
7.808061	9.516871
7.075176	11.334589
6.7496986	12.151407
9.402322	7.284619
6.9904246	9.747456
5.005696	11.880273
4.905748	11.957711
6.119408	10.683385
7.6919184	9.859981
7.4068394	10.049383
7.3673725	10.173906
8.813684	8.569832
9.356754	6.235858
6.2335377	10.253532
1.5073599	11.803219
2.1582532	10.393865
2.193821	10.408154
4.357121	14.052877
5.655767	13.582534
7.4317937	9.562397
7.4552274	9.580278
6.635563	12.174366
6.4752684	12.227256
6.0074487	11.631352
9.124705	6.7023063
7.0595717	10.232626
7.193874	10.241328
8.595297	8.163701
3.5390806	13.08651
1.7291883	12.819534
2.0961845	10.319827
2.0611558	10.313771
4.6812744	13.584311
3.555798	14.077304
4.4103446	13.892258
5.145753	13.39524
7.4808517	9.50438
7.5292435	9.79455
7.8992186	9.393345
7.5638404	9.354843
7.1001163	11.469702
6.5308137	12.474435
9.4177685	7.3408084
9.333129	6.520608
6.2095966	9.536274
2.6740122	10.769075
5.19228	10.987552
7.2783937	8.617532
6.89611	8.491913
2.0463512	10.8250675
1.9325534	10.494457
1.9025279	10.491326
2.4189086	10.582807
4.94424	13.153682
3.8248947	14.280683
7.497783	9.682553
7.538511	9.829728
6.8446093	10.123557
6.36919	12.337422
6.1897798	11.965908
8.918448	8.389038
7.878333	7.632845
2.518499	10.8270645
2.660242	10.7948885
8.254446	7.7381225
8.466988	7.4079638
8.712629	6.8968296
9.321541	5.9504957
9.671111	5.555116
9.926589	5.122748
9.005476	7.0694
1.6945509	10.956884
1.7413357	10.935159
1.8619262	10.904074
4.5150924	13.291076
3.509885	13.973132
7.407011	9.622901
7.728445	9.438415
7.2209067	9.579859
6.7457876	12.094564
6.3528337	12.2300825
6.1905785	9.458899
5.1092863	10.9963
6.060653	10.748606
9.862844	5.1591263
8.958408	7.1255207
1.6809776	11.131561
1.6488953	11.228679
2.478841	10.580608
3.1985083	14.180281
7.3818016	9.591003
7.4459367	9.59258
6.2248917	11.702088
6.08791	9.621016
3.6809905	10.7302265
5.1019444	10.991638
6.052227	10.750519
9.3639965	7.174335
9.535617	6.1179256
9.963134	5.318176
10.025277	4.7658563
3.510022	13.112413
1.6065557	11.230519
1.5510033	11.439539
1.6883017	11.273091
2.3842328	10.598943
3.1879067	14.190621
7.4408565	9.350964
7.856936	8.992513
7.5209985	9.366529
6.9111924	10.050004
6.7856326	11.903385
3.7181118	10.7459545
6.794543	10.318683
10.08184	4.585516
8.758922	7.030421
6.297546	10.077504
3.6946588	13.086146
1.8062295	12.628497
1.5866275	12.12411
1.5105928	11.6122055
1.521304	11.608166
1.5610658	11.625456
1.772884	11.309601
2.3536658	10.590364
4.163178	13.585198
3.272166	14.169425
3.2253284	14.188963
7.6485367	8.744969
7.7648196	9.018952
7.102424	11.451177
4.582377	11.139999
5.2229366	11.014462
6.9886484	10.205677
8.381515	8.883532
10.087449	4.7133436
10.076331	4.7444296
7.11498	8.248309
1.6871052	12.460344
2.0701146	11.392743
5.583398	8.539421
3.3307416	14.271522
3.2282763	14.134538
7.719435	8.658474
7.937165	9.223675
7.895407	9.26357
6.884205	10.100136
6.4576488	12.2923975
7.3255396	9.198922
5.848704	10.866666
3.7047954	11.326089
8.056553	9.562565
8.554211	9.014404
10.802392	4.835597
10.276419	4.4032393
8.6251545	7.0205994
3.063956	13.705394
2.1836214	11.522645
2.1444676	11.551276
5.689399	1.3906548
3.6292565	14.144583
3.8373942	14.127614
7.912689	9.362127
7.9543405	9.361349
7.954618	9.365175
6.9983015	11.609235
6.4874806	12.093303
6.6206894	11.994476
5.84107	11.150063
5.844739	10.556608
10.350679	4.2690234
6.333096	9.920635
3.263598	13.845542
2.613725	11.619361
2.539502	11.309366
5.125576	8.621774
5.73472	1.3572294
6.080333	1.2871399
7.9814844	8.4549885
7.9998884	8.354743
7.8083653	8.938418
7.6141677	9.515085
7.663505	9.704124
7.8641844	9.452703
7.8333235	9.301644
7.0917797	11.26105
6.5823197	11.981049
6.3603816	12.116694
5.960867	11.713858
6.098656	10.72958
5.8282213	11.169752
3.6910203	12.345823
2.8155537	11.4828205
11.56486	3.5060544
6.3409843	9.875879
3.8867023	12.974983
5.091692	13.746129
4.0018134	10.774618
5.285828	14.173848
8.0031	8.334546
7.834892	8.869027
7.546257	9.500583
7.871311	9.400765
7.005463	10.323775
6.804327	11.726912
6.231169	11.950124
3.7654796	12.669266
5.9785166	10.772328
7.781965	7.883699
7.6600504	8.485641
10.103849	4.891745
11.191299	3.7868729
11.611947	3.4167066
11.683168	3.3311558
11.7613535	3.318203
5.4836016	1.2143906
12.519753	2.319129
5.2544794	14.006329
8.053363	8.528018
7.94717	8.876069
7.8254185	9.108257
7.362111	10.365822
6.0436034	10.783233
12.460922	2.871673
6.4242797	7.761127
8.068113	8.93763
8.054656	8.931952
7.2722354	10.469767
5.435314	11.647333
5.7688704	11.676222
6.405219	11.77906
6.0519295	13.376896
6.340264	13.151896
9.319319	5.927133
12.996945	2.268837
12.546974	2.7408054
12.630695	2.563838
7.407497	10.334773
5.1131015	11.936877
4.971142	12.089202
5.497077	12.244586
5.6655707	12.156095
6.6775436	11.527951
6.2914195	8.90746
6.261445	8.835722
6.908807	11.723147
8.364589	8.14731
13.220343	2.7605155
11.787626	3.2797995
5.147531	11.886886
5.065183	11.991821
6.199537	12.57792
6.260887	10.882257
6.5254264	9.908621
6.8494983	10.7527
8.572057	7.921149
9.513803	6.040213
4.540236	13.589502
6.2741985	12.451861
9.214955	5.948673
9.687264	5.0967975
9.412884	6.619986
7.4024854	9.468552
7.3845267	9.076462
4.318029	14.378501
4.2213473	14.229545
4.1826324	14.213517
5.0153956	13.244024
6.298521	11.815296
6.5273075	12.130145
6.315309	12.507562
6.001524	11.2646055
9.844318	7.200172
8.104442	8.054062
7.698052	8.912321
7.437537	8.981051
12.229022	2.856669
7.5417943	0.8173623
4.2108502	14.228147
4.210178	14.079936
5.5774736	12.960038
9.769581	7.572727
9.441029	8.405763
9.19758	8.846209
8.628172	8.061935
12.460022	3.4040613
7.450751	0.7810221
4.5263743	14.402558
6.3695493	8.0467415
5.8535147	10.73075
7.2882433	9.636289
9.618846	5.71572
12.366593	3.6324666
6.3436556	7.8903575
9.747256	4.8925705
11.915802	2.9233983
12.689197	3.1958497
11.13722	5.5421667
7.9206567	7.6049
11.146605	3.8170087
6.124287	8.549375
6.256249	8.073274
6.331483	7.913895
6.3860316	7.784776
6.4191446	7.7314587
9.73224	5.0351424
13.1643915	2.6771693
8.06293	7.449924
5.2276535	11.01106
5.262593	0.060337726
6.504024	7.608692
11.600577	4.1742334
11.915488	3.6525798
12.689191	3.668929
6.7487164	8.993053
7.110182	0.67852205
-2.0124745	5.253754
5.146057	10.2619
10.29538	5.0530877
12.359908	3.706045
11.473317	5.0309205
11.073598	5.426278
11.471443	4.4940534
6.39986	7.890028
6.4930444	7.734743
9.194819	5.844175
5.8532305	-0.2541941
6.2162895	0.061976463
6.0411935	0.22858262
6.231674	9.547034
3.8026462	11.037327
12.24003	3.8348598
12.249476	3.9026504
11.160759	5.024281
9.84195	5.1374955
10.114411	4.5069942
-3.3227165	6.689769
-2.777786	6.118797
-1.8192978	4.9019933
6.2416263	0.040291637
5.8869267	0.39821067
3.6128821	10.704605
1.9805504	11.191973
11.070077	5.1597414
11.49272	4.441002
11.942049	4.15695
11.336788	3.8765497
9.667019	6.4379697
8.6586485	6.941983
-2.5770583	5.864362
6.24267	0.049972203
6.174584	0.029844774
5.895113	0.13478954
2.0548673	11.307539
10.959138	5.5931005
10.252071	6.16287
9.50381	6.4399457
10.354985	4.3924084
-3.366454	6.4907055
-3.276611	6.4883547
-2.7925124	6.1819296
-1.8627596	4.951554
5.960245	0.013751003
6.115999	-0.0016806477
6.188813	-0.027186379
2.7121308	11.047719
9.684982	6.020108
10.285665	5.116578
10.875907	4.605806
11.413054	4.232196
11.484082	3.814621
12.211216	2.962421
11.0766115	5.4237556
10.348842	5.4082313
9.949067	6.3500896
9.850862	5.844802
10.170694	5.3079185
-3.4226851	6.531743
3.653666	0.22517587
6.242805	0.07472542
5.7962394	10.01725
10.0520735	6.3923607
9.943601	6.6178613
11.115839	4.6917152
7.0697994	0.9196066
-0.53330636	7.4421916
-1.0572935	7.4442596
-3.3565106	6.6624184
-3.3900778	6.5500426
-3.3184736	6.6338944
-0.6170825	7.899834
2.432816	1.1978469
3.5024238	0.44673958
2.0034208	7.718797
9.991844	6.143466
9.555986	6.4906464
11.7042465	3.786502
12.318095	4.248704
10.87455	5.550689
10.471677	5.729508
10.673863	4.610958
-1.01331	7.4739738
-0.4816733	7.887323
-0.2312664	7.9843965
1.6590245	8.223195
1.6835325	8.091976
1.6957023	8.061064
1.772981	7.9588075
7.289441	8.2377615
6.707397	10.87676
10.326913	5.771057
-0.23435454	7.922128
0.43050808	8.112462
1.6365237	9.115565
1.5917444	8.337821
7.346217	8.240354
6.372319	8.860795
9.851713	6.6348476
9.974175	6.226634
9.520209	6.4928403
9.35358	6.5680933
10.999368	3.6289878
10.807679	3.9378297
10.579548	4.9427757
10.826304	5.2090445
10.459788	5.618518
1.5787517	8.259214
1.8226944	9.66426
1.6705655	8.101686
1.8746794	7.8354874
9.822167	6.68779
9.955299	6.4898977
9.672603	6.4089255
11.763053	3.1862097
12.677922	3.8743412
11.644076	4.5769773
10.811081	5.550665
10.184897	5.307297
7.42511	1.1217315
1.5633622	8.279539
1.7022759	9.227264
1.8440552	9.821037
1.897481	9.961611
1.9257692	9.918388
1.7084379	8.05286
9.41906	6.799752
9.501296	6.439697
9.889716	5.4005957
11.873305	3.0762072
5.868078	0.6389971
2.538366	1.595971
2.5709145	1.5861413
2.3166695	1.7265193
1.7264507	9.26157
1.8151438	9.592812
1.8563479	9.843296
1.6050795	8.218938
2.031011	7.67302
8.329184	7.4950485
8.181827	7.689414
10.409691	4.2103496
1.831862	9.731404
1.8790373	9.869424
1.6768075	8.091387
11.412537	3.3963053
9.262601	6.916808
11.557614	3.6509154
1.7635827	1.8798126
1.3486623	1.7079874
1.5820578	8.360627
1.7997694	7.908886
10.846342	4.556934
11.713939	3.3169808
2.228133	1.6822643
1.9355713	1.4664375
1.5942543	8.358192
