-6.967665	13.494314
-4.172376	9.890846
-5.1075406	-11.236228
-4.307301	10.139307
6.0867586	15.992462
-4.607243	-11.234004
-4.5768304	9.67899
-4.161652	9.876465
-6.9710994	13.610959
-4.5673604	9.672666
6.109743	15.972623
-4.1739483	-11.024462
-4.6690583	10.348993
-7.300619	13.3273735
-4.5070987	-11.14551
-7.3652706	13.463838
-4.422152	-11.14004
-4.710243	10.495837
-4.3216586	10.053168
-4.4878907	10.308303
-7.1777406	13.635115
-4.055303	-11.08827
-0.8383974	0.7191668
-4.8079915	10.555327
-7.164889	13.4722805
-3.0848997	0.9317447
-7.1439004	13.345235
-1.1636225	0.58992565
6.103929	15.977874
-1.3629254	4.1644087
-4.349738	9.643445
-0.7842008	0.7788383
-5.108825	-11.102238
-4.5701675	10.4622965
-4.432241	10.048612
-4.331522	-11.111744
-7.1566896	13.386935
-7.3889785	13.480558
-7.2194977	13.2393055
-4.344217	10.083304
-7.019688	13.55144
-4.1876903	9.903502
-4.4977536	10.026345
-4.135039	-10.98022
-4.486103	-11.14518
-1.1395128	0.3123497
-4.9623766	10.825958
-0.8659537	0.121234454
-4.163274	-10.978309
-5.049396	10.890631
-4.655255	-11.287843
-4.5153365	-11.214538
6.796537	-2.3678088
-4.137973	-11.063423
-7.1717906	13.317259
-4.8837833	10.754237
-7.073277	13.474637
-0.841074	0.7342307
6.108801	15.973359
-5.0365434	10.832042
-4.9469237	10.828359
-4.6612506	9.818569
-4.7202096	10.428522
-7.0095654	13.455629
-0.8743752	0.08875947
-0.90388066	0.12704606
-4.0505176	-11.071676
-5.0412755	-11.232351
-4.3337517	-11.052693
-4.443027	10.067572
-4.2187905	9.916377
-7.0451884	13.688097
-4.132972	-11.021913
-2.7901196	-0.021272896
-4.135907	-11.084326
-0.83207065	0.73322356
6.8948126	-2.4325836
-0.81699735	0.7463687
-5.132668	-11.289338
6.653404	-2.3482375
-4.2381253	10.0415745
-0.40148786	1.1266181
-4.889804	10.505766
-6.9947777	13.571543
-4.3366604	10.063846
-7.102168	13.700351
-4.7033825	-11.255793
6.4690723	-2.3539917
-4.2833524	-11.09356
-7.369533	13.560144
-4.502743	10.065419
-4.146584	-10.965896
-7.2115955	13.256578
-7.162095	13.3873
-4.503764	-11.212444
-0.6986869	0.910377
-4.806304	10.634204
-2.7489486	-0.013491944
6.384833	-2.7207313
-1.1647556	0.56849384
-4.461039	10.451328
6.385636	-2.5462964
-4.6725836	10.3738575
-7.150358	13.676788
-4.833217	-11.304983
-5.096669	10.752483
-7.279691	13.41942
6.4454603	-2.3401065
6.833956	-2.337428
-5.19356	11.021649
6.1056714	15.97615
-4.670229	-11.258016
-3.2683566	-0.18781963
-2.791507	0.018629296
-4.896417	-11.393226
6.0933356	15.987416
-4.831173	10.670393
-4.4715853	-11.149542
-5.0242224	10.845312
-4.1287856	-11.041933
-4.4102054	-11.153117
-6.9855647	13.572125
-4.3128533	-11.055113
-7.210759	13.248073
-4.4193306	-11.162681
-4.1139483	-11.010027
-4.7488456	10.453616
-4.1892514	9.958349
-7.2664375	13.440034
6.2616177	-2.113073
-4.38929	10.023076
-4.267108	10.063685
0.11538205	1.3139458
-4.9787807	10.124133
-5.033922	-11.316966
-4.4943314	-11.194427
-4.1955824	9.855361
-4.2134295	9.805787
-4.237795	-11.193768
-1.1514955	0.53080356
-5.167893	10.993098
-7.1421223	13.335581
-2.74815	-0.10356179
-4.9244976	10.815816
-4.590666	10.538347
-4.587002	-11.246279
-7.145868	13.388736
-4.2962375	-11.081146
-4.7189035	9.678593
-6.9589024	13.655428
-7.118899	13.392827
-4.4381127	10.02127
-7.3333526	13.610509
-4.665455	10.115407
-1.2153089	0.30771652
-5.0866623	-11.269544
-5.1245017	-11.299527
-4.9959736	10.895864
6.849184	-2.437289
-4.8050623	-11.319427
-7.1109586	13.438402
-4.792903	10.486694
-6.9940724	13.63447
-0.8123311	0.7156142
6.370274	-2.6926055
-5.175155	-11.100421
6.9194984	-2.4112437
-7.320695	13.354198
-4.8856063	9.534147
6.097523	15.983715
-7.1197133	13.424332
6.6499724	-2.3869684
-4.8049355	10.713621
6.55361	-2.3816636
-4.2110615	10.005122
-4.8473144	10.764321
-1.1578116	0.5223394
-7.3106236	13.569292
-0.93667495	0.71475077
-7.3458858	13.476928
-7.0249867	13.531465
-4.1899557	9.948551
-5.043231	10.789234
-4.1671686	9.7956
-0.8213657	0.76084805
-4.401629	10.236677
-5.1497116	10.985646
-7.3588166	13.499138
-7.0135846	13.443515
-4.886522	10.575363
-4.9743624	-11.316925
-4.451817	-11.1052265
-4.071991	-10.955369
-7.170084	13.543161
-1.1494969	0.5360283
6.746364	-2.368698
-6.9892488	13.595932
-7.052213	13.43888
-4.231554	-11.078828
-0.84219795	0.0682781
-7.373321	13.523086
-0.96103233	0.15773813
6.0881596	15.992228
-4.195249	9.986114
-7.0343595	13.446773
-4.4350142	10.2074
-4.5458136	-11.230086
-5.075651	10.894658
-1.2728292	0.3236493
-7.278458	13.355931
6.1019874	15.979166
6.9101977	-2.3576033
-7.1147137	13.346874
-4.8544188	-11.360822
-4.523047	10.129718
-4.3905725	10.010621
-5.089153	-11.299859
-4.507015	10.120578
-4.6102557	9.881497
-7.3367777	13.616462
-4.5512433	-11.200872
-4.761389	-11.3164015
-7.2839546	13.407773
6.09961	15.980621
-3.0865266	0.93752503
-4.3020234	-11.076123
6.433489	-2.3803773
-7.1794314	13.275644
-1.7184547	1.3318374
-7.192274	13.282852
-4.9717984	10.900978
-4.311461	10.08267
-4.1821074	10.016999
-4.835559	-11.25708
-4.843429	10.56471
-1.109449	0.22373506
-3.5917299	1.9303477
-4.882732	10.592249
6.0917854	15.98915
-5.104441	-11.241313
6.954012	-2.4453337
-4.1880016	10.095999
-4.771546	10.455119
-7.265306	13.603306
-4.37333	-11.131125
-4.471853	10.218878
-4.2510734	9.98254
6.102167	15.979148
-4.3067822	10.038517
-4.8568087	-11.333256
-4.78032	-11.275161
6.390128	-2.4302094
-4.1954556	10.062534
-4.3007655	10.0346985
-7.18401	13.497237
-4.3210506	10.026557
-4.268661	10.088866
-7.0114007	13.497473
-5.107156	-11.105528
-4.464538	-11.15407
-7.019579	13.555644
-4.368911	10.381416
-4.1907954	9.964439
-1.1462883	0.55608344
6.63755	-2.4333525
-1.2271442	0.31735933
-4.2060857	9.97208
-7.013067	13.549075
-4.1294875	-10.999678
-3.9995792	-11.124626
-5.050781	10.929231
-6.989431	13.596405
-4.0936966	-11.07071
-7.032627	13.457898
-4.796547	10.485964
6.765532	-2.366616
-4.741994	-11.285911
6.858849	-2.4464288
6.8991895	-2.3768463
6.5487766	-2.3886137
-2.8659182	0.05910075
-4.4957895	10.238612
-4.1826897	9.873963
-4.2435665	9.940944
6.431985	-2.2797127
-5.0920334	10.95789
-7.347522	13.551056
6.6217127	-2.3672726
-5.03461	10.871266
-7.0085106	13.557049
-1.09561	0.2448359
-2.9986315	0.9864385
-4.604899	9.664965
-7.136989	13.404129
-4.4378753	-11.152201
-4.631673	-11.195754
-4.887009	10.5390415
-4.7165384	10.6728325
-1.5858829	1.1267707
6.086736	15.992617
-4.640534	10.049507
-2.589857	-0.30746576
-7.1127334	13.631801
-5.1219974	10.931385
-5.059446	10.870946
-4.7995105	10.416108
-4.457219	9.785779
-4.073126	-11.093755
-7.3848424	13.433782
-4.2922792	9.782436
6.606949	-2.4679046
-7.147857	13.30186
-4.8120203	10.501151
6.10206	15.979045
-7.1404786	13.359962
-5.051094	-11.313778
-4.877851	10.460837
-7.358466	13.494051
-7.2169437	13.537207
-4.238257	10.010368
-5.0995326	-11.303674
-5.1199503	-11.222937
-4.7553134	10.576245
-5.0406165	-11.321425
-4.782375	10.356404
5.5100718	-2.4802032
6.8781476	-2.380943
-4.43243	10.26432
-7.045248	13.43993
-5.097295	10.935119
6.6316338	-2.3757694
-6.9886584	13.617134
6.885998	-2.361001
-2.785622	-0.0043396186
6.7381	-2.3857005
-6.9296103	13.608268
6.8860273	-2.3788936
-4.257041	-11.059372
6.396357	-2.5364752
-4.8438277	-11.333774
-5.1004896	-11.30069
6.577557	-2.3994608
-4.849431	-11.331434
6.5953565	-2.3905003
-4.4537835	10.413508
6.590673	-2.437741
-1.0932413	0.5516665
-4.3243275	-11.083797
6.5123744	-2.3880937
-4.1363707	-10.97689
-7.184128	13.276307
-4.432679	10.024201
-0.85775584	0.12926134
-4.6601944	-11.243473
-5.0657444	10.726406
-2.694816	-0.061666355
6.864986	-2.3724034
-4.488529	10.130496
-4.1081986	-11.030798
-5.001787	-11.319602
-1.1883096	0.31531727
-7.3954387	13.629167
-7.0220327	13.598221
6.666092	-2.4029586
-2.9854093	0.1054558
-1.7057457	1.1607707
-1.102129	0.25853333
-4.184595	9.954829
6.8142686	-2.3728893
-7.3568	13.510535
-7.3185196	13.568738
-4.407976	9.601192
6.581276	-2.3931289
-4.2876964	10.016266
-5.1006136	10.914338
-4.628873	10.634915
-4.4877033	-11.158452
6.9036074	-2.3633327
-7.1612935	13.316033
-5.104603	-11.302326
6.5785384	-2.4380903
-7.2143087	13.53282
-1.2504576	0.32455483
-6.9590764	13.537338
-4.2431307	10.05164
-7.1625566	13.328295
-2.8082893	0.15143353
-5.0753074	10.9159975
-4.576681	10.243001
-4.9294415	-11.34248
-5.0570908	-11.31646
-5.055523	-11.350828
-6.9519033	13.435517
-6.974402	13.661391
-2.754871	-0.034848377
-4.622206	10.480932
-4.1127324	-10.993036
6.099081	15.981617
-1.2516023	0.32386118
-3.2343485	-0.21988076
-4.4615726	10.056737
-4.9699135	10.865267
-4.2068663	-11.074128
-4.825627	10.408819
6.093605	15.987608
-5.0932393	10.962091
-6.9374304	13.64097
6.098654	15.981682
-6.9584427	13.6396
-1.3866246	0.3023515
-1.2337981	0.24357313
-5.0956182	10.916526
-4.1016216	-11.002087
-4.1908765	9.888647
-4.9616256	10.770278
-7.146172	13.387784
-3.1469314	1.044897
-6.9999924	13.600038
-4.5679803	10.499551
-6.9922557	13.514918
-1.7225987	0.5820796
-4.9145594	10.809655
-4.5372915	10.218426
-4.153895	-11.078466
-1.15398	0.2890687
-0.7732641	0.7764918
-4.7424765	-11.290507
-0.9360792	0.6504705
-7.300909	13.34491
-7.0409594	13.465894
6.4794846	-2.4496932
-4.158459	-10.946084
-1.0783027	0.23910004
-6.9524984	13.617712
-7.031316	13.545733
-4.252224	10.074622
-4.194579	9.921022
-4.0427766	-11.170594
-4.3106837	10.033869
-0.71440613	0.0027614036
-5.1209736	-11.191909
-4.940869	-11.345349
6.9010196	-2.3879023
-4.823859	10.3153
-4.3655243	9.948087
6.070016	16.010653
-4.786095	10.488088
-2.5600355	-0.061993122
-7.3043537	13.339772
6.781854	-2.4038463
-5.1146665	10.949658
-4.3807845	10.344813
-0.8830353	0.13067186
-6.991896	13.564593
-4.5737996	-11.224491
-4.303043	10.181403
-4.469263	10.417581
6.7032533	-2.4034328
6.5414324	-2.4232588
-4.846457	10.799974
-2.7933874	-0.05710248
-4.1124425	-11.007775
-5.1113176	-11.283548
-4.7084513	10.178864
-4.2056136	9.989128
-6.99395	13.601271
-7.1776533	13.489695
-4.602825	-11.22191
-0.8214363	0.060869865
-4.286588	10.1277895
-7.012423	13.628093
-4.4467435	10.032627
-2.5491111	-0.12651172
-4.306382	-11.082184
-6.995036	13.604844
-4.7621036	-11.283723
-0.8990849	0.12075889
-2.8849816	0.050315738
-6.9729443	13.619688
-5.021445	10.816527
-4.6026063	10.520892
6.8800435	-2.4670362
-5.0793157	-11.337961
-4.7774644	10.669327
-0.8515614	0.07992419
-6.990143	13.599153
6.448769	-2.3777332
-1.2329473	0.8636747
-0.9028958	0.12743632
-6.9540052	13.649431
-2.784317	-0.035519533
-4.4869623	-11.198945
-7.368713	13.615772
-5.0417824	10.878488
-4.3350744	-11.1215725
-7.309341	13.572442
-4.5314755	9.918426
-1.2912171	0.33604056
6.865541	-2.3626175
-7.333917	13.612971
-4.7653093	10.18881
-2.7850795	0.03232647
-4.5106673	10.035004
-4.2764874	-11.073715
6.56647	-2.3982835
-7.006272	13.534234
-4.0935187	-11.123067
-4.05286	-11.048823
-7.304847	13.574984
-4.0862966	-11.069081
6.8861384	-2.376419
-2.9419873	0.7713454
-1.2616279	0.3264325
-1.0899897	0.6667345
6.0986533	15.981666
-6.9729705	13.615504
6.09128	15.989773
6.7915664	-2.405365
6.8284364	-2.3605518
-4.700391	-11.2719145
-6.9937687	13.602594
-4.9579573	-11.299754
-5.069349	10.886936
-5.074323	-11.291389
-4.461415	10.284971
-7.3922696	13.626979
-4.6316147	9.767504
-4.1923547	9.875047
6.9258604	-2.3676624
-7.1614647	13.32629
-10.125309	-1.0507911
6.0830445	15.995954
-4.2320027	9.99146
-4.358696	10.282338
-7.1105824	13.406157
-1.0813947	0.16143925
-4.8363366	10.450357
6.115752	15.96633
-4.173361	-10.961128
-5.0823035	10.946149
-4.8708477	10.229702
-7.0067	13.526265
-1.0936555	0.53646016
-6.95041	13.604091
-4.299375	-11.101781
-4.7473593	-11.304449
-4.9988356	-11.390547
-1.1561778	0.5711102
-7.16974	13.238874
-5.005755	-11.32238
-4.8112164	-11.311456
-4.450302	10.290005
6.1034236	15.977667
-7.1068077	13.451575
-1.1472111	0.3120691
-4.6948657	9.809672
-4.8514442	-11.314036
-4.404858	10.247568
-1.1045395	0.23556443
6.8834147	-2.3796597
-4.102071	-11.121724
-7.308174	13.343527
6.205109	-2.2986188
6.9177566	-2.3608565
-4.0878353	-10.983024
-4.4267263	10.21877
-4.9002223	10.784323
-4.7832355	10.372579
-4.77629	10.471981
-4.4305096	10.314137
-4.1738534	9.994345
6.5585628	-2.4585788
-1.3064371	0.51167125
-7.0161877	13.442906
-2.8457217	0.11528598
-5.0129714	-11.255636
-4.6342125	10.554896
-4.3508806	-11.118479
-4.535429	9.670733
-4.4552484	9.60963
6.095394	15.984928
-4.846692	10.765441
-5.0849485	10.958614
-4.768804	10.464163
-4.211287	10.031947
-7.1111856	13.413123
6.0949817	15.985422
-6.957872	13.599746
-0.86324537	0.7234564
-4.4304266	10.263985
-7.0960016	13.401771
-4.1991878	9.942318
-4.6769814	10.008881
-4.903435	10.788686
-5.213604	-11.116634
6.9038596	-2.3654108
-7.10842	13.448257
-7.17351	13.288458
-7.0921273	13.450855
-4.7607193	10.649103
-4.715764	10.423724
6.8468533	-2.3594573
6.090891	15.9897585
-4.867357	-11.374106
6.7032366	-2.4093184
-4.453768	10.398894
-5.073245	-11.315735
-4.1335955	-10.954993
-4.812375	-11.309648
-4.1417108	9.836272
-6.9312468	13.5900955
-1.1808674	0.31752548
6.0868683	15.992404
6.106471	15.975607
6.7468276	-2.3941147
-7.160417	13.321243
-7.302276	13.329514
-4.6931386	10.493245
-4.0113015	-11.177266
-4.1914597	9.892354
-2.9661403	0.02422736
-4.356058	9.555796
-3.7171876	1.2835026
6.086522	15.992709
-4.174233	9.906355
-7.1562324	13.36693
-4.9892893	10.676983
-4.428478	10.002311
-4.1351953	-10.98599
-4.745789	10.212268
6.091636	15.989137
6.10817	15.974059
-2.724756	-0.00810857
6.1004114	15.980328
-7.0061946	13.506117
-5.0259905	10.7917595
-7.144632	13.391074
-4.4660764	10.446173
-7.042758	13.514934
-7.2319837	13.373744
-4.39165	10.019309
6.0865617	15.992587
-7.3528132	13.597796
-4.8854523	9.952214
-7.300456	13.337615
-1.1772137	0.5533932
-4.422085	-11.134091
-4.7900047	10.141155
6.4267926	-2.6397774
-4.4859943	10.008418
-4.1214976	-11.063893
-4.859956	10.776462
-4.609841	10.5552635
-5.0774145	-11.29295
-4.1946917	9.894496
-6.9324484	13.624503
6.6763077	-2.3888087
-4.7259536	9.670673
-5.051021	10.87459
-5.203157	11.044948
-5.100848	10.938842
-0.81955343	0.7496858
-4.1095653	-11.000565
-4.9278064	10.5485115
-5.161623	-11.298036
-6.997603	13.621365
-4.870792	-11.336872
-5.0030065	-11.353863
-4.390965	-11.145322
-4.5646667	10.3160095
-4.2836585	9.938238
-0.8893379	0.11789871
-4.195624	9.839115
-0.6983938	-0.030583944
6.8777533	-2.339256
6.8025823	-2.3872154
-0.5149184	1.0938077
6.8097625	-2.362343
-4.231946	10.115316
-6.984101	13.599216
-7.1404247	13.643029
-4.217913	9.997933
-1.3310955	0.37265357
-4.3524604	-11.103542
-5.018174	-11.320081
-1.1931165	0.19785142
6.890247	-2.3832464
-4.6908216	-11.26386
-5.036754	10.879417
-7.124182	13.479716
-4.1469793	-11.0263815
-4.4143605	9.990855
-7.1679306	13.368451
-4.6587276	10.387101
-4.1724753	10.035919
6.575866	-2.433231
-4.533607	10.082276
-4.268123	10.09696
6.9074297	-2.352839
-7.094543	13.475738
-4.2068396	9.828202
-5.0916333	10.939051
6.453774	-2.3564758
-6.9978366	13.636657
-7.290805	13.412168
6.432278	-2.5589442
-5.1237073	-11.246517
-5.0864215	-11.283431
-3.6819685	1.7796289
-5.1431465	10.941108
-4.8997006	10.428587
-7.0691667	13.41625
-4.8147697	-11.313697
-7.1134863	13.417116
-5.021079	-11.250972
-4.5921884	-11.228892
-4.362777	9.628994
-4.4340563	10.391824
-7.3540616	13.597228
-6.935642	13.593787
-4.2780237	10.009964
-2.8768282	0.60787123
-4.7039337	-11.2626
6.8070173	-2.3500755
-7.104305	13.657557
-5.094157	10.95506
-5.0636106	10.870606
-5.01132	10.82723
-5.016965	-11.30726
-4.171237	9.912263
-5.0876894	10.8986225
-0.7121528	-0.030270087
-4.421523	10.276818
-5.064868	-11.296032
6.56343	-2.4333334
-5.019425	10.810462
-7.0990887	13.416334
-0.80518603	0.7642813
-4.705422	9.963495
6.4574757	-2.4605348
6.1210403	15.960772
-7.06056	13.467285
-4.694121	10.025889
-1.1746355	0.29724255
-5.0931096	10.957567
-4.8903823	-11.32523
-4.775344	10.425163
6.0865436	15.992508
-4.463775	10.431831
-5.1053915	-11.306764
-4.1913924	9.853051
-4.5022926	-11.186755
-4.9595776	10.860227
-2.7937522	0.03538755
-4.29623	9.670335
-4.649729	-11.248024
-2.7735043	-0.06585343
-1.1320376	0.5525496
-4.829856	10.436166
-4.6254177	10.188406
-4.6301246	-11.219122
-0.87762636	0.12947188
6.3814726	-2.4326022
6.091086	15.989643
6.0914774	15.989311
-7.339239	13.562142
6.0910287	15.989646
-7.2329288	13.735527
-4.135255	-10.987074
-4.7167606	-11.289172
-2.8189032	0.61914986
-4.322717	9.69444
-7.3366055	13.478508
-4.210999	-11.11334
-7.270794	13.313791
-4.4133544	10.38258
-5.115943	-11.334157
-7.3496113	13.470761
-5.1178474	10.925133
-4.4722667	10.0101185
-4.7333217	10.46162
-2.6511772	-0.3320089
-4.215746	9.887717
-4.441599	10.23081
-1.1140059	0.553449
-4.504494	10.04749
-4.203483	-11.072381
-6.960366	13.60787
-5.1056657	10.950132
-2.9292939	0.71877533
-4.4907346	9.998488
-4.774426	10.480774
-7.0321693	13.521572
-4.826768	10.506891
-1.1792141	0.28992033
-4.202919	9.9656315
