3.801001	3.6697204
2.0891442	5.1817346
2.8152337	4.9795375
3.0643635	5.8312674
2.3165286	4.705782
1.4918243	5.812232
0.767285	3.009101
1.8735522	3.9684486
1.5080897	4.290298
2.5224807	3.4315717
0.80895686	7.5593266
1.0449255	6.6088095
0.2634436	5.4376802
0.9851667	5.706451
0.8748598	7.3850093
0.9065874	4.3758264
0.4986129	6.000926
-0.06021154	3.937408
3.217589	6.4010253
1.3342322	6.4615893
1.7414663	6.7163877
0.49253657	6.516285
1.3615137	5.9281783
0.96002907	4.3027797
2.2493222	4.765431
1.6928478	4.5234714
0.38183108	3.1824348
2.1316874	6.453323
0.08604013	4.7377534
1.211519	4.768322
2.0351112	3.9094367
2.7741206	3.9795563
0.47554997	4.0150514
1.2496871	6.4656916
1.1439881	5.7999997
2.9348483	4.3440294
0.5691577	3.5906007
0.6170722	6.7571874
2.6542675	5.7914824
1.2602328	5.1231213
1.1417582	7.4984818
1.9994373	5.0829425
1.1455237	6.996255
2.5226374	5.7534685
1.1532295	7.1276627
1.1718484	7.0376325
1.7378416	3.9054677
0.5177106	5.69616
2.745638	4.2722263
2.5782413	7.122045
0.9700971	4.57834
0.7137443	3.4687316
1.8262669	6.2891254
0.79240423	4.7286773
2.4958408	6.9450903
1.8760908	4.2672863
1.86699	3.6975346
0.74455655	3.0658033
4.785533	3.5895762
0.87950593	6.6427135
1.8391664	6.258476
3.2896717	6.1836567
2.0363834	6.065184
2.283262	4.514805
2.1317117	3.05717
2.0577588	4.4465694
-0.17723416	5.0047293
3.544666	5.5364437
2.5656774	4.0781593
1.807942	5.453545
3.9799604	2.6631837
2.3263915	6.458402
1.5483931	2.8851385
0.36213553	3.6991684
3.4722197	4.9785633
4.772967	2.7827585
0.14334035	5.1288157
1.2161235	6.8484144
2.2488418	4.969174
1.305552	4.7893295
0.7070206	3.075045
3.5261192	5.948285
1.3357195	5.846588
1.8649422	6.334915
1.2883282	3.66824
1.1102993	4.9757953
3.5056124	5.264641
1.8487065	4.061544
2.4820936	5.243587
1.6374744	5.0486407
3.0565882	3.3321147
0.7602548	5.990998
0.5968404	6.568925
1.3620139	4.0145006
0.26144683	4.133477
2.1573763	4.7725906
0.9553449	2.9869928
0.9211835	4.686858
3.8089113	3.1941645
1.3148942	7.3362126
2.0549061	3.981091
1.2026995	7.0032353
1.9293683	6.2632327
-0.0066335527	6.1025596
1.757136	6.4341006
0.31764475	5.645249
2.2270126	7.2587366
2.1242342	6.0118275
1.3691953	5.6717744
0.8622455	6.9995065
2.484299	5.3880153
2.066469	6.695453
2.914845	6.2577906
2.029531	4.685884
2.4669454	5.263249
1.4542098	6.7531495
0.14484762	6.7281995
2.5921853	4.512428
1.2911772	4.6491203
2.4593358	5.6330943
1.6759115	6.013314
0.44801155	7.2347827
0.14852767	4.4547954
3.0923672	5.5712748
1.413285	3.8226829
3.089755	3.9929993
1.3332188	3.407987
0.6899502	2.705677
3.6504817	4.26633
3.4199207	4.743399
3.040808	6.213386
0.057624526	5.4711103
1.0904015	3.5960667
1.2003912	4.940507
2.096599	5.8992653
1.3160741	5.7658534
3.782556	2.7082193
1.4328963	4.5286555
0.69621414	3.385269
1.7435889	6.317908
2.874661	6.7883253
2.035169	6.870558
1.3571205	6.7387614
0.7676	3.7699077
-0.090300165	4.199146
2.9195895	7.138692
0.7876924	5.8123813
2.1170573	5.526944
2.0644102	3.398162
2.7876134	6.720855
5.145906	5.4689655
1.1087416	5.0215154
2.7257226	6.756162
3.8563962	4.20988
0.5226583	6.669697
4.004843	2.9821045
1.0349725	6.104861
3.77298	2.883808
1.4827101	4.8970633
1.9439715	3.7393708
3.8206537	5.4079742
2.850119	3.2931333
0.6170179	5.993658
2.2614958	3.4912653
-0.063965745	5.8594723
2.813288	6.527803
0.9080615	3.0452793
2.2866333	2.7006361
0.3680373	3.0991762
0.40457517	2.9387808
2.5508373	6.460369
1.30557	3.3364158
0.8449149	4.431488
0.9088467	6.8316126
1.3843173	3.5744083
0.57295096	6.275412
2.784619	5.6084414
0.7827853	2.58435
1.5897862	5.9153714
1.221279	4.931691
0.049194284	4.731419
2.779969	6.2349234
1.656325	4.0793204
3.2181215	5.9726567
1.5620848	2.94707
2.085807	3.8162754
0.7133587	3.780499
0.9633244	6.1454067
2.7947037	5.184429
0.4049759	3.06596
0.41326174	5.99105
2.2203069	5.7839255
0.6443108	3.2545116
2.7666368	6.4774423
3.3091664	5.6273174
2.122801	4.4630866
2.1698937	4.4271355
1.0918963	5.3181124
3.705668	4.6036944
0.87075126	7.215313
3.0403821	6.107672
2.862193	6.358999
2.1551201	6.158523
0.1456601	3.7095606
0.7240306	7.505479
2.1279109	5.223014
2.3002925	3.2950776
0.7990538	2.963495
2.3087056	3.3980854
1.2570634	2.7227716
1.379432	3.2616107
0.29479215	4.2452035
-0.1567831	4.8615313
1.4535695	4.752195
1.6237873	5.482963
0.056547232	3.7573452
0.6196033	6.8121295
0.52281225	5.3640695
2.9784384	3.967539
3.7325795	2.873245
0.6800813	3.6579642
0.34807613	3.8847618
1.296235	3.4508674
0.2574075	6.4925675
1.0724435	4.740732
3.8497236	5.823981
1.8887174	5.263425
3.824034	2.8277297
2.4979684	4.71198
0.29215655	3.309163
0.38671663	6.424376
0.8390326	3.0573158
1.7350624	4.2855563
3.7061791	4.381343
3.3154905	6.032059
2.5736225	2.935248
0.28708875	5.3347583
0.97752607	2.5628355
0.67013186	2.492199
1.82529	3.3184874
1.4644636	6.7571926
1.3074948	4.779946
2.578732	3.7313724
0.93176895	5.4196978
1.8406286	4.647992
2.9567394	5.4164066
3.9328341	5.0902267
2.7966876	6.4605784
1.9869282	5.4451776
0.8605321	6.284124
2.336767	7.1551294
0.58205414	7.3122554
3.1391916	7.1292834
1.9896148	4.5060225
3.088651	5.751985
0.28941086	5.69962
1.7688452	7.371517
0.8439539	5.7382855
2.0491188	3.0686245
1.4702625	6.6867776
1.9473965	4.3622293
1.702914	4.479018
1.9694867	4.1431026
0.9691189	5.9353
0.8796779	6.609663
0.77044266	3.6341066
2.2030983	3.2912319
1.6705109	5.4922733
1.7607692	5.313312
2.173964	3.4554758
-0.0718074	4.2035875
0.8139311	5.61828
3.072819	5.7651086
1.0988069	7.6036625
1.1653327	5.3704224
2.1310878	6.4073563
1.0458369	5.76848
3.8436904	4.9614086
3.76453	5.441082
1.5439972	4.9037523
-0.0831973	4.5375233
1.3096794	4.5136437
1.6249019	6.8601556
1.0415189	5.0717854
1.1276296	6.93532
2.1898365	6.559891
1.3803928	6.9269924
2.0135326	6.5123925
1.7788328	7.068762
2.8958309	6.405604
1.2071011	3.433948
2.7930095	4.4845743
0.9052316	3.6990006
0.7318263	3.6478992
2.718852	5.4486275
0.148463	4.016635
0.5315422	6.288479
3.0068889	2.9691713
2.8277347	5.1510673
1.7120253	4.381132
1.1646142	7.1192336
1.2285097	6.1963534
1.0897962	4.99038
3.2267919	6.45542
1.7970412	4.93665
3.7019336	4.4829893
0.61606497	2.859013
0.3974757	4.070877
2.2212567	6.7743726
1.7048644	7.534245
2.9733624	5.0784583
0.65848476	7.212581
1.7437059	4.1086183
0.106922455	6.0800314
2.3133042	5.3276267
0.33013922	3.6559858
1.7303779	3.9611807
1.418214	4.727385
2.0224257	6.9966683
0.26593447	5.6666956
1.0563178	7.5812893
3.212844	6.467413
2.6227279	3.8032491
3.952574	4.6454644
1.5698127	6.0348744
0.6103926	3.6710937
3.206668	4.1221824
1.7412257	6.950481
2.8554053	6.4937043
3.0375009	6.044506
2.0035856	5.9889703
1.0348561	6.278371
2.0536597	4.0568643
2.5807981	3.9091642
1.9585716	3.8076038
0.38904005	6.119976
1.9039513	5.644661
1.4684286	5.6379485
3.882047	4.218673
0.6157798	5.6860023
2.6584227	2.9527287
0.9060107	4.305602
3.075619	4.13581
1.4697326	5.0139422
0.15008499	5.4197607
3.7768977	4.014451
0.82487935	3.4799483
2.8938243	6.4682784
2.0014286	6.1145535
0.73701584	5.602817
3.5617073	5.106088
0.1540788	4.1316104
0.93104523	5.581621
3.8990026	3.7380066
2.761976	5.4284663
1.454473	6.444119
3.552641	5.2261705
0.80333346	4.942985
1.7621222	7.1878686
0.6124329	6.840215
1.9559401	3.5493612
1.979337	3.9595306
2.8897479	3.8949873
2.8565288	6.226693
2.4329143	3.4432187
1.6341907	6.2259836
0.8240857	6.933714
4.0585623	4.820216
3.8727832	3.8411326
1.2376039	3.5064616
0.13074341	3.6161454
2.2618096	5.800326
0.8646935	5.715262
2.4250243	3.204279
0.9326628	2.7765734
1.6169124	6.3921165
2.0038645	4.351742
2.2012508	4.8183827
2.1813486	6.9406238
0.0891107	5.6240163
1.061125	4.2049856
3.9447587	4.0674176
-0.021825941	4.17084
0.4806423	3.667675
1.7324166	5.531071
1.3810326	7.183267
3.7808092	4.409194
3.522725	5.2777257
1.8807161	6.118805
1.3661007	6.3567815
1.3912735	4.3355465
0.7286104	7.311325
2.391921	4.5898495
2.256307	4.807562
1.5146991	5.15044
2.8936102	5.648565
0.30490845	7.193329
1.0110075	7.0638485
0.67575234	6.841784
1.8231479	5.2475576
1.4691887	6.054899
2.8754897	5.0567183
0.20111714	5.7545214
0.6088323	7.121382
3.2863214	6.6990047
0.9999552	5.069048
0.0075671966	4.6119533
2.4204588	6.2854624
0.73860705	3.0725415
2.9557014	4.4242578
4.0703287	2.655308
2.6604056	4.1638756
2.844347	5.8742967
0.1146324	3.4208167
1.4348044	5.783531
1.3788577	6.803675
1.8835095	4.1797204
2.6647007	5.9634123
2.8152337	6.7952495
2.6225932	3.9546454
-0.13742587	4.2581997
2.1910326	4.0670843
3.7394927	5.2494535
4.1119857	2.5066767
3.1877828	2.932847
0.39136618	3.9450443
2.382558	3.0017896
2.9794004	3.2912457
0.10131638	6.3655305
0.6476837	7.4386377
2.9789534	6.1817813
0.25170854	3.6291106
0.49049538	3.569351
1.1551881	7.2673965
0.9226168	4.370223
2.2946892	6.2712827
3.768854	2.6976433
1.214918	6.845168
1.7301227	4.160638
1.2344832	3.7656498
3.08497	5.616205
0.40331557	3.8163517
2.8065777	5.8056326
6.0064945	6.803309
3.2598598	7.068976
0.8852033	3.6739042
1.6961191	6.029792
3.6581566	5.575771
3.8755128	3.120883
2.1282	6.830051
4.516662	2.3869944
1.2528081	5.069036
2.6757817	5.3452096
1.6600925	5.30379
0.4751566	5.8477554
0.32356948	6.054211
2.9843957	3.7605016
2.3562047	6.2009945
0.99329925	4.8491864
2.7610846	7.241803
1.1531738	4.141491
1.2659262	4.705866
0.750711	6.8424916
1.3458045	6.486445
1.2387581	4.2140846
2.6509345	5.8858657
0.754979	7.4039297
2.4518104	6.907002
0.55693775	4.8220525
1.3016438	5.7433963
2.2555523	4.768857
2.7992394	3.248598
1.9208566	4.2367992
3.9672983	2.7014532
1.8487787	7.5984263
3.3629055	5.706678
2.7546122	5.5356545
1.3711168	4.7871027
0.19078471	6.5065436
-0.011350954	4.2890615
3.7112331	5.861343
2.7024758	4.730171
1.7033063	3.669843
0.720714	5.0147543
0.6050969	3.5491033
1.6031138	6.1806765
1.742129	3.6507256
3.6456876	3.136672
3.8635437	3.4747534
2.8711293	3.8798974
3.0461686	5.971508
1.4592812	4.918323
-0.016331842	4.4611187
2.3856807	3.9209325
1.9349339	7.6159034
1.9232491	6.754184
2.729633	3.2829542
0.4289826	4.8859296
0.4252901	5.9022493
0.7556785	7.070153
2.274047	5.371105
1.4808185	3.970803
3.5702064	4.1081367
3.0146177	4.546695
1.4211743	3.3955398
2.1596253	3.805311
0.9891986	4.2676063
1.0246357	6.452619
1.9804853	7.070987
1.5029079	7.3742604
2.5315535	4.9337955
3.3005283	6.527787
2.5396786	4.5976696
2.0888937	6.0067105
3.733612	4.1079936
0.00027583708	5.506431
4.8835297	4.1085644
1.315183	6.390248
3.069647	6.433943
1.0885142	4.991753
0.46481407	4.079566
1.0789269	3.188863
0.6014341	6.4879837
2.3838115	3.9753184
3.8226788	2.9601247
1.5785686	4.3741503
2.7770393	3.4576952
1.9389125	6.007036
0.6859411	3.8888226
2.5896285	6.871692
1.954471	7.3293705
0.55966014	3.5049572
2.355221	5.666267
1.0418069	7.234557
0.8483264	4.4862623
4.943209	3.6244414
2.3661704	3.9083338
0.14258322	4.315946
2.0581365	6.1705694
3.7941422	3.5102358
2.7875404	6.2544856
2.7056062	3.725073
0.83595514	5.9595165
1.9933736	4.0558324
2.0213168	3.409719
1.2754563	5.9992166
2.3265529	2.8309817
2.2293615	5.026572
2.0013757	5.602364
0.06713585	5.186625
1.1642168	3.792387
2.745188	4.551544
2.2329452	6.1239433
3.5040848	6.687525
0.2923838	6.5750895
3.3440259	3.344248
1.4335632	4.2744026
0.44238943	6.2617097
0.8541709	4.731016
2.4991689	6.29363
1.5770739	5.0181837
2.0842695	4.670561
2.7503998	5.5345016
0.14018808	4.774285
1.6630723	3.9936395
1.2565149	5.5358815
2.0852666	3.7188537
0.851915	4.9108257
2.4068987	6.1254463
1.3123491	5.71693
3.617282	3.386123
1.6033242	5.0385365
0.577809	7.060871
2.4137208	3.8707008
1.2331556	2.8470807
2.5407736	4.237925
0.5967009	2.939132
4.2100563	4.9918556
0.4237268	3.4622295
0.3845583	3.6307566
1.1220484	4.5227647
1.218211	3.1004882
1.3334335	3.6573875
2.2710245	6.319503
3.2633944	7.0070405
0.4075958	3.2151163
2.055974	3.6508062
0.17143339	6.537206
2.2271345	6.0379086
2.4692006	6.9072514
7.736509	6.1928015
0.4950461	5.664103
2.2447042	5.4175725
1.5123376	4.3884587
0.9334075	3.8514693
0.110295914	3.7845478
1.4294145	5.7259507
3.9573202	2.9065044
1.8342727	3.4578028
3.234096	6.543132
3.6995785	4.800456
3.4464455	3.515967
0.7147134	4.1492057
2.242122	3.0633817
2.0311234	7.0983815
0.8090649	2.5785518
2.203289	6.0864563
1.3566134	7.1517477
1.151109	2.8258517
1.9458456	4.971594
1.9797646	4.787661
2.2866302	6.131333
0.57222384	7.4068065
0.42360017	6.863415
1.2954483	5.1695457
0.803968	2.550166
0.29537156	5.38515
2.2787905	3.2717354
2.7011116	4.3419447
1.1351365	6.9994044
2.2510138	3.3875775
2.125872	3.744155
3.3607256	6.6904726
1.641434	5.2870383
0.8313377	6.7952414
2.07565	5.008215
2.9564784	6.0153804
2.3879235	6.969419
1.6022524	3.9186952
0.0017351224	3.5931044
-0.12132922	4.2100472
2.2917416	5.521232
1.4477363	4.210602
1.4508564	7.3398814
0.00075096864	3.6210735
2.6028817	3.9035416
0.96991366	7.2399693
2.0955026	6.0161395
0.57963103	4.6917844
1.2344859	5.6177416
3.8234873	4.7732177
3.8488932	3.6762092
3.6516662	3.1310492
1.3608395	3.3158336
2.08579	7.063332
2.0649953	5.7358623
0.29317275	3.5838606
3.5965695	5.2910314
1.9657316	3.895638
3.6799374	5.7046533
0.59781855	3.9729438
1.5430503	6.0334096
3.1355176	5.2124863
2.8977048	2.9672027
1.3671218	2.9577012
1.4741948	4.8048143
0.9133808	4.740423
0.45899647	5.6844883
0.8589077	5.843078
1.279111	5.387247
0.79376477	4.644535
2.403552	6.311456
0.7084841	6.613687
0.025374344	6.2959104
1.683064	4.0198174
2.2739623	4.7409873
2.2693214	5.898556
1.140872	2.823965
0.93469954	2.6574206
2.2726812	5.999984
2.1075501	3.877128
0.9436832	4.9766507
3.8347201	3.0599792
0.85473865	5.898494
0.13699418	5.647482
1.2664043	6.7868233
2.7708695	3.8207638
0.054911323	3.5918727
2.0167239	5.1521015
1.7183702	6.0416965
-0.29319796	4.6880536
1.1266917	6.3361955
1.2621652	3.8054194
1.7929493	4.969493
4.1017184	4.9943557
2.1627815	7.23044
1.9201589	5.2896137
-0.0051060533	3.582128
3.7193844	3.5503936
2.0416098	6.247857
3.3902545	4.7569427
0.550163	4.5297265
3.5333433	5.653557
0.2914855	6.099985
1.5172057	6.6967793
2.0401762	6.4120774
2.083657	4.6063375
-0.10472463	5.0359282
4.812671	4.286026
2.3792763	3.3710935
1.8308125	7.490507
2.1812103	3.1163843
0.42315745	5.4614244
2.1030018	4.3822284
0.59223413	5.564125
0.9992074	3.6062768
2.3427312	4.2852087
0.41597977	3.037793
1.7355062	2.6798387
3.4065797	6.639839
2.9846044	3.769269
0.12079534	5.4452624
1.9880191	5.4902854
0.86187744	6.853991
2.1358461	3.8043606
0.17965525	4.159533
2.0552711	3.0475721
1.9821149	6.111452
1.2002896	6.0712194
0.21826439	6.7615886
2.836843	5.174552
0.36994728	5.249436
-0.11795728	4.3294907
3.522857	3.6439152
2.3916113	2.891765
3.3143232	5.729381
6.6378284	4.863571
1.434121	4.97573
3.0949547	6.461174
2.9942234	6.826825
0.81195325	6.6173096
0.59974563	6.2637105
0.53765035	7.3661685
2.571894	6.6834354
3.9993896	3.3582473
7.616368	3.6040223
2.7570329	4.6275306
3.6604726	3.636818
1.5373784	6.1702094
0.679611	3.5587242
2.4191933	4.7650023
1.8839045	4.45143
0.2635001	3.9530182
2.1562042	5.8620076
1.9331234	3.235093
1.8884834	3.1138928
2.829592	6.2390842
1.5028349	5.880599
2.8149588	3.9248247
1.7396085	4.8074946
2.6749766	4.7735653
1.053198	3.396797
1.8207355	4.069139
3.732211	3.3137472
2.9408572	6.286977
0.7491154	5.808125
0.26489455	3.6349669
0.7061556	7.158527
0.63543403	6.7609262
2.4085968	4.6965866
0.9306485	6.4210987
0.7485973	7.018498
1.4976343	2.9798114
1.3953066	4.667736
2.1217353	4.62978
1.1677758	6.7925377
0.561669	5.375362
6.399735	6.202978
1.6481496	7.552027
1.3391429	5.1817584
2.059194	3.4861822
1.6309725	3.6363294
0.08884433	6.2148156
1.907342	4.002523
0.56173664	3.6816227
2.9539015	5.7873597
1.1811258	7.1529765
1.9913197	6.9753213
1.6373234	7.4654884
0.067524806	4.146644
0.81473166	3.0417151
1.2904161	4.8927803
3.1641812	5.6192017
1.2225149	6.0964127
2.9293826	3.9777613
1.5054998	4.1392326
2.0186272	3.9015636
7.283852	5.5870104
2.0660641	6.071659
3.5987954	3.3497462
0.9806265	7.046822
1.0105219	5.516141
1.8163714	4.3966484
0.25500295	5.7589407
1.908512	7.3060164
2.2250788	3.5995128
3.5015602	5.2823234
1.0812243	5.6020646
0.5333144	6.053115
1.3507919	2.9781423
6.141801	5.5840855
1.2819159	3.7259731
1.6730506	6.0404625
1.9187924	2.4796581
0.12789656	5.887846
0.8342824	4.9117646
0.79339015	6.9917483
1.2674748	5.364007
3.003125	3.8910952
1.8935479	4.1643333
0.06088356	3.9079401
1.1271217	4.6561418
1.1365367	6.768997
0.731694	2.5626955
1.5328537	6.133109
2.840233	5.931635
1.5870856	4.814109
2.3740065	3.7106628
0.14117342	3.5905929
1.9993774	5.4656167
0.46742865	5.973307
3.7919023	5.0534434
2.4351447	6.7590075
1.048657	7.036871
0.5034534	6.0200725
3.9644315	4.553408
1.3888332	5.5972695
3.0499458	3.8814871
2.2879834	3.4550238
0.5988309	7.526815
2.9146476	5.2656426
1.8023447	3.508672
-0.08609714	5.112482
2.1297202	6.210022
2.230069	5.06442
1.6329532	5.3830137
1.5165299	4.9216075
1.1445242	4.996154
3.7462652	4.698355
0.40207598	7.157088
0.7721179	3.6886744
0.5103136	5.8151774
0.55004627	6.2350526
-0.03407916	4.5288954
-0.027051993	4.301649
1.8928382	3.1414058
2.5842688	4.1111784
0.70263785	3.2887688
0.7910842	7.584943
0.36215708	3.001031
2.9950507	6.172291
3.375989	3.5118
1.2195798	5.0267997
0.12294067	5.4989533
0.15362175	5.5298944
2.6670673	4.978923
0.2675363	6.2525873
2.2435067	6.0786104
1.7107581	4.2556415
2.305666	5.690582
1.1013395	5.022686
4.1431727	3.3684924
2.7405033	4.3461475
-0.044465616	5.236423
1.4432746	3.122109
3.3920085	4.588175
4.0163326	5.078043
0.703481	7.195727
3.7488043	3.3828566
3.7360735	6.4133587
2.8819876	6.119888
0.5265647	4.8024673
2.32855	5.431986
2.5019996	6.817689
3.0645502	3.9006429
3.0098832	6.6494236
2.1913383	5.624025
2.2691882	3.6828508
1.0524586	7.021723
2.6751504	4.1000915
2.879733	3.875811
4.7150493	4.8083715
4.0263467	3.1738374
1.5511887	4.3409867
-0.06657039	5.5400567
2.717166	5.3702073
0.40708536	3.8335063
3.6094778	4.93427
1.6918366	5.810683
1.6483052	4.673204
1.3425368	4.001279
2.5252798	3.9615557
1.3478501	7.1521783
2.3319046	5.480579
2.1564934	3.573021
1.1234792	5.390292
3.7075388	3.211884
1.9371465	7.097486
1.2077307	7.6278944
1.5737122	4.351064
0.95335746	5.8465867
3.265269	6.129144
1.2744106	5.383538
1.8745445	2.854465
1.3978547	2.994731
2.8669703	6.3103633
1.3447353	3.689582
2.6970124	5.9605856
7.8968496	4.320948
1.6427847	5.0675583
0.57516265	4.8851314
1.1816554	7.3138943
3.6202335	5.035817
2.7502348	5.6417847
1.6744883	5.860517
2.0729263	6.726807
1.4494183	5.968485
1.0929188	3.5008829
-0.030415785	3.5065696
0.0786541	3.8351648
3.5454416	4.5442467
0.9301522	4.0782337
0.35193655	7.0582843
0.72097945	6.290419
1.8406549	6.5155406
1.9468181	3.4178185
0.8508061	4.3435493
2.6693878	3.9094942
1.0654775	4.724451
2.4136357	4.9380755
1.5977396	6.847083
2.1745949	6.1804132
1.5992945	7.521054
2.6914878	5.5949426
0.4668804	5.042769
1.559499	6.7909894
2.425303	6.8356967
2.038766	6.1389737
1.9149547	7.624454
2.276944	4.3020735
1.7882922	3.7396657
1.7047741	6.175202
0.9907273	5.8249283
3.6121078	4.183627
2.1466653	4.449351
0.67578095	2.5016565
1.539591	3.2170103
2.9929047	3.8935251
1.0958903	3.5335042
1.7556987	3.3638358
3.2158315	7.026573
1.701379	7.3766823
2.5050783	5.390484
1.669892	2.6907814
0.6397284	6.53009
0.6465274	7.3044343
1.6991907	4.170667
3.655551	3.6181462
2.1080208	3.512992
1.7194368	4.704121
1.5811967	3.9220111
1.746747	5.8383403
0.86120695	5.444263
2.2176201	2.7985353
3.8154078	2.717008
-0.1804457	5.083963
1.3948375	5.9615526
4.0273166	3.7855093
-0.17113857	5.1074347
4.0061665	2.9386523
0.59501946	4.0133076
2.9833937	4.959888
3.2413747	6.5658402
2.1752164	4.771676
0.5849699	2.9313157
0.8389729	7.564202
2.7863839	3.635632
-0.042536274	5.231136
0.6499946	5.081177
1.9169519	5.1333237
2.55522	6.48892
0.4727994	4.784605
3.9135175	4.381485
1.1000122	4.8872137
2.8407416	3.7084405
1.5386214	3.1012502
0.44120347	4.433621
1.7361875	4.133135
3.815727	4.6430984
1.1959875	3.144181
3.5773783	5.3549924
1.5115898	2.7869465
3.1643524	4.163854
1.9654937	6.525582
2.3692198	4.595935
1.4696836	3.1587718
1.7643712	6.4167438
2.063299	6.1726575
-0.099767216	5.764702
2.422394	5.503955
3.1945336	4.074104
2.120829	5.9774756
2.1242328	7.4831476
2.403102	6.7540812
1.318957	7.282725
1.9234402	5.874286
0.70468116	4.235394
2.9443138	4.4019175
1.6788791	3.7043262
2.4857407	6.120011
0.6921472	7.1644
2.8157074	6.3653855
1.006477	6.9785104
2.1329184	5.9619794
2.265913	5.753839
0.021964014	4.5455847
0.50997657	3.723777
3.0072837	6.5991163
2.3832958	5.4455276
0.08071006	6.430447
3.6718585	6.0825295
2.1336422	4.97039
0.72824246	4.966449
3.9113562	4.283291
0.77776986	3.0046673
4.4218	3.415226
0.28988898	3.138189
0.24823682	5.6217265
0.40936294	5.354116
1.8309275	6.575351
3.2474139	3.2543776
1.3122591	5.7867737
0.11164965	3.9483697
3.1402774	5.8812757
2.4113128	5.8952146
3.4669151	5.0872154
1.560819	7.145817
1.2133265	6.150065
2.7850618	3.8566492
0.37204915	4.789557
2.6676207	3.6835694
1.446442	3.490217
1.9895382	7.221936
1.9524238	6.5897617
1.7554438	4.040423
2.1477711	4.367652
1.038678	5.310685
0.35988173	4.5937514
2.822329	6.2730527
1.2514032	6.802704
1.6488609	4.7868257
1.5027642	4.1763196
2.902407	6.91424
1.0006037	5.192978
1.6780103	5.320059
1.6808323	5.633747
3.3737566	5.5381556
1.0970415	3.1591592
1.4021423	5.249354
0.5036081	3.5924687
0.25614467	6.4716845
1.6240546	4.874012
2.7885423	6.112338
0.43263075	4.983017
0.96954817	4.8470826
0.38118446	6.181397
0.421664	7.293922
2.0247524	4.6815577
1.0983149	6.265618
1.4011732	6.600275
2.2858593	5.450298
0.9293211	7.408978
1.7243265	7.052116
0.7450787	5.8484573
2.1510346	2.964165
0.29627928	3.8412561
1.298543	6.010628
0.47651348	6.357893
2.0417905	4.3199153
0.086710304	5.973161
1.8784194	4.114268
1.128093	5.5457067
3.9474356	3.2895045
2.0353339	6.417651
1.716893	7.303996
1.6446408	5.8998947
1.2723777	5.7430477
2.6802382	7.204809
0.12721775	5.299647
1.5720538	3.6645
0.9069567	5.031836
0.27149865	4.6767564
2.3931315	6.493287
1.7326778	7.1264915
0.2757246	5.4524355
2.5194936	5.6014857
4.3860607	2.8462832
0.42307565	4.166462
2.124691	6.312883
1.2810214	3.3629098
0.84612983	4.8018785
0.89384246	6.8445363
1.4942632	6.620221
2.5382268	6.3706837
0.58589566	2.866536
2.7551732	4.4210067
2.4161296	2.8412852
0.049873102	5.5466094
6.2453527	7.0634847
1.1314077	2.91555
0.8738555	6.54012
1.1262882	7.504665
0.38206336	4.1133485
3.8553488	3.3670776
2.09981	4.8778706
-0.034899198	4.3635817
1.8737178	4.158505
2.3610425	5.0757356
2.5215642	5.5372453
1.1037705	6.185382
1.8890976	5.9137826
1.874787	3.3487782
1.9772668	6.3950276
1.3400049	4.0991
1.5254025	4.816591
2.4638917	6.7643027
0.8023865	4.2549524
1.0594581	6.925753
3.1749988	3.849977
0.3699001	5.5437083
2.038431	5.49171
2.1984718	3.3978732
3.3058472	5.442533
2.0346992	6.8335366
0.33393776	5.948184
0.2946496	7.1713705
2.1127918	5.6794868
1.4496281	5.6965365
0.16382287	3.8619945
1.78956	4.2034197
3.1712697	6.3870544
1.4967121	4.928721
0.15540227	5.1949706
3.9332829	3.997742
2.1799242	5.9196744
3.2754047	4.963468
1.5571421	6.53535
3.4977894	4.5891747
3.7940657	4.2677794
1.0056747	7.1193047
4.338811	3.8789215
1.9140872	3.5816212
2.406125	5.656777
3.33832	6.61987
1.9280869	3.108768
2.5413094	4.208499
0.3798164	4.993737
1.8906866	5.4308004
4.0148764	3.9626722
1.6429917	4.0369015
1.8587054	4.0471687
1.3820976	5.728686
0.9955649	6.750161
1.9867674	7.4927406
0.3544592	3.2133327
0.59388375	3.4557087
1.0139143	6.4523544
0.014106492	4.6632
0.61736083	7.404078
2.9505033	5.6751437
1.0195397	3.928599
1.7237448	5.696997
1.025932	7.161312
1.1271249	7.6882854
1.79594	4.21625
5.183435	5.513458
0.9996642	3.502512
2.6788077	5.8562737
1.7886422	2.7729528
2.7113452	3.6976213
1.7839985	3.8370743
1.4612215	5.488618
0.90881884	5.9732084
-0.12118786	5.0845094
1.5124491	3.84584
0.18066497	5.603323
1.6872357	5.0116525
2.2980971	3.7151177
2.4340067	3.830456
5.2007585	3.1697254
0.8850325	4.9728527
1.3296164	5.5175858
0.8847298	7.0142236
2.2846863	3.3782701
2.986288	5.8765016
1.9989558	7.533603
3.803369	4.476938
1.5766034	4.467884
2.471824	4.5392714
2.0732312	7.212886
2.4516172	4.5042534
0.14750406	4.723775
1.4506874	3.823718
2.0857148	5.328207
0.9334511	4.6177797
0.04261838	4.392759
2.1365585	7.204557
3.00267	3.388153
1.60558	3.400206
1.552653	3.0490441
0.5501985	3.2424936
1.8783914	5.0520997
2.1860292	3.3065448
2.4477367	3.5997057
2.8183837	4.4155383
-0.020064907	3.5878515
2.0776143	5.5142694
1.5112967	3.7262297
1.5248415	3.6879838
0.84330094	4.49328
1.855227	4.934206
0.45193928	3.4749458
0.92814344	6.5297265
1.1668764	7.628666
0.47348043	4.1545877
2.1667979	5.7850957
-0.04564319	5.217049
0.015467057	3.9053786
0.5907964	3.7195516
1.5330256	7.31475
2.335021	4.247164
2.3090982	5.682308
1.6733382	4.375168
2.5145118	6.031173
0.7893859	5.8445706
2.875252	5.990684
1.4591922	3.723785
1.4652952	7.430132
3.6795146	5.6788225
2.8089154	3.9350095
0.44941825	6.4518456
1.1842085	5.985465
1.8608304	4.0045114
2.803301	6.319596
3.79524	3.0210748
1.9444878	5.347158
2.411863	3.1879551
3.023012	5.4281864
1.5765964	3.8109367
0.39050436	6.4971128
0.53413117	4.1068435
0.10980961	3.877949
0.4913187	6.199094
2.3717742	6.8100476
2.5827122	6.7805614
1.918377	5.3493786
0.7801797	7.0731993
1.0561203	4.246115
3.3370693	5.5744176
0.053968754	4.2156076
1.9997967	3.5294013
0.594919	4.0314665
2.9373217	3.7882385
0.51131666	4.974146
2.081067	5.2859826
0.22601862	3.9752831
1.6619774	3.8049285
3.757044	3.2933357
3.6977117	4.261255
2.1209614	4.6149154
3.0739617	5.1432996
1.8195752	4.146989
3.2947257	6.6881576
1.7459064	6.6059356
0.63873	4.913593
0.6514141	6.835163
2.1354995	7.4806943
1.7698039	3.9826965
0.049362414	4.933043
0.8317731	7.5119314
1.8171884	5.6789804
2.7997103	5.9107804
1.4766936	5.0632267
0.15305822	5.919393
3.114279	5.596377
2.456518	6.671249
1.2967253	3.2842267
2.399616	7.132171
2.6852658	4.8077116
1.4638743	3.0733058
2.302311	6.5037913
2.6413176	5.6796427
1.1315832	5.8235073
0.8090643	2.9942005
0.23427154	6.442618
3.540531	5.47388
1.2794286	3.5252779
2.5268695	6.074943
0.13140535	5.727584
3.8791847	4.7042413
2.091374	3.9820752
4.255218	2.6276462
3.7889068	2.9436548
1.2716063	4.554704
2.1230052	5.3395786
2.5189831	3.8820481
2.2064285	5.8077154
0.13700487	3.758562
2.7602897	3.7567027
1.2678244	2.635066
0.044084236	4.593909
0.54513395	3.9884565
0.97462213	7.2139993
2.2914844	6.770891
0.7362762	5.1409025
1.2238945	3.743404
0.44932437	6.4097514
1.8484331	7.5359416
2.3316	4.3939548
1.4094858	5.4603624
2.3475904	6.800033
0.6236628	6.732983
0.62691736	7.3297024
2.527928	3.7905614
2.091616	7.042223
3.3826373	5.2365704
2.0493178	3.5176375
0.8311825	3.4598413
2.5016654	3.0137205
3.203686	3.0563354
1.7727822	5.2720413
0.82687944	2.5423753
2.6409302	6.7579417
0.53658867	5.3553267
0.4943756	5.1794972
1.5502476	5.486395
1.3223829	3.455457
2.5091786	3.284593
1.2094629	4.698144
1.9626896	6.5774355
2.7002304	5.973719
1.0625556	4.8224816
3.6822815	3.2890017
3.1036644	3.1072876
0.09017798	4.00939
1.7457217	5.682733
3.011277	4.9251614
2.9757082	4.380056
2.3293524	3.4182281
0.15807258	5.6756787
2.0450077	3.6006923
1.4226373	3.7302911
0.7254977	6.6721115
0.24532706	4.102057
1.0672594	4.844313
1.0143129	6.9016714
1.1674479	4.407331
1.1135596	4.450158
3.850354	4.7089257
2.3044941	4.4835286
3.594945	4.1373377
1.115177	7.6346083
3.1939638	6.8049626
1.4030893	3.4693909
0.5055675	3.0261204
2.686959	3.3718495
-0.0493342	4.4707575
1.937575	7.5310926
0.5514402	6.6037855
1.9756519	7.075905
2.1772637	4.1511235
7.726954	5.017225
1.1755459	3.2812517
3.3091671	5.607427
2.4386756	3.6845858
1.492999	4.391217
0.92218596	6.731869
1.5261836	5.802637
0.4384208	6.2542005
0.99872375	3.0770788
2.850952	6.263063
0.5062434	4.170109
1.5175408	4.14048
2.293706	2.905672
2.5632029	4.1952386
3.6245246	4.245322
2.3695679	4.5178223
2.2169027	5.4904943
2.361021	5.572496
0.58150077	6.8320794
3.9044962	3.6921313
1.2604966	5.5455275
4.365881	2.4747493
2.5821934	5.9572477
1.7798669	3.979206
0.25530785	5.5819626
2.8890312	3.4748535
3.9781091	5.0119987
0.8314811	4.8697224
0.3251172	3.0754907
1.8218602	7.3288617
0.93821543	5.132754
1.5124857	6.080988
1.8610286	3.5640771
3.2322764	6.400702
0.99457085	6.6892576
2.0836582	5.365681
3.02683	6.477516
2.6401944	4.468048
1.7952688	3.5100422
0.98457444	3.8962684
0.28078586	3.8030112
4.833185	5.037727
2.2371342	6.3444157
2.6615715	3.9192715
0.51710653	3.052428
0.18118776	6.9299984
0.9994198	6.5355487
0.33463395	5.8434916
2.0604756	3.766064
2.9899845	4.745128
3.5472987	4.7052145
1.8526039	4.5748754
4.2196994	3.2010639
3.20417	3.5836065
0.74960953	3.7293427
0.8338859	2.5774822
2.2606072	3.2558095
4.184606	4.1956573
2.4525003	5.7947946
0.6576172	7.0585613
0.92741317	4.643621
3.6933854	2.7417672
1.4385012	5.7211885
2.5347192	4.2552524
-0.17732768	5.127745
3.3649201	3.3890104
2.721088	3.9741666
3.9559972	2.7153952
1.0552777	7.029759
1.7486807	3.2140799
0.5812645	3.9051633
3.6851888	4.9596972
0.94620633	7.002469
1.5789084	5.348821
2.7653425	6.4297667
3.682273	4.295834
3.4777043	6.6739182
0.07179729	4.2974916
1.9097872	3.9606524
2.8440263	6.6116004
0.8114968	6.4363675
3.4096453	6.5166206
2.7665596	6.96843
1.8164309	5.2671423
1.1580538	3.3854442
1.9670331	3.34833
0.5623501	6.3237467
0.75092787	7.038129
0.60870653	4.6442757
3.37108	3.527778
0.2821366	6.5499077
0.78335214	4.629606
0.91463554	2.7147532
0.8296401	6.1253076
2.0183876	4.338076
2.1873286	2.905119
2.481997	2.955862
1.1447674	5.844307
3.5158358	3.27501
1.7036307	4.1396136
0.7773885	5.032072
1.3308275	4.9513106
0.6279806	7.4117236
2.8518279	3.8964336
1.4129099	3.6723673
0.79410315	4.243726
0.49839154	3.525711
2.3222344	6.756033
0.22941214	3.4235375
0.6785268	3.405561
2.9112535	4.427878
1.9096009	4.816098
2.1787155	6.337984
0.4980816	6.763019
-0.025424182	3.7623012
0.99367124	4.642976
1.3812438	6.2457275
1.989694	6.8999763
0.54026604	4.135485
0.9848084	2.5657034
3.874964	5.1511936
1.8574604	3.6929252
2.3801694	3.5203705
0.6287878	4.1561027
0.07009478	4.515553
1.7592032	4.5748377
1.71542	6.523195
3.173604	5.463354
4.566182	3.2864182
0.60172	3.7688854
0.5841129	3.5338562
2.815133	6.319033
1.8589709	3.9745824
0.61168313	3.0427394
-0.030292016	5.1132045
1.282676	3.4051812
1.6097033	6.850392
2.209884	3.8064382
0.33554047	3.182876
1.5458664	5.6107903
3.0806139	4.0298333
2.069966	7.0089874
1.8349345	5.4548864
0.15294753	5.997935
0.07129797	6.3858232
1.3538004	6.0298142
1.5060126	6.702798
0.86401755	5.827463
2.052483	6.3323584
1.1503277	3.1786442
3.5158937	6.3294697
3.468228	5.3979354
1.5155677	6.7411156
1.0186771	6.4804683
0.8406497	7.5221014
1.0699272	4.8045487
2.4040775	5.6182923
0.76027155	6.3472266
0.8850997	6.59915
2.8261495	6.4995914
0.15723117	6.4919605
0.4365038	3.2047756
2.7776482	3.6074402
0.8587315	3.177884
2.378975	6.1962495
1.1835712	7.1611147
0.4730126	5.9655643
1.3862717	6.7137914
0.06684879	5.2091966
3.7341547	3.3765993
0.9053695	7.2562733
2.6184392	6.228515
3.7230337	3.1890304
0.061985023	3.47541
0.87875336	6.304509
1.268852	4.3728275
4.803307	5.095138
1.6757908	6.480216
2.9117494	3.8491814
2.487182	4.823401
2.5610545	2.7028315
0.11759385	4.015373
0.026242109	5.585015
0.8743644	3.9467065
0.92190886	4.9126496
2.669513	3.9575155
2.076097	5.5950723
0.9232979	6.3221264
1.5424207	4.0761833
2.6794512	2.7814145
2.818159	4.2885604
2.646139	3.7814393
2.387467	6.1846366
1.5256964	4.6546216
0.16414036	4.3294244
2.3715851	4.639058
0.16819555	3.456887
1.4060115	6.45106
2.6821434	5.8616624
0.22517905	3.7652402
0.2500977	3.8643868
1.498035	5.189856
1.7069592	5.69248
4.129383	2.550278
0.49928132	3.976797
2.988601	3.5678015
2.8904057	6.280219
0.9372252	6.7846384
2.8689601	7.020074
2.2686877	3.4111416
3.2049882	6.1374187
1.6011094	7.431447
3.7477763	4.00336
0.88423735	6.962743
3.2009184	5.715881
4.0462413	5.7735863
1.1496425	7.6484575
1.863421	3.7882464
3.751681	4.312669
2.5570898	6.4038396
0.654888	3.7673957
-0.08778052	5.2112594
2.7177405	3.8398552
2.224353	3.8552833
1.197004	3.3180373
3.6326668	4.1565294
2.5505342	6.2902184
1.8269826	5.4887915
1.506888	6.1608906
0.6965819	5.3128076
0.56497705	6.269465
0.5311583	2.866505
1.8278886	7.3605924
2.5683138	5.6051826
1.2259623	7.712356
1.5150027	5.7106576
2.7445402	5.388001
-0.005452241	5.0939703
3.1308413	4.4400606
1.1208665	7.166767
-0.0073150587	5.1943145
0.56567854	2.9151974
1.0122871	6.8876286
1.1464596	3.762174
1.8361683	2.880554
0.8096007	2.5593846
0.6184275	6.523218
3.5896502	6.032514
4.7549715	4.7618213
0.17110911	5.350549
2.9770324	6.083736
1.5104861	4.627727
1.904003	5.336639
2.689412	4.6906157
1.9530102	6.65259
2.255731	4.565785
1.5372659	4.429684
2.6977496	5.5364437
1.3643357	4.9333673
1.4475513	5.100386
4.068703	3.223136
1.155222	3.5695174
3.1235278	6.378055
2.8153048	5.194919
4.0393596	4.930635
2.0017195	4.4380937
1.3391232	3.1055937
1.6381768	7.5391
1.6499511	2.7146509
0.6091068	3.218547
0.9544458	4.7852902
3.7913098	3.5801363
2.2291229	4.6661763
1.5692592	3.9117956
2.4083478	4.8868523
2.3008475	4.7463055
2.3111029	6.2400007
2.739005	3.6452565
1.2846991	5.9826617
0.54703957	3.444317
2.0322897	3.6184962
2.5991154	4.6457634
0.29385352	4.060704
0.25641796	4.383483
0.0103511335	4.4823394
0.13360105	6.4561863
1.3512391	3.2065814
1.629742	6.0198054
3.604983	3.1208637
3.73095	5.4948583
3.2533092	3.4978154
0.19620521	5.760108
1.2757999	3.7644815
0.8941209	2.8311121
1.6745142	3.9283311
1.1881777	3.7525277
1.595423	3.0336955
2.1182415	3.9087658
2.2239664	6.28478
0.5367628	4.857584
2.1225836	6.0661683
4.163943	2.570763
1.7243304	4.890432
2.9325655	5.255901
2.0244079	4.6211324
2.027383	3.7001011
1.2350336	4.5616493
0.45814818	3.0977938
1.5300928	5.1715956
1.7286534	3.8112516
3.5513947	5.150376
2.495111	6.779311
3.6312463	2.8804684
0.22238402	4.8024926
4.0601444	3.8543112
0.25638324	3.2816598
1.9244277	5.554135
1.9344418	6.0914483
3.9570494	2.8489745
1.8485396	5.450992
1.9533975	5.113016
1.02033	6.715908
2.1793027	5.9836082
2.6637743	5.883429
3.3136086	6.6748223
0.72497123	7.529952
2.203691	6.535993
3.4189942	5.1967306
2.9638484	5.42213
2.0496402	3.743707
2.3347158	4.0009418
0.314631	4.066533
2.1938088	4.558631
0.95848787	2.9412575
2.4162192	6.41926
1.2179013	7.216934
1.9687942	7.405674
-0.117090136	5.141557
3.0801775	5.0726705
1.1591074	3.872736
0.778197	2.5680094
2.5046868	6.7107263
0.32347536	5.5584617
3.674893	3.029851
3.7062607	4.4539037
1.9457022	4.56574
4.25423	2.4758503
2.264269	3.397106
1.0493085	5.7189302
2.8702018	3.893139
1.6326436	5.682501
3.4535263	5.2963176
0.52690077	3.458041
3.3281715	5.2178845
1.2972766	3.7987936
2.2181592	5.857336
0.90419304	6.470835
1.6611564	4.111197
1.1236744	3.1474826
1.6959265	5.7185574
0.45676985	5.4598274
0.7865242	3.6604908
1.7313212	6.363503
0.6604762	5.1990876
0.04693866	5.236131
3.2964187	3.9739726
0.23974654	6.825002
1.9421719	4.7639813
2.0423894	7.1614804
1.7421021	3.8810177
1.3758831	3.717336
1.3475062	3.1676972
0.98073685	4.858882
0.7903752	4.3952575
2.8563943	6.553225
0.8879021	5.711681
0.8012814	2.6909785
1.2837751	5.0563664
6.0453134	6.704467
1.4378418	3.6455686
0.58104014	3.3387556
1.1707054	3.1436942
0.52610713	3.6245348
1.1656656	6.005178
0.9137554	4.5020814
0.02892814	5.4221954
1.8473724	6.032489
-0.17010976	5.102453
3.102535	2.999892
0.18724045	6.500544
2.9404767	5.23151
1.8165214	4.2743945
1.561759	3.692566
3.7087033	5.3393087
3.0531464	6.485222
0.7424871	5.9656634
0.91081846	5.433874
0.81073034	5.4555106
3.6780126	2.755098
1.5408107	6.7657423
1.8928089	3.8279564
3.7930677	3.408915
2.7322578	5.083143
2.068181	6.1868205
-0.005542851	4.502841
3.1746087	4.4087977
1.1030525	5.771216
2.295125	6.3643255
0.9475054	4.45431
1.4655178	4.29484
3.1508083	5.197702
1.4926139	4.403626
2.2807	5.8403106
2.6009853	3.7900267
2.0447786	6.1543355
2.6542299	5.241378
0.09125243	4.7422824
1.7998905	6.8021374
0.9866805	4.3733783
0.35995543	6.0434155
0.6862642	5.2302127
3.7717164	5.0173297
1.1363622	6.280417
0.93335813	5.04894
1.6966207	6.4166613
2.0564582	6.283558
0.18003538	4.1286836
0.73495823	5.135613
1.8630453	4.9095774
0.49569368	4.379728
1.0386454	3.7978988
3.494963	5.417436
2.157139	5.670581
0.42065555	7.0870347
4.1093793	2.5514486
2.6164165	6.7364573
3.7726624	4.8317566
3.2756667	5.4564085
3.6110675	5.055677
2.7349057	6.0812426
3.8914587	6.4917235
0.6284888	4.10483
2.259634	4.670197
1.1679208	5.2255836
0.94512135	5.645568
2.273799	6.5328093
2.5763388	3.36992
2.071372	5.910372
2.7569685	3.9514318
3.5869696	5.37981
0.68789107	2.9436352
2.516655	6.7733707
1.6181761	6.3594666
1.4779449	7.373219
2.5313673	5.862603
1.6375123	4.554793
0.92451864	5.696194
2.8650665	5.873
1.9686973	5.1807055
2.0447788	4.2433724
0.39210796	3.948787
1.7054013	3.8203177
2.1897593	2.838773
0.7955893	7.3509693
0.617227	3.6293178
1.8120004	3.8626409
2.1122878	6.1916885
3.7038403	2.8310106
2.5516818	6.243437
3.8150756	4.465615
1.1301492	7.658946
2.8344598	5.3830276
1.2005428	5.3170905
2.300287	3.635095
2.5782292	6.0680857
3.583264	5.024101
2.403414	4.7840075
0.054465722	3.8703978
0.19204955	5.660073
4.7528577	6.0723805
1.9627341	4.1127973
1.3185585	5.366302
0.978223	7.0603814
0.14995882	6.39864
2.5101128	6.2769203
1.1255069	6.255156
1.0744714	7.0074463
1.1443366	3.7491386
1.3559822	6.66891
2.3612273	4.6782436
1.1734413	7.402463
0.9884714	4.3180294
1.8067871	4.1759486
2.642769	3.8953156
1.3601516	6.1930876
0.39793977	3.2069664
1.2065175	5.0020514
1.9809017	4.8592496
2.4507425	4.0789576
3.4098577	4.696372
0.14714226	3.84694
0.676113	4.222792
1.369041	5.0164495
0.88207424	7.042448
1.113107	2.835951
1.0604166	6.041928
2.9015818	6.332085
1.4026728	7.420288
0.90190256	5.66843
1.9888552	3.4662313
1.0457691	6.598776
1.5984454	2.6411667
0.7149409	6.789176
0.08075013	5.0642853
1.9807434	6.3626485
1.8305533	3.8070374
2.697049	4.393315
2.1164272	4.4864945
3.695657	4.870083
2.489389	3.7931361
1.9351372	4.8701453
4.269297	4.5021777
1.8467648	3.8033469
2.7112699	5.4465556
2.123285	5.5421805
0.9294031	2.4217532
1.6459758	3.627359
1.7052186	3.7225313
0.17268042	5.1939273
1.0464188	4.2935266
0.6151013	7.3919907
2.3896937	5.8932905
0.04815638	3.836256
2.6253486	6.57769
1.0087029	4.5807285
2.3690958	5.949328
0.3343414	2.907641
2.981315	3.2484117
2.750595	3.8542733
1.8348849	6.738683
2.0563068	5.597359
2.1727273	4.9082017
1.9878325	3.2224762
4.222417	6.1115656
0.75283813	3.6815012
1.4136455	4.5108433
2.922387	5.8643126
5.263681	5.0559025
1.4536397	2.7537332
0.8115222	7.501776
0.50832963	7.246194
2.450312	6.4222126
1.4465775	5.1976995
0.97545743	3.675999
2.2214255	3.8615463
1.4144479	5.7243743
3.9671736	3.7028646
2.7385168	3.135725
0.39222568	3.1496196
2.899327	6.6732965
1.3488116	5.349298
0.7252616	7.3807077
1.6631336	2.710871
2.3724172	2.9920769
3.6542506	2.808153
2.3993244	6.0532384
2.7007456	5.3803415
0.97467095	6.266148
1.6114066	4.4459724
1.3764324	4.7747765
1.4052747	5.001218
0.7447453	4.084539
3.4745457	2.9555104
0.4369251	5.945798
2.3411474	3.8378987
1.2208232	6.341247
4.56002	3.2418153
0.57547134	6.775463
1.2045019	6.969313
2.0301144	7.3510246
2.418293	6.9176307
2.161321	5.706007
1.1465479	7.616843
3.0464973	6.4446235
2.3716395	6.8182774
3.0703897	3.3628867
1.8156182	5.5890646
4.016547	3.2875934
3.7443683	3.8137658
2.0535681	7.1155095
3.6416543	2.9455488
1.2701049	5.2317724
0.40669203	2.9344316
0.6881524	7.012546
3.5673556	3.2864382
1.5844686	7.6049957
2.0458934	6.4254203
1.8235569	3.946402
2.206485	5.4277883
1.4831086	3.6574967
1.837325	3.558908
2.9587567	7.057077
3.0375004	5.694608
1.8351343	3.9582977
2.246448	6.0569897
0.71507233	3.0682652
1.4717146	4.200749
0.6208009	3.7786987
2.2573614	3.4551115
2.0957391	6.976729
2.7810907	3.7092166
2.4534435	5.26432
3.6283743	3.3556492
1.342677	6.592554
0.54697883	3.6320238
2.1677885	7.3697834
1.6770742	4.8415127
3.1122224	3.1369922
2.8446062	6.14791
1.9896282	5.0231366
0.6133978	3.4595997
2.1079996	6.1173806
2.0143747	5.068459
2.6245303	6.708158
1.0106814	4.858008
3.4378238	5.598458
3.4063518	2.867653
3.4893813	4.0550294
3.2491956	5.9443436
0.9814789	7.6823072
2.4194267	2.922373
3.1032538	3.0564132
3.9675791	3.0170467
3.4857452	5.4322877
1.6658115	6.509646
2.637275	5.0696487
0.9001597	4.2998304
2.017826	6.0349765
1.351582	4.2560472
2.775719	4.9680886
0.77933025	2.6034045
1.088759	5.516597
2.5581818	6.936812
1.2186146	4.9966397
0.83121276	4.6807156
2.2564392	4.790996
1.7360737	2.9032042
2.9146574	4.9969697
2.8202572	6.4393663
1.6059963	7.1987605
1.9738858	4.686695
3.7158525	2.936123
0.23911297	3.3716655
1.929639	6.533483
1.7289114	3.7690358
1.4422722	6.9680734
2.3028717	2.996223
0.1010327	5.033501
