6.144598	3.3744278
7.473991	3.5838575
5.320475	3.1466012
4.672365	4.747095
7.4368763	5.9694047
6.5807185	4.4266915
6.709744	5.4736104
4.932346	2.4693296
6.1704583	4.6705265
6.013294	5.669498
6.8790584	7.18719
5.3934298	4.541206
5.5502486	6.8542643
5.2015176	5.1614637
6.264582	8.019478
4.2335253	4.0710073
7.3691583	6.082185
4.472175	4.6843696
6.333853	6.2727165
6.446955	6.663121
5.527673	2.8405108
0.887448	2.3704867
5.6060796	6.240744
4.0228133	4.8707166
6.7951617	5.9703283
6.473916	5.260488
7.6197553	4.0113015
5.4479923	2.3804815
6.3317466	7.256014
6.0111628	4.7375746
4.3738756	2.5934522
4.797578	4.3011684
7.191848	4.8312616
4.0237823	4.8261347
3.8147557	5.745913
4.7736263	2.4674406
5.6282024	3.4160428
5.316133	2.4498827
7.463501	5.473462
8.017962	5.283108
7.2507377	5.1374474
6.332077	8.288881
7.763848	5.0294633
6.4322457	4.077392
8.002956	5.3254514
7.6645703	6.242315
6.5276265	7.584836
6.539447	4.4200044
6.427792	8.331046
6.295206	8.299402
4.0991926	6.348586
6.6243587	3.9930236
5.322768	5.0783806
5.233122	4.751171
6.5263968	4.5850763
5.4129457	4.773574
5.55213	8.104349
5.193332	3.8980322
5.700125	4.9557557
7.5683045	6.8057013
4.7445416	3.0102074
6.6516047	6.340659
4.673461	6.277032
7.764757	3.8227484
6.408341	3.9571261
6.287422	6.6940417
5.0520067	5.1971636
6.3721085	7.517318
5.5678935	5.6879263
6.1711173	4.568868
5.977947	3.0799382
6.917174	6.193559
6.1972594	6.5462604
4.784905	6.612476
3.7413335	3.2915509
4.0978336	3.1455712
5.7712483	3.9344409
5.4708858	4.497326
5.4680204	5.515389
6.2639	5.642593
5.2505407	6.783787
6.5354953	3.9765425
7.4831667	4.2891693
5.8618627	3.152189
6.54195	5.00837
5.2834387	2.511519
5.307492	3.7159557
6.6876183	6.7698507
6.479277	5.1604676
5.6858826	5.3076925
5.3911357	5.499812
5.600509	6.934736
5.9933767	4.121952
7.6953783	5.48484
5.524092	3.792027
6.2852554	4.4419446
5.042327	5.252281
6.220564	6.6733975
5.1302676	5.4776497
7.8710284	6.3094473
5.3783116	4.481336
8.048071	5.2661457
5.6903114	5.930452
6.607009	3.9676151
6.291061	8.264945
4.647951	2.478556
7.4760036	5.3808618
5.786867	4.9131804
6.920824	5.605675
6.2253847	4.752468
5.321729	3.1033068
3.8335238	4.763806
6.6716685	7.3268642
4.689635	7.1188846
5.785588	5.779188
6.343193	3.659253
5.4091735	5.582492
6.009305	6.6823945
4.6861086	3.7629192
5.295162	7.687353
5.0817933	7.03395
6.2731175	8.0411215
6.838054	3.3483763
6.3229675	5.186216
7.046927	4.2123227
7.782249	6.2118363
6.529695	5.89568
5.8308306	5.319227
6.092543	8.10309
7.3874	6.962677
6.7414446	3.3484662
5.771445	7.153059
4.536514	7.292755
4.52024	6.8013563
3.98271	5.7711735
5.858381	7.493991
7.4738283	5.760071
4.8884263	2.7603087
4.822789	3.23062
6.4649353	6.6268945
7.725751	6.7758727
5.9273977	3.5831723
6.458512	3.7621844
6.6257863	6.7332125
5.154402	6.5861974
7.3047953	6.886213
5.609039	7.751266
3.9721475	3.893131
6.786031	4.175288
5.9442606	7.9493933
6.3935885	8.145688
5.903732	6.5495706
5.220304	6.2319202
5.8710175	8.291183
5.541538	5.0028415
5.8800855	7.7746015
6.623277	3.9933236
5.942257	4.3220844
6.0914297	5.324626
5.404361	6.7052608
4.7749977	3.7205732
4.6119547	4.2781844
4.626673	4.5644426
6.019289	4.413323
6.932094	3.4054585
6.6507835	7.5522633
4.1093554	4.9577413
6.0613785	3.3470168
5.1201496	3.7192864
5.060674	7.497496
6.202853	4.2753057
5.872812	4.474212
6.974862	6.3541255
4.6377172	5.4990053
5.8996634	5.283071
4.14626	6.5285482
4.8195496	5.5000534
5.283603	6.7780905
7.659924	6.04262
6.202113	3.385196
5.84711	3.5414
5.7370806	3.7799506
7.4892993	6.6299534
6.7034693	7.422158
6.1926813	6.808506
5.602954	5.4356165
7.2519355	5.125501
4.3720884	4.6300426
4.3625298	7.342103
5.7924705	6.25339
5.195675	7.0944386
6.097076	4.7230988
5.9180865	3.9826202
6.043729	5.6918516
4.5786843	6.901909
3.0947664	6.1223373
6.7451205	4.6791735
7.3195596	6.672897
6.4562497	6.7055383
6.5036507	4.667252
6.663957	7.5316024
5.958432	8.212893
5.09922	6.353854
4.660361	4.9030128
5.645705	8.232115
6.6883893	4.6855874
5.0902653	6.48825
6.6567745	5.7876167
7.1589684	5.180142
6.171073	7.589635
6.9563117	6.6697683
5.4449353	7.153454
5.4746966	5.944612
6.248357	7.4998875
6.747667	5.0878987
4.6078377	5.0069036
5.4950795	3.9930289
6.5346384	3.4538276
5.7231317	5.233483
3.8743305	4.730011
6.7373967	3.1983128
7.7577467	5.8928604
6.87616	5.9530396
4.346516	6.4581127
7.169524	5.175416
5.9470615	7.7387185
5.693908	3.4564428
5.9902997	3.8807235
6.3395	5.6717825
4.3160877	4.788069
5.447624	4.7231383
5.9792333	5.122166
5.0838575	6.1667986
4.355811	6.7078166
5.4674816	6.37863
4.285976	5.1495075
5.7574344	7.732785
7.95643	4.363453
5.613725	6.40487
5.7603254	3.1082196
6.692162	5.24701
5.021613	7.202666
5.6645727	6.661638
6.8152275	5.4018154
5.032833	5.707051
3.9173164	4.8594522
5.4565516	4.9479094
5.8788147	3.0273893
6.7134476	3.2674417
5.136493	5.562724
4.355615	7.0691347
4.6818438	4.9665074
0.29466522	4.707453
5.9926195	7.359949
5.6920557	7.101362
5.6105723	5.430939
6.272548	5.6175995
7.2844195	5.270041
5.250106	6.528201
4.5932045	6.084361
4.3736916	3.3321114
6.3931656	5.5879097
5.252309	5.6778073
5.7095165	3.7403991
6.4459143	5.832515
7.8543897	6.678018
4.8949585	4.091499
6.748492	5.3050194
5.4630694	6.52261
5.631477	4.6216817
5.845547	7.5513015
5.622184	5.8471627
5.2912703	4.1278787
4.901874	5.293696
5.9396663	5.8580475
6.828398	3.1626804
6.72711	5.6475296
4.552373	5.8047857
3.9307315	3.2328765
6.0565705	7.9096866
5.486782	6.1452036
5.8782134	6.046399
6.408285	4.680919
6.2697306	6.5875044
7.3100486	6.0791216
4.149028	5.1640177
4.8422523	3.8958378
6.3637276	7.3965816
4.43707	7.1847057
6.332446	4.797357
7.9129205	5.9174404
4.4714894	4.3430514
5.5499754	5.484882
6.6245713	3.633179
5.218075	5.431065
5.5099387	4.7252574
6.517616	5.730219
5.300841	6.3464236
4.6307025	2.8361344
7.7444143	6.8007383
4.1309323	5.2161293
7.742845	4.7206917
5.7877483	4.98241
7.042501	4.409107
5.1065464	2.3814297
6.615449	7.9779863
6.255701	4.811508
3.7104278	5.2291555
4.5165925	7.415319
6.4842777	6.4563527
4.3939924	4.90404
6.2806435	8.334033
6.1377735	6.598362
4.7764883	4.1139455
4.749016	5.4556737
5.3797	7.0313544
6.2866545	8.320922
6.0300527	5.2175393
4.263334	6.275681
6.442266	3.2324195
5.8804126	4.609378
6.010226	6.05561
4.300951	6.0238466
5.2157	6.132927
5.2021194	6.849687
4.120302	4.700321
6.6750793	3.5330663
6.7431808	3.9642754
5.764566	6.452988
6.8954372	6.305441
5.528875	5.454976
5.961947	8.320504
6.649855	7.1289663
5.9533935	4.5345716
4.6005597	4.1789
5.1428967	7.459302
6.295295	6.663154
5.2609625	3.4359238
5.4676743	4.047943
5.626492	4.5169935
5.9674625	4.456934
6.2768292	8.320102
6.5633473	5.8174067
4.0052066	4.9638376
5.6885505	5.7456627
4.861893	5.715149
6.9233785	4.7606864
5.384184	3.755918
7.934982	4.506838
5.373765	7.265277
7.6191316	6.3888297
6.086698	5.920235
5.3270974	4.930141
4.8781085	5.3669577
3.9110014	4.338592
6.896678	3.4387672
4.546529	5.4660273
6.786972	5.900506
5.828063	4.5892253
6.2135463	5.4626813
5.2055	5.0016427
5.0982313	3.2329779
5.505392	4.6861806
6.7024384	7.745554
7.528769	3.5179784
4.85593	6.341788
6.155102	5.8402853
3.9222577	5.8323736
4.755061	3.8424125
6.574818	7.2126865
5.0430565	2.6043777
6.0159664	5.9711766
3.6942835	5.2715397
4.7353735	7.135446
5.4164395	2.7218132
6.5137434	6.487583
5.629284	5.557439
4.5262084	3.5889199
4.918583	6.849079
6.152464	5.849611
6.670832	3.426024
6.7474995	7.446857
6.935906	5.8030305
7.3165336	5.5332522
7.3702044	3.333199
4.077395	5.6937475
6.677398	6.680299
6.32542	7.6184254
6.453832	4.5678306
5.3132577	7.4909687
4.8573437	6.9833803
6.6252475	5.501568
4.2547574	3.6724787
5.35616	5.5820975
5.9802823	5.0107336
6.1006737	4.56684
5.3044558	3.752872
5.0932503	7.0036163
5.9087567	3.1680176
4.2126336	3.6062803
5.9680657	3.4270806
7.8565297	6.1128535
6.722389	3.3617609
4.6612015	4.939726
5.31613	4.716788
6.934501	6.7232246
4.847075	4.5531864
5.3123274	2.8002925
7.776386	3.8976505
7.065056	6.006459
6.7432284	7.880035
7.370784	3.3448184
8.011482	5.3468323
5.5870285	7.2386665
5.781496	6.039219
5.7822704	8.17926
5.0499043	6.9991727
5.534673	4.6146464
5.59907	7.5841165
5.1002035	6.759642
4.754679	4.096912
6.2267084	8.23051
7.4024434	3.8327134
7.296938	4.2991314
5.77182	5.651238
5.991168	6.744373
4.428767	6.0278683
7.7373433	6.1642656
6.288464	3.359972
5.93883	4.4794765
5.904761	7.5687914
5.6240396	4.068777
6.186314	7.697118
6.5093775	4.0366416
6.9021163	5.1095533
4.477424	5.2269516
5.0687537	2.3834913
5.3205285	2.480002
4.587839	3.066378
5.1582613	5.540807
5.4456263	5.793586
7.194931	4.0250754
5.9276285	4.787551
7.2263036	6.528619
6.250229	6.0061865
6.296505	8.358793
3.893058	5.7977614
6.299203	5.55821
0.07313465	3.5783594
5.4779577	4.8724785
4.2909718	6.087412
4.940179	4.8305955
4.900944	7.213823
5.887091	8.009821
6.570703	4.5482173
4.6397047	5.6583443
4.72786	3.8123815
1.7145352	6.710415
4.527697	3.9173
4.5677786	6.73184
7.532049	3.4723444
5.408072	3.555186
6.534309	5.283474
5.2291903	7.5921164
4.132222	4.871733
5.164092	7.1022615
7.238436	6.463583
5.909986	7.8570037
4.735512	5.1417575
6.734031	7.547164
4.2611556	6.0482774
4.5938606	2.8350103
5.4786606	7.7989025
5.9985223	7.7039165
7.0237284	5.7394776
7.4729724	4.9611225
5.918689	3.6958053
6.6893773	6.519444
7.8122053	6.180177
5.3303485	6.897028
6.238319	7.44461
5.557424	2.9067502
5.427277	5.1682816
4.5832844	6.91181
5.754596	7.55251
6.0151896	7.694776
5.550323	6.9350963
5.886959	7.9309907
7.8326178	6.428219
6.837667	5.7075243
3.8872285	5.7963357
7.4872255	3.490983
7.3833055	6.9620266
4.8776226	6.5616474
7.5098605	4.103632
6.1532283	3.4314706
5.0181527	3.17364
5.4433846	6.486122
4.8226337	3.855783
4.6023827	3.4047546
7.00922	6.650502
7.302228	4.448315
7.721204	4.9967766
8.006098	5.7880015
6.836209	4.2387185
5.9111032	3.8260965
5.083964	7.703366
5.624873	5.7777553
5.0785856	5.824957
5.0301743	5.2415137
5.8413424	3.9702227
6.6861095	7.5488753
4.8878303	7.363073
5.077142	4.214274
6.2131605	5.570492
6.033811	7.774117
4.090768	6.5667567
5.9471183	6.795484
6.3005342	6.530956
5.8302145	8.159932
6.700616	7.591882
5.6416078	5.211894
4.4508815	4.4843044
6.742737	4.071773
6.5756836	4.560621
4.1026025	2.7596436
6.7377887	5.0185895
4.6668377	2.504872
5.6387377	5.740445
5.0139594	5.1448812
6.367498	4.1385064
6.6757226	4.543679
4.340838	5.21971
5.7753453	3.524828
5.2157106	7.5877485
4.300965	4.7404537
3.7972152	3.922288
5.516098	4.4437547
5.676133	4.127805
5.981357	5.7346244
7.4517684	6.604618
7.4904037	5.9838185
4.919309	3.2443156
5.773849	2.8607776
5.4771047	6.058473
6.267382	5.421446
5.4522414	4.43759
5.2988343	7.2701206
5.4857063	7.693613
7.7435737	5.3714695
5.1146216	5.514835
6.0633364	6.6415367
5.8012166	7.329165
4.5228977	4.8892703
6.9427514	4.2337284
6.72438	4.680011
5.907159	5.0920877
6.049009	6.2663617
5.475944	3.2884943
6.093487	5.753092
6.5095606	4.9147654
5.774546	5.7144556
6.5506506	5.4950743
6.3878975	6.651848
6.209444	7.1583643
7.5249496	5.1302166
6.5652833	5.449983
5.1465144	7.241575
4.9153843	4.3605537
5.028269	5.570188
6.482332	6.5122323
6.5766788	3.076444
6.2089133	6.2544327
4.9368825	2.7110963
6.5920744	7.4579515
6.368268	7.6540895
3.4168577	3.776399
5.5475492	4.199291
5.6550984	3.8680642
4.8848476	7.29779
5.467321	6.5195394
4.548819	7.181499
6.0169826	4.6293297
4.443202	3.585992
5.422092	4.0134945
6.9147077	7.882782
4.3109627	5.183426
5.5696263	3.3032851
6.74332	4.6419063
5.789786	4.656473
4.7771297	7.393461
6.303072	6.5829587
6.226563	7.060262
6.2040358	7.004127
4.9308295	2.681934
4.5834837	3.9342675
5.655206	7.160098
5.034368	6.1333456
4.450841	7.0075283
6.388992	6.591445
5.0809603	5.270302
6.6867375	7.5295296
1.9178365	3.5515752
7.529382	5.4129415
6.4995356	7.6051655
6.4120183	4.3793225
3.718471	3.5561457
4.369529	5.475008
6.5343256	6.440002
6.64691	3.8166642
4.5847926	4.6957035
5.9084625	7.2808
4.2430053	3.8923564
5.3572063	6.596284
5.077254	4.564683
5.009284	3.0315683
5.561658	4.961843
5.194813	4.943175
6.087384	6.8542347
4.4753556	4.756801
6.182564	4.002675
7.384456	7.256196
5.357029	5.6524124
4.7300944	4.670859
7.7061367	6.041479
6.7152343	5.31644
4.2089047	3.3014095
7.388829	5.552716
7.6490345	6.541527
4.204	5.797635
7.4587502	6.189678
6.3719	4.191978
6.1239333	5.5574956
6.7268214	7.2032413
3.3478174	6.6986876
6.249954	6.721593
7.155888	6.7624254
6.6415195	5.3900595
6.7859173	3.248074
5.4671493	5.086583
6.5632024	3.9913375
7.9660306	4.4869123
6.8304553	3.4268062
5.837093	7.2523103
6.2036157	5.348395
5.8490157	7.7347326
2.899821	6.0408645
8.000384	4.5395923
7.3078837	4.1863794
6.5730834	7.6991467
5.4885416	5.820446
4.0255823	3.8684456
5.1971645	4.070087
7.507244	5.493783
4.20614	4.9886985
6.2116537	4.908958
6.147367	8.101992
6.894664	7.694335
4.1253624	5.80175
5.8408628	6.1821175
7.2655354	5.36383
3.8556895	5.5237603
5.1732264	4.2805676
7.5312886	5.963276
6.4363346	5.4790125
6.726421	7.194016
6.4847903	4.8598876
5.6847005	8.0758095
5.388419	6.633733
4.9065347	3.7398875
5.925073	5.82707
4.1099625	5.896979
7.7819605	4.940475
4.315559	4.5728416
6.144967	3.040089
6.9408693	5.849676
3.6752627	3.7378516
7.304477	6.192117
7.5387664	3.5083797
6.5863857	4.7370253
4.458379	7.2812696
4.5203495	3.3153372
4.914451	3.6345322
5.4309497	7.3745923
7.598331	3.7144368
4.7936945	5.5654035
4.8320427	4.921182
5.521773	7.4440193
5.759614	3.9568858
6.4318852	6.923411
5.6004314	4.5335073
6.2688546	4.5688887
5.318214	2.7628772
6.166853	6.3897033
4.102649	6.467072
4.2172685	4.7740917
4.475273	3.0387852
6.2910385	6.017202
5.0314045	3.3896003
5.2966	7.6569977
6.778549	4.769522
5.1299915	5.0770607
5.030727	4.6140933
5.39982	6.460281
6.6828847	5.079355
5.4531813	3.0785701
7.434519	5.590103
7.2542486	3.3750637
6.32747	6.9637785
5.4404397	3.8808687
3.607144	5.900374
7.7178273	6.0643535
7.811181	3.8910577
4.73963	4.917964
4.3389564	5.8115916
6.810277	6.395431
5.985759	4.1102123
7.8524265	6.637897
4.8782563	3.5738099
5.2924333	3.224644
6.737894	6.0756865
5.7648644	6.5746136
4.793386	3.2911277
5.152107	6.541687
5.69444	3.5509393
6.3543115	6.560123
4.933489	4.1816015
6.634413	4.435381
6.4593854	4.5993967
6.941146	6.5723367
4.699643	4.419492
4.828101	6.406533
4.002059	6.154266
4.8637786	3.5173185
6.790751	6.0152035
5.3270864	5.2178698
6.9173727	4.4313936
5.853513	5.1624217
4.4890475	3.3262746
5.240599	2.7719924
4.4931574	4.55607
4.8592763	2.8176014
4.8486695	3.7444143
5.5321803	7.77112
6.9751434	5.9060264
6.5352488	6.663232
4.4891815	5.364405
5.0217943	5.223904
4.8228455	4.928123
5.2787127	2.9734473
5.7410192	4.351008
3.9462948	4.3365145
5.5215936	6.9924207
5.23221	2.6609735
7.8367515	5.014313
5.3092294	4.554105
6.434186	7.471885
3.7293553	4.5289135
4.6450715	7.0286155
3.8947637	5.23651
6.881395	6.3890233
5.9408383	5.1654887
6.5651474	8.228595
6.818928	4.201635
5.572076	3.4385142
5.6041727	4.5739856
5.588037	5.770982
5.440955	2.7606688
5.146865	5.1289744
5.1822977	6.24484
5.578704	5.815975
6.2093472	3.6700273
6.9725227	3.5339422
5.7685156	4.704769
4.146698	6.253769
0.91632795	6.9258857
4.7812257	5.0935802
3.1038582	4.0016713
5.294439	3.9230552
6.055161	5.2301
5.165811	7.1026044
5.955988	4.736461
6.084557	6.982003
5.6673827	6.1859426
5.574221	7.0254254
6.318307	3.5710804
7.4989233	3.4667199
5.3558187	4.9769154
6.946534	6.8425817
4.6702957	5.911916
5.1955447	7.2345033
5.363107	5.0105205
4.4110785	5.2826333
5.391431	5.0380135
5.465118	5.8582516
6.5448256	8.121487
5.155349	7.3130484
5.184183	4.956344
5.274394	3.51156
5.356429	5.2705364
5.9465804	5.511736
4.2521505	6.9450536
4.4458504	4.951739
5.234107	6.8198104
6.696335	7.4228415
6.30271	4.631596
4.4565687	2.3782158
6.123022	5.968141
6.8712454	6.0228095
7.353233	7.057065
5.741069	5.5291147
4.499899	5.017602
4.349604	4.765539
5.0303297	3.1300929
4.743876	7.766868
6.5832477	6.6072555
6.44914	5.147611
5.6251526	4.0819097
7.129091	6.732474
7.2029424	4.1186066
7.220036	6.077771
3.4785395	5.8020883
4.046603	5.121538
6.8290615	7.749452
5.906518	7.7224226
7.7626657	6.54521
5.7564797	6.7788982
4.457513	3.563036
7.093933	5.985115
7.6266904	4.636002
4.956497	6.869612
5.320342	2.4163399
5.983812	5.079785
2.7098978	6.2370076
7.8651366	4.140385
5.3090787	2.3825192
5.3500233	4.9463706
6.722266	7.906151
5.618477	7.320147
5.182523	2.9849222
3.5341513	6.094883
5.157246	4.442026
7.198136	5.1435256
4.885726	2.5999322
5.700608	6.839515
5.306793	4.8703527
5.1196566	6.7978272
6.9915237	4.3849754
7.3770857	4.2227817
5.677174	6.6768503
6.365778	4.721725
7.286776	4.594797
6.420003	7.7389317
5.545519	6.6668444
6.658803	7.3532896
4.4881244	4.6473308
1.457978	7.202108
4.721456	3.688493
6.198274	7.7321386
6.3069506	7.8217587
4.8745747	4.2423925
4.8425655	3.5170958
6.1631746	8.1948185
6.4332294	7.326092
6.656014	6.9953613
6.854389	6.9232774
4.7469907	4.692943
5.8775864	2.9333498
6.2197857	5.1085258
5.4507895	6.536654
6.4314036	4.696509
4.5991983	4.7532935
5.9110985	8.262608
5.3474317	4.950871
5.355543	4.6289353
6.5348034	7.3325963
7.3384757	5.690896
6.1682963	3.8484855
6.6651278	7.441693
5.8452835	4.092229
6.3520455	8.255106
5.5135984	7.808252
7.494447	5.968143
5.2846255	3.0328906
4.1785946	6.9459085
2.3323267	7.34338
5.1319942	5.1443653
5.839892	8.177058
5.287855	6.602899
5.2866497	5.1633754
4.545423	3.040419
5.1334786	6.9448547
7.765718	5.396107
7.541963	5.998295
6.712713	4.206756
4.275427	3.4455657
4.911622	6.68334
5.247631	5.689779
6.3322306	5.283913
6.1277823	5.089512
5.264375	7.6142936
6.820516	3.7516844
6.316405	3.1808052
5.314811	4.6383023
5.9782467	7.751778
4.9477525	2.8732564
6.492902	5.5054502
5.671762	3.638012
6.6378365	3.5298483
5.2604847	5.347525
4.0617676	2.680066
5.084122	5.530522
4.994049	5.7466617
5.790204	6.697484
5.025513	6.366783
5.6224875	4.6944118
4.2442064	6.55167
6.567349	7.640493
5.9072776	7.6165495
6.4121404	6.4982624
4.0217786	4.8469954
6.9054847	4.154193
5.4659767	3.9582064
4.4855437	5.0709796
5.2486534	4.109358
6.573268	6.372663
5.3292146	5.9238973
6.774399	3.3363633
5.447126	3.026666
6.8629475	5.2363615
4.7730727	7.6467085
2.7127416	5.544975
6.276574	6.8471475
6.6160965	4.8041744
7.034608	5.0070977
8.088252	4.6510944
6.6927967	5.373966
5.925426	4.5084395
4.696782	5.747676
7.6460276	4.912584
4.467676	5.0701747
5.9871635	6.4056816
6.037058	3.5369117
4.509258	4.939162
6.1880293	3.1843884
4.237598	5.9291143
5.770847	3.7172024
4.9084973	6.9298134
5.6050453	4.5183887
5.468805	4.549645
3.3339617	6.062598
4.9918694	7.3106165
5.9766736	6.5443697
5.950828	5.8596387
7.77024	6.594486
4.3957286	3.3058124
5.6121407	5.3495317
4.551021	6.0153184
6.7940016	6.419942
5.3598666	3.646168
6.218945	4.7059865
6.237864	4.963399
6.0049787	6.8734508
5.585718	7.8527656
3.7369628	5.952306
6.5029263	6.464646
5.6852703	7.6881614
5.371411	3.7492752
4.638936	2.9478323
2.9435043	5.846622
6.394682	3.8427522
5.545501	5.669779
5.1156054	6.0120277
4.435419	3.6085622
6.903434	3.5641375
4.936854	3.5376318
3.7726014	7.0889306
7.575953	6.576776
4.5148563	7.3891735
3.8985329	4.975951
6.0964236	7.877661
4.7404194	3.7360914
4.5840273	6.8487296
6.776953	3.6212187
5.6178102	7.119873
6.3764787	6.1669984
4.9912863	7.1411853
5.3119535	2.461379
6.625469	6.5814714
5.3351235	4.7103434
5.1410713	5.7502823
5.4604053	4.741375
7.2895494	5.915311
7.9543447	5.5874696
6.292065	3.0554852
6.369692	4.0121307
5.645298	6.347779
5.7327275	5.1796584
5.8223944	4.351417
4.9680977	3.5352607
5.2519965	4.3561945
4.090081	3.8968914
5.3423333	4.0037065
4.95961	6.302124
6.2194467	5.2321916
5.872236	2.8791506
4.944676	3.2604768
7.583102	3.532207
7.142927	5.8184247
4.231985	6.2847548
6.68053	3.185687
7.1715536	7.304524
7.1601853	4.1968055
6.149972	4.473086
6.179737	5.7276115
4.16232	6.2662177
5.832127	7.5875707
4.7916446	5.6368833
4.6986384	5.231456
6.86495	5.3490562
5.4949646	4.8569627
8.029877	5.852705
6.3628182	6.3198886
4.6954517	4.7177296
6.3064694	8.306874
7.549777	6.273704
6.9984946	6.450823
5.4866486	4.2553325
6.866672	5.3645434
7.107537	5.178409
6.1838107	6.9400625
6.168086	6.413654
4.980002	4.653074
6.7789135	7.62796
4.370531	4.0402236
4.977355	7.181566
7.069015	7.35526
5.247957	5.1643085
5.1101246	5.797508
5.296341	6.2238755
6.6434946	7.966487
4.707438	6.968396
7.8655105	4.0550675
5.7116284	6.37796
3.749775	4.378718
4.051054	4.4654145
4.0977454	6.1645412
4.535425	2.5499623
4.2998176	3.2815397
5.5401893	4.5825176
6.5972567	5.0975847
4.0875335	4.639204
7.8383946	4.0511827
7.9758115	4.429618
5.8852243	3.4512587
5.506175	6.556619
5.7991605	4.059736
4.9235225	3.0062969
6.670633	5.0959654
4.634515	3.8774405
4.725461	4.794699
4.9758573	2.829472
5.6145635	3.967827
5.805289	5.1076136
6.272158	4.7224884
6.0944934	6.0169525
0.7116788	6.38981
5.6805825	3.305304
4.1506186	5.625825
5.580259	6.701049
5.8098416	7.508797
6.3752904	7.6400027
5.2724648	2.9559886
3.9534392	6.167638
6.4634533	4.3605957
7.1645365	5.335024
6.086338	4.5344267
6.717624	4.9212613
5.691265	5.3719716
4.977635	5.249832
6.4346333	3.5683236
5.9257154	4.9318757
6.0142083	6.0327806
5.8079505	6.3625875
6.707304	6.1047897
7.3638206	5.9829316
6.750464	4.704093
6.4939494	7.00442
6.214918	8.297822
6.2996817	6.963356
5.6691694	3.0509338
6.14401	5.3247037
6.3134828	3.6782584
5.9129753	2.781049
4.515391	4.0363955
5.487127	3.1463323
2.7053092	5.408938
5.3466864	5.001499
7.971102	5.473616
7.26826	7.4809785
6.552007	5.562188
6.217396	6.1063805
4.5795584	2.7822983
6.5622654	5.616542
5.5488343	7.5958314
7.678482	6.191843
7.734612	6.161267
4.066796	5.191725
3.4748209	6.803206
5.8508863	4.4257913
6.19714	4.0501804
5.4771338	4.413025
5.0447907	3.848664
5.6587415	7.609023
5.578676	5.312826
5.8430443	3.5136468
6.669632	6.561412
3.4784741	3.0470245
5.804142	8.312076
5.4685674	3.284055
5.2622747	4.935443
3.750411	7.218452
4.969281	3.21326
7.3417144	5.671498
7.6679	5.155745
5.7683344	3.985832
5.882416	4.00005
5.089562	3.8354745
4.909241	6.13377
5.315568	2.5189555
4.92604	6.2997537
5.9867167	4.627538
6.311982	8.269922
5.4918323	5.5857167
4.8478527	5.467325
5.274969	7.3112464
5.1431813	7.5402255
6.0300236	7.242956
4.948886	2.5185432
4.8890944	4.118355
6.3228855	7.6482935
6.746214	5.4186606
4.164535	6.4722004
5.879106	6.8409233
4.434477	4.881525
7.1836495	6.6759796
6.774496	7.051594
6.2668543	7.7006783
6.2563086	6.948019
7.364792	6.632312
6.355234	3.6368926
7.7033257	6.249757
4.025644	5.4595656
0.72891194	6.9121227
5.5640616	6.108304
3.6312063	6.6223736
5.7907367	7.789412
4.038993	3.711899
4.332307	5.242538
4.430686	3.0413525
6.1906676	5.280526
6.3005004	6.3025646
6.745131	4.9962406
5.698371	4.567922
2.8978155	6.1878076
7.996449	5.4316344
6.0595317	3.8068132
5.517353	6.954876
6.028627	6.0935464
6.1834593	5.0669756
6.922904	5.7165713
5.3651805	4.9291596
6.2317533	6.642193
3.870827	5.3329844
5.8536897	5.693005
3.6806674	5.4962077
4.466885	4.0233216
4.7249937	3.054902
6.330144	4.660498
6.5027356	6.6708593
4.2221646	4.1051736
4.954757	6.5518537
4.835601	4.123705
6.691249	3.9700167
4.0251794	4.4256887
4.3333383	2.5303938
4.2541285	4.543611
5.444366	6.682625
5.905062	7.794036
4.293783	7.093592
4.0835752	3.8997784
6.6821136	7.5459223
4.9680066	6.9510856
5.1155767	7.066125
5.0142794	6.466662
6.802871	6.3099847
3.1297667	3.3408997
5.7578926	4.1839833
4.900138	5.9313545
6.408436	6.7168555
6.188192	4.0715547
5.186748	3.2255228
4.5427523	4.55743
4.714549	2.5404313
5.2905865	4.8120465
6.4456797	4.541143
5.8790355	4.6594543
7.4903107	5.4915566
3.1751292	5.6950727
5.2235765	4.824553
5.2256484	2.8636236
5.150604	4.7090044
7.48755	6.6430044
5.451846	5.075768
6.5075865	6.436617
7.2742996	4.2445993
6.3195167	8.168346
4.494123	2.6767316
7.6916313	4.95314
7.0785465	6.8837023
6.1470447	4.2696767
4.234872	4.784765
3.2593217	3.9597023
4.0887113	5.8229156
6.1110353	4.0256486
7.79453	6.139945
6.164812	5.06497
4.323449	2.344408
6.4288883	8.158589
4.45876	4.560614
6.479955	5.951212
5.287089	4.440781
8.000968	5.680015
6.6424065	6.748372
5.7726984	4.3315644
6.317206	7.023645
5.4707127	2.6845503
5.274425	2.830367
6.550233	6.6388664
5.3738008	4.2190146
5.8575673	6.1246147
5.308929	7.1444287
4.87634	4.408654
5.0892963	3.9687352
5.95624	7.835554
5.3151536	7.0499306
6.258168	4.8049455
6.3359566	8.028165
5.722407	5.2161217
6.1306567	6.5601587
4.9035926	3.9886403
5.831632	3.3593192
6.966901	6.8848095
6.214766	8.302966
4.7660046	4.788342
5.5448976	6.700291
6.1405196	4.666876
5.490695	2.7206776
5.455904	5.8771324
4.6058726	2.409093
4.266249	6.9290776
5.930673	6.099462
6.5772357	6.7438664
6.8852305	3.6397927
4.006481	6.0632205
4.5645323	4.3794847
4.918525	5.8601255
5.169648	3.234758
6.7476454	7.690232
3.8735833	4.5958695
5.5604463	5.8307076
5.7959766	3.0254529
5.358138	6.4091816
6.935303	5.3545136
4.2338076	3.324928
7.463166	6.916745
6.070765	7.6670046
4.8067374	3.6891243
5.59209	4.790724
5.1418333	4.4298763
6.9008536	6.93414
5.3082294	2.822745
5.3816166	6.8132114
5.7083163	4.015946
7.8306165	5.2114
4.5608535	3.9820082
3.921786	4.77643
5.057209	4.45241
5.703977	4.2125525
5.3751764	6.8684773
6.775358	6.8419647
5.345526	3.345139
5.479287	2.5055997
6.3908057	6.7469788
6.987927	6.08144
5.631234	4.668103
4.99827	6.193488
5.6337795	5.8844304
6.2267756	8.027772
5.4750338	3.4330702
4.4038477	6.2680125
6.3387413	8.131285
5.5473833	6.7149067
6.2370996	8.054798
6.345411	5.7653522
4.9222383	7.091333
6.0640063	5.6544075
5.675872	6.103319
5.229102	3.171044
6.817746	7.064953
7.4908657	6.033876
5.1958294	6.4830456
1.0570295	6.7228684
6.125469	3.7719114
7.059278	4.374914
4.8021517	4.1721478
5.086179	4.5426345
6.7313876	5.4614706
2.1605988	6.609823
7.329626	5.3054056
6.33423	7.6212564
6.6333375	4.464027
5.5639377	4.956474
7.54485	5.567668
4.7917037	7.117441
5.0749846	2.9162202
6.892833	6.144197
5.8585916	6.8457637
4.767153	4.521617
4.1575856	5.0412583
4.8057632	4.53845
4.988009	2.3423352
6.085442	5.326669
5.5276947	4.065357
6.3573427	7.931161
5.4646473	3.7425532
6.19921	5.3398023
4.330146	5.967903
4.419402	5.341759
4.289113	2.7282467
4.157738	6.27511
5.746764	6.0243616
4.319888	4.422938
5.758091	4.001252
6.1521125	5.1065226
5.0414567	4.0956187
6.3084054	5.356877
4.802342	3.013638
7.6403537	5.106696
6.0674253	5.769233
4.3887696	3.00671
6.0246778	8.114112
6.8028708	5.4508934
5.073071	7.2359653
5.4473	5.6457705
6.2787337	4.7350907
7.6557674	4.695139
6.932439	5.943234
5.42793	6.5882072
3.8165066	2.8504837
4.7997084	6.2963643
4.694532	6.8589196
6.2637944	5.6937246
6.3922267	3.6164894
6.4362874	3.416718
5.2059517	7.048856
6.0698085	7.143311
4.207625	4.57978
7.8556366	5.9942484
4.79849	5.191639
7.481865	6.1962748
6.296653	3.4838877
5.895079	5.8288827
5.880031	3.8132927
4.721052	5.3744617
5.0684576	7.0750976
7.7093244	6.2069006
6.333495	5.830107
6.37418	4.0355024
6.6749187	5.2572746
3.4787908	6.0754066
7.4190984	5.8219438
5.519908	7.86795
6.140722	5.7409563
7.020342	5.903867
7.55245	6.5457377
6.3752894	8.208776
5.1232305	7.0975847
4.4088354	5.009883
7.391983	5.45986
5.566453	6.7897925
4.863613	6.114196
6.5594363	7.1612673
7.0004396	5.6162176
5.4444013	6.77067
5.3006463	3.7577946
4.458396	5.100281
7.749291	3.7672586
4.491003	4.5071363
7.146596	5.22076
3.1380148	4.254254
6.6155148	6.105703
4.9128857	6.8710537
4.748515	3.21727
8.075357	5.6152034
5.92575	4.1619616
7.4150767	6.186804
6.2084837	4.5944166
5.447682	6.4248924
6.311892	6.619121
5.2364936	3.2550826
4.7838097	6.310498
7.1363134	4.75962
6.369227	5.4695287
6.2599607	5.963148
5.2338753	3.7497418
5.0020103	4.2705326
6.691951	6.8052225
4.385913	7.107489
5.6358547	6.592424
4.5917835	4.7921453
4.5160995	4.9903355
7.2393785	5.4927216
5.8909464	4.379967
5.7399235	4.8963966
5.4472485	5.5083213
3.9566324	5.465393
4.960188	2.8702161
6.130425	4.544475
6.3071375	7.1035457
5.3924093	3.4922915
5.185149	4.8515515
4.6105456	7.2174125
5.9761243	6.538956
7.3010645	5.7194963
6.108498	7.05967
6.343341	6.579852
7.3444877	5.634763
4.731723	4.304713
5.4536858	6.591926
4.2711744	2.8781419
7.31961	4.392847
4.4698653	4.7481637
6.6686425	7.4374843
7.0648937	3.2084
4.5032268	7.361532
7.076984	4.913237
6.2355824	6.7521534
0.2677048	6.54454
5.60873	6.0013056
4.095223	6.624283
6.9639072	3.5458198
6.3358064	4.0817614
5.983667	5.3587546
5.3242188	4.098435
5.947862	5.7816186
5.7740746	3.8937886
6.4769306	5.6885157
7.0153956	5.261021
6.367994	7.1851773
5.448351	4.474385
4.2003384	4.3509464
4.748912	4.6989484
5.4467034	4.5536513
4.8415728	6.802084
5.587497	6.7334113
6.871685	7.4558916
1.6816083	7.4971843
6.0626745	5.1767106
6.843955	3.9226773
5.020118	4.2772665
6.116958	3.3635116
5.8828487	6.3326488
5.581288	6.4045806
7.2531652	4.6623096
5.1970444	4.033601
6.769834	5.65591
3.5929382	6.3438854
6.8678145	3.4010353
5.2171693	7.2334504
4.5126624	4.831373
3.6103952	7.2984
4.416085	5.1846128
6.9248986	6.4838505
4.5612054	2.5185187
5.032319	4.878664
7.9805756	5.5388947
7.7138867	6.148486
5.8306313	7.718899
7.696444	5.1561027
5.4271736	5.3780746
5.4271116	7.1785808
5.597012	6.471547
5.1680546	6.8229423
5.6803794	6.040385
5.4497905	4.286739
3.9025567	5.0990252
4.3886175	2.9566743
6.0953674	5.6182246
5.71171	6.210651
6.4403486	4.089397
5.213403	5.6978016
6.494415	3.8473413
6.2535534	5.1850243
5.635446	3.3435173
4.350825	7.3206196
5.567037	3.548745
7.447726	6.3173676
5.951004	4.421547
5.5256267	5.97462
6.9680953	4.517281
6.0403047	8.30222
4.5001225	4.8958325
5.7542706	7.605298
3.8870885	4.5114326
7.0952125	6.156972
5.8590593	5.7287884
5.008967	6.378192
7.038125	4.028025
5.9195113	7.2222147
4.8439794	4.104926
6.0177574	6.2347293
5.49461	4.97161
7.698017	4.9507976
5.972563	7.6816835
6.5264935	3.9778585
7.848665	6.1413555
5.942222	3.7622864
6.862603	7.0419245
5.914499	4.079193
5.2545013	7.6631165
6.1225166	7.289716
5.7308817	6.564861
6.6546006	6.9197183
5.719178	5.8154597
4.418722	7.252874
5.249805	5.387612
7.65265	6.033037
5.402857	4.1371894
5.8962755	4.8122067
6.2433867	4.2676325
5.2512	4.95312
5.9644203	6.854063
4.8242345	3.5160704
5.07412	5.4984407
4.4533243	6.4511895
4.8100166	7.152293
5.371729	4.3873477
4.510401	3.0393765
5.7709	6.3141494
5.699716	3.9406958
7.097281	5.8142185
5.1565356	6.8079524
7.4916024	4.526714
6.2260427	7.8654428
6.625028	3.223622
5.598931	2.724492
6.17723	5.3102317
4.956842	4.8163624
6.031941	5.3564987
7.3004107	5.6119285
3.142472	4.9278665
5.7621455	3.679144
6.8282633	3.280921
4.088678	5.885779
7.496915	3.4221387
4.358637	5.5634084
4.6480618	3.0886786
6.0215435	3.883053
6.398218	4.519062
4.677779	2.5629883
5.2851706	6.568351
6.1994233	7.742021
3.0232308	7.249306
6.66753	6.143482
6.177369	6.971465
6.6489635	4.0472183
3.9968734	3.8452878
4.9708204	7.107296
4.280798	6.2185864
4.023846	6.216096
4.3913054	5.037748
5.1643944	6.2153974
6.649087	4.7963457
5.519678	4.2365365
7.6128182	3.5925488
3.9932263	3.2520216
5.6409054	3.0081913
6.5589314	3.0958955
4.5671167	2.9327211
4.746263	3.1988657
8.052283	5.2525578
5.238531	6.2652636
6.9051013	3.511066
5.3800926	6.4436116
5.356789	7.5348916
4.89269	6.0600433
5.32838	6.9869685
4.420826	4.950581
6.547353	3.526821
5.8188376	6.7936907
5.721928	6.7028418
6.144727	4.262594
5.07172	6.647231
5.8272257	5.4927354
5.7521057	8.011077
5.377377	3.8709261
5.8208857	3.8235986
4.9499145	2.5006151
5.4250355	3.1869864
7.2280087	5.1484065
6.7585807	3.7319775
6.5382905	6.380434
6.3743563	5.2800264
5.435	5.4709697
5.2437744	7.6452045
6.0650268	3.308283
5.6245093	3.5832138
4.4858456	2.709966
5.3820763	6.6634235
5.3835073	4.391009
5.5325837	6.5164747
5.5278535	4.936353
6.159414	3.0869558
5.2119484	4.480645
7.464507	5.80834
6.20898	4.993774
4.2706337	5.1337566
6.2959394	6.4829946
5.6512504	4.6678925
5.1691794	5.554715
4.35711	5.0787625
5.3833055	7.331134
5.515371	2.6618607
6.224635	5.10345
5.2347016	6.602991
6.597993	5.4224114
5.8813176	3.3423667
5.289416	3.1233618
6.6437073	5.252244
4.133073	4.8349056
6.484341	3.3949106
4.845216	3.2471654
4.3121967	4.8747864
6.692393	4.570954
6.3697743	8.170055
4.0393767	5.6980395
6.216392	7.9915657
3.9442487	3.1455195
7.1699505	7.559415
4.670512	3.013216
4.891136	5.755417
5.9170413	5.0084934
5.9336114	5.424465
7.8960166	5.2065277
7.446934	5.78937
7.158791	6.3033805
6.688493	4.8475304
5.76368	6.733263
5.8679857	6.1718783
5.8883286	4.6642623
5.2335286	3.9844244
5.219069	6.2464194
6.912549	5.5296526
5.097631	4.8202057
4.68466	4.2871714
4.8469653	5.3905463
4.478856	4.777196
5.2758274	4.597145
5.8622756	5.6525245
4.3479953	2.4870102
4.828824	4.026037
6.60667	3.2502913
5.579984	6.402318
5.1647983	6.012446
6.3157077	7.98099
5.517016	4.9551773
6.7089853	3.730977
7.6059446	4.3620086
4.751609	2.9798236
6.7879376	3.130197
4.6817784	7.0225053
4.4041843	2.5013108
4.4977856	4.9703918
4.491207	3.9081206
5.3857875	3.916071
6.5798707	7.393194
4.655908	5.028076
6.7686095	3.5733757
4.2769527	3.4010046
6.644479	6.6650686
5.929714	5.6177716
5.760467	8.325297
5.697089	7.1759887
5.340868	4.625963
7.9947934	5.345391
7.498357	6.550234
4.8609333	4.5874114
5.823999	3.3708305
4.4447055	4.9488487
6.3193336	3.4290097
6.1187143	6.0911784
4.6315255	6.2504606
2.215202	5.7583227
5.6986766	4.811846
5.619423	4.138207
5.144925	4.2088666
5.048815	4.295668
6.488094	7.5983353
5.4972415	4.154829
5.9230905	4.779066
6.720403	5.343108
5.491052	3.1705961
5.413768	3.3614707
4.3165874	6.8534694
3.830051	5.231288
6.6208634	5.168926
4.2601705	7.0596633
6.261858	6.07735
3.1492689	6.1575556
6.7165837	5.9916186
6.3988137	8.304525
7.481507	3.4712536
5.192628	2.837414
4.2779794	4.0881233
7.5437794	5.6243467
6.1569123	5.5383534
7.9254885	4.343728
5.9076595	7.610177
4.97561	2.4314227
4.488435	3.9409602
5.6390934	7.6110024
7.5329647	6.3482323
5.331537	7.335902
4.758683	3.7860553
6.1720157	5.6469336
7.126354	4.9372196
6.3394704	6.3231015
4.8486104	4.353677
5.5646553	6.12646
5.020774	5.8361807
6.3781743	3.2383714
6.701185	6.6531796
4.499208	4.35478
6.802211	4.5522385
6.5861816	3.4890375
6.775266	4.4318094
6.974139	3.854455
6.4428263	3.715939
5.3088737	7.8995657
6.075382	6.575144
5.6620617	4.213968
7.7601743	5.029358
5.448073	2.4242895
6.4600806	6.3723965
6.148217	5.3801436
6.3955173	6.241793
5.23417	4.668005
5.9660487	4.3505235
6.346976	6.478201
6.472872	4.046761
5.424414	5.7004457
6.6826444	3.4254954
6.5725646	5.050252
4.941372	6.1108284
5.612103	5.9602995
5.688713	6.2239184
4.5652695	3.1570802
6.536109	4.3682127
4.791169	7.4161453
5.9230704	3.540714
4.084295	5.216545
6.2286696	3.4748034
5.9832582	7.725921
6.5159793	4.471559
7.1016273	6.0190372
7.5972815	6.494274
5.605848	4.120078
5.9950914	4.9305115
6.72848	6.0048923
5.5480814	3.59095
6.664441	5.037418
6.878333	6.6820507
6.4705667	6.158481
7.587919	4.9765725
5.6434193	5.6797605
6.608568	3.3045523
5.5495343	6.7494454
6.787933	7.2794456
0.70146793	6.6726146
4.7505493	3.2330372
7.769914	5.9300747
4.688689	2.9639277
2.0525513	6.4362593
5.7442555	4.2398767
7.0599675	7.1902514
6.0521994	4.7409377
5.187095	3.516276
5.9342833	4.735223
6.9423757	6.40391
7.4007792	6.3870344
3.794855	4.236752
6.0950246	3.339713
6.0111175	5.7831154
6.714629	5.5217886
7.5323596	6.389577
5.0087276	3.9928968
5.177952	2.9467254
6.873717	5.625949
4.491347	6.0576997
3.723679	4.3899546
5.4425616	4.0582423
5.3215623	4.4230494
6.7633085	4.248954
7.448538	7.105471
5.1470327	6.9853663
6.1798105	4.8772674
4.608408	4.9535756
6.9405775	6.214496
6.7116494	8.027187
6.1753807	3.699448
4.3256645	2.508615
6.374341	7.9835196
4.340582	4.521407
6.1886997	5.2218885
5.308613	4.271264
4.659761	6.4867764
7.2680917	4.561398
6.5859494	4.2580905
5.286916	3.8515887
5.039762	6.9381704
4.2100224	4.4285007
5.284251	4.580445
6.609688	4.4364853
6.5947437	3.8392265
6.2310896	6.8900037
7.37684	5.617478
5.6268516	7.1810493
6.6132145	4.018539
5.1689544	6.30411
5.992881	7.310885
6.2802944	3.628173
7.8468647	6.028488
6.495479	6.8883715
5.4947796	5.7855406
4.806061	2.9135196
6.81859	4.569416
3.836644	6.175865
5.642675	2.689151
5.962731	6.7961597
4.3843403	2.4889662
5.2692227	3.6826956
5.9451265	6.721957
5.9274664	6.987773
4.2768393	3.5393515
4.360178	6.0024347
5.8623204	6.233687
5.1520576	7.2
6.9876475	5.3908916
6.5520353	6.2166452
4.8987656	3.314507
4.7706466	3.713683
3.824626	5.3132644
6.338485	4.3607926
6.8365464	6.5941257
2.1742678	6.0418725
5.132332	4.446789
5.4483438	6.302881
4.1200027	5.741621
6.3701205	5.366
6.2289724	6.801316
6.049844	6.614656
5.107768	5.746882
5.809754	4.786842
4.441862	2.4804945
5.4435534	4.518497
5.380971	5.567117
5.1714563	7.7363997
4.084157	4.4791565
5.703103	5.866843
5.676237	5.9662237
3.7286892	5.613568
4.7861357	2.7167664
6.229945	4.7799864
5.798586	3.0346932
6.2770567	3.0668168
7.319725	6.7541466
4.5923123	2.4322755
6.6398587	6.6335897
5.9523	7.4564347
4.8804207	3.3527277
6.067214	5.0751605
5.6455216	8.221022
5.9231524	4.757833
5.8327003	5.3910027
7.1371017	4.009671
3.9062874	4.6152053
5.640178	3.8242288
6.3620734	5.0062313
5.3935404	5.447274
7.8185487	5.1442437
6.756385	4.4880767
5.685052	4.8936853
5.690645	5.336436
6.4389753	7.701788
5.3957086	3.564517
5.75337	3.9626827
6.5531373	6.623152
6.627096	5.999718
5.5658307	5.565055
6.2736616	5.0231357
4.769237	3.7659285
6.3530164	7.2623553
4.390065	4.9436045
5.1925006	4.4668407
3.7757566	4.535361
5.7918677	3.7570643
6.6621127	4.4356017
5.6302676	5.2422338
5.0700927	3.4213605
7.4222646	6.6520877
5.799351	6.977179
5.2264733	6.7052417
5.23207	6.9261613
4.743594	6.1260333
5.5401883	2.6342862
5.584193	4.6679287
0.73953193	6.608863
5.049098	4.3948774
5.440123	5.125567
5.892414	7.226255
6.8307405	6.2865276
4.92385	6.252322
7.4240346	4.9114323
5.755249	4.111335
5.1943436	4.6388526
5.905189	3.9368453
5.538658	4.3546076
6.7073045	7.6557546
5.8338003	7.7837515
7.7832417	5.259497
5.529988	2.8438191
5.8556056	4.708605
7.8940353	4.9937644
7.848446	6.104306
6.5091677	6.4460506
6.185762	7.040452
5.1777177	5.547809
4.2322054	6.2203746
4.825338	4.0505075
5.7283397	5.381773
5.253735	4.873227
6.1983876	4.329416
5.470982	7.7725
5.1687956	3.458176
5.631581	4.836524
6.3654556	4.9468575
4.6191154	3.521239
6.3363853	3.3009973
4.095363	3.0918489
6.500959	7.488948
6.0639277	5.3855176
4.2525105	2.660452
5.3209686	6.8784423
7.6470466	6.3672523
5.296348	7.410879
5.0549984	2.7183468
8.003647	5.9310737
6.480206	8.172877
5.22003	5.2082286
6.7992334	5.776341
4.4159307	4.9448886
5.4733	7.354305
5.3944063	7.71007
5.594287	7.025063
4.3446856	5.8451886
7.445324	6.7496753
5.6558976	4.477209
5.356117	2.4872468
6.659078	3.7431738
4.6538906	5.006675
7.4629774	6.3129015
5.2600274	7.2982845
3.9987926	3.2555718
7.75859	5.113604
4.33062	6.780113
6.4109535	5.3186536
5.4026074	5.4362583
5.615518	4.7570286
7.457826	4.9721575
5.5277348	3.866478
6.4891024	6.3682194
5.6046124	3.9667108
6.470677	5.7046366
6.2135925	6.0909004
6.984272	7.7975826
5.2991724	5.091501
5.9901557	5.9598894
7.0963798	7.1764817
7.528433	3.5762289
6.4508443	3.4230638
7.2653923	5.4230623
6.742744	7.333869
6.8633575	3.4576523
6.696572	7.2503896
6.5302243	6.385696
5.8959208	6.944572
4.925437	4.188385
4.9839506	5.956379
5.783727	3.684554
5.3551755	5.7380695
5.7147403	5.4189367
1.4438651	6.0639453
5.5766096	7.808643
5.527951	6.672675
6.7703953	5.6133804
5.468138	7.1722574
5.5836935	6.519403
6.6908326	8.125295
6.994864	5.946434
5.36442	4.519897
6.747365	4.753886
7.5364423	6.387279
5.007702	3.9819696
6.7089095	4.6082463
6.2116094	4.31435
5.2996535	2.810819
4.9757686	3.7280388
6.54088	3.9003513
7.139689	6.57569
6.8616743	7.5499973
5.894705	6.1062307
5.309562	2.544933
5.1974683	3.6268997
3.6576033	5.903604
4.012441	6.463377
5.9124184	6.9540277
4.919448	2.6679807
7.5665894	4.8199544
6.883317	5.845522
4.996	2.5053155
4.9618	6.133808
6.032479	5.1929874
5.745179	6.3845224
7.915673	4.2422495
5.9588976	3.711849
6.7968254	7.618502
6.837953	3.3160198
5.615776	7.128486
5.6749673	4.6473417
5.2694287	3.8092074
5.986844	5.1874466
5.9913864	6.150659
4.5833287	4.2325006
7.891617	4.1685348
5.7733984	6.6344266
6.4071574	7.6817765
6.507755	4.6917663
4.133639	2.6362085
7.3068256	4.457073
4.612811	6.7683516
6.0525026	8.191553
5.396849	3.9860723
7.177992	3.2357373
7.8571267	4.551108
6.167712	4.2943215
8.045969	4.824099
6.1584125	6.990428
3.9829736	4.0055485
5.73705	4.919483
7.781632	3.914707
5.763801	6.0011353
5.129956	3.9236796
6.367472	4.777307
6.6019096	7.3829036
7.4032593	7.0813575
4.8560414	4.609456
5.579437	7.1477447
5.9938593	3.778479
4.7756705	5.797737
5.953198	4.8500795
5.448353	4.2327733
4.4195166	6.086996
7.75667	5.0669265
5.3119416	3.9956944
7.8561907	4.3994527
5.977847	4.517424
3.77084	5.864489
6.5564237	5.846151
4.892919	3.2350223
4.520429	5.6151695
6.1502743	7.840059
7.7253566	3.9095395
5.352972	5.1574883
4.4451814	6.6738
5.5143495	3.5015604
4.6706877	5.3649697
5.448397	6.173071
1.426942	6.2697625
7.5779877	4.985302
3.999939	6.006575
5.8961034	8.217906
7.7844486	5.177209
6.2268558	3.4822497
7.8233514	5.3204494
5.754771	5.166756
5.906184	4.980098
6.6799903	4.153507
6.3640904	4.6326227
5.3392496	5.99074
6.011046	3.3965955
6.104346	8.137761
4.514097	4.3465924
6.5311837	5.0477962
5.659246	7.094268
4.683878	2.9119303
6.9336314	7.6060715
4.225266	3.1383774
4.906132	4.945208
6.157597	6.8226933
5.104839	2.7888837
5.062933	5.7860622
5.400629	3.586919
5.872793	5.920571
6.1784797	6.328269
6.901454	5.930432
6.400669	4.879296
5.797995	5.3017783
6.82217	3.24542
6.8926687	6.6930585
6.872652	6.4680786
6.1747007	6.8853927
6.5211368	3.892714
5.9651175	5.1570344
5.4538035	4.7999096
6.419209	5.0957046
4.698852	4.2304997
7.1929207	7.0409803
5.3589487	4.1745663
5.690596	6.853899
6.6456027	4.439081
5.030055	5.57868
7.219256	5.4951925
5.503822	3.571677
4.3452015	4.7462797
4.5523787	4.4672203
4.4141817	2.983091
6.358372	6.646254
5.3477445	3.9377449
5.790256	2.9332054
4.14821	6.3959694
6.922516	6.600261
5.1931605	7.6692796
4.488589	4.6507206
6.6470466	5.08175
6.812862	5.192407
7.189855	5.9203467
6.170524	5.056007
4.851537	7.1536956
4.993216	3.8897529
7.258833	3.950618
5.7364683	7.1939087
3.9762504	6.3441124
4.16618	4.4600263
6.541606	5.060053
4.995734	2.4923346
5.861983	4.2690353
6.9780436	4.03623
4.2864294	5.081998
5.1456823	7.5696545
6.0986385	6.558624
4.7964554	7.0923853
4.336827	6.9968715
5.586783	7.8582497
4.789695	3.5811212
4.0571656	5.5219893
5.5892653	4.4797244
7.147457	4.0624204
5.5275874	6.455238
5.0640616	7.7419915
1.0584021	7.1292086
5.528835	6.993377
5.298041	4.147581
5.4540396	4.420664
4.902458	5.968953
5.3508058	2.4438531
6.8935094	5.6458855
5.8772855	5.568032
4.637658	5.7712297
7.423514	5.851604
5.5307736	8.134804
5.6115246	5.3686905
5.597876	2.6690617
5.4535437	7.612536
7.3513994	5.5859866
5.344244	5.87992
5.824828	4.983148
7.2067776	5.3126187
6.8032217	5.9888563
5.8493667	7.522003
4.2542753	4.905199
5.1074324	4.036376
6.1727185	7.6286263
5.6034946	3.3103173
3.934629	6.1801095
5.173427	2.9490254
6.191789	4.9007816
6.9797926	3.6905532
6.7210345	6.501572
6.066645	3.3210166
6.4245534	7.7895966
6.6435604	4.4486985
7.8891187	4.7618446
5.4895372	2.5611296
7.1483192	6.536396
6.623966	5.142325
6.6127777	6.1642666
6.024965	7.7634935
5.379617	4.8830476
6.37314	5.1667657
6.6249924	6.2948437
5.2401576	4.7027555
4.278605	3.3547232
7.639207	3.6334624
5.8385825	6.0606465
5.7827992	5.4507318
4.8151274	6.205581
4.319023	6.070528
5.2494082	6.7193246
5.6708803	3.9503622
4.317297	6.47184
6.621803	6.857008
5.331102	6.679841
4.543327	7.1642866
5.577144	5.2001667
6.4300327	5.918987
7.0394397	6.529013
5.6323094	2.9699445
2.347182	7.3946033
6.2680135	4.61714
5.6670513	5.370937
4.07944	4.7605343
5.990774	4.867639
5.3382463	7.189543
6.701915	7.335826
6.3574243	8.030247
4.2309484	6.0844803
4.0351496	4.9774914
4.414546	2.9969115
6.435035	6.444812
7.7738733	5.026011
5.296346	7.1009307
3.9570653	4.6991143
6.6699877	7.880056
6.0402203	6.0861473
4.2475224	6.0110846
4.6911087	6.287355
3.8472903	3.2490954
5.0656667	3.5144796
4.430814	4.7506237
7.3714104	6.1550784
6.547106	6.6457577
5.41318	3.318634
7.5352097	6.892355
7.9436517	4.389931
5.5805373	4.9793973
5.301799	4.7078342
6.1708336	7.8070436
7.770991	4.419222
4.670022	5.336034
5.586363	7.3849134
7.778183	5.649513
6.730125	5.9273005
5.990743	4.5271235
5.4772444	4.7864203
7.1555142	3.9944882
6.3653803	7.7806396
4.918161	3.824068
4.93564	3.073438
4.8570704	7.0511117
0.71861124	2.9976206
6.418749	3.2445886
5.397044	7.3343663
6.7710533	7.1561
4.599398	5.997622
6.2138715	3.950004
4.9079304	6.358009
5.693665	6.3237824
6.348193	7.555873
6.5349736	5.544835
6.2228103	3.5489395
4.652565	4.357049
5.5868616	5.2177997
5.425296	3.8647075
5.8075037	5.1899185
5.8585815	3.4646342
5.9298277	5.6556797
6.2689095	6.79162
6.528938	4.576913
7.5043263	6.367597
5.225697	6.9569516
4.665226	3.3876512
4.988919	4.793443
6.3444147	3.6676795
6.2980633	4.340375
6.959082	5.621229
4.028219	4.7964664
6.4361234	3.9717305
5.3551097	4.1193714
6.1242633	5.1254916
6.5182133	3.681263
5.448361	4.3017774
5.098188	3.909855
5.6235905	3.463158
7.2358003	6.1219544
5.876441	4.8260612
6.394302	6.8161464
5.8078246	7.2473335
5.8102326	6.664169
5.008151	5.7423286
5.9159603	5.120423
6.4034414	3.547795
5.85527	3.0302513
6.6469526	7.8216906
5.289838	7.492487
5.515094	6.59128
5.006011	5.612817
5.808849	6.888946
5.4607854	5.2346425
5.4625807	2.6215787
7.611975	5.6630945
3.7104375	4.5327153
5.8271985	3.48922
7.115232	6.4099493
5.6273303	5.3489304
6.1688	3.153716
7.017728	7.7027764
6.4326553	5.4040093
6.060378	3.094146
7.2404385	7.0734158
4.3996396	3.8418095
5.0171623	4.3377523
4.0502687	4.856643
4.953603	3.7163777
6.462638	7.3777933
5.6058083	5.41035
4.2949767	5.804236
5.866952	5.5791483
5.5577464	5.068139
4.117124	4.6441703
4.390044	3.3305283
5.9831963	5.196589
5.953093	4.317015
5.0714602	5.7113657
4.5625453	2.5227728
7.5272927	5.917819
4.9131627	4.8021894
5.5526676	7.8742223
5.5790424	4.0712676
4.6996818	4.972319
6.165145	8.072422
4.4120374	6.0086746
5.426205	5.7686663
5.404331	6.1735888
4.8332796	3.0718067
5.3318367	2.687539
6.811593	4.2130594
6.9641256	7.149758
5.634352	3.2828462
5.2047763	6.935694
4.1134534	3.1363282
4.663807	7.629541
5.044171	2.4984472
6.0401173	3.2836792
5.0812783	5.185682
6.3672495	6.435466
4.3686886	5.997376
5.469611	4.251244
4.719746	6.0934935
5.7903852	3.9675136
6.5966353	5.1266537
7.0249763	7.8593726
6.146136	4.8560634
6.3294806	7.1933527
4.828076	5.750326
4.707735	3.4650092
5.161726	6.2179747
6.010855	4.7568097
5.5847096	4.8999076
5.56936	5.463019
6.205833	6.9922504
5.719991	3.3102498
5.4521556	6.5048804
5.2901573	3.5828109
5.1728106	6.2626524
4.0557814	3.9726255
5.538282	6.2525268
6.5097466	3.2726362
7.6808805	6.16897
6.9723835	3.9728892
6.2312284	5.2367215
5.5139537	6.4909244
4.4883976	3.943729
5.1764917	3.988828
5.3222914	7.9587703
6.590736	4.8482795
4.860522	3.1562505
6.0629053	6.3178253
5.239845	3.5648546
6.414042	3.0913296
6.1106563	5.458133
5.6561136	5.753529
6.497171	5.7740483
4.77944	2.8287158
4.2414985	5.5496716
6.7700834	6.005045
5.300777	5.8773003
5.626177	6.3691416
4.5883126	4.9750514
5.162495	7.208023
6.232033	4.650794
6.6462884	5.2479577
5.1946616	6.4464617
5.6223984	2.8530378
5.2170715	5.0235047
4.310351	3.570982
6.0974517	6.8810616
5.217632	6.7654257
6.19494	4.790011
5.8791485	7.625102
6.026548	6.148767
6.3847985	5.7155805
5.455058	7.618318
6.4903646	4.328916
7.086952	6.7140527
5.719951	7.410869
5.946699	5.5732484
6.570423	6.7658796
5.7698603	4.9710255
6.4740686	6.906726
4.72999	5.2113914
4.5432653	4.870736
5.9668307	3.6399632
4.3305087	2.7514486
5.057292	3.4763994
5.0247197	3.4522173
6.481329	5.149303
4.815235	4.473008
6.5268927	8.202738
4.608363	2.4848938
4.2316046	4.885833
4.359281	6.8331795
5.3138933	2.8681693
6.391079	4.0517488
6.3347282	3.5310397
5.4563847	4.577098
5.0493197	3.992088
5.898313	3.3080893
5.9783487	6.7459364
6.7520037	3.1867523
5.955708	4.5174723
4.678063	6.184079
3.973474	3.2530067
5.276051	7.068712
4.703915	3.9575126
6.5886803	5.195671
4.800121	6.1783133
6.3211355	5.625453
5.5907006	7.227556
4.903611	5.435429
4.834396	3.973058
5.0741806	5.738896
4.067764	3.4697475
4.38138	6.375938
5.7013655	6.139285
6.4973574	7.122389
6.567589	6.3982506
5.361684	6.073238
6.020027	4.4900365
4.320252	3.0388753
5.4481187	6.4139414
6.51666	6.571832
4.98192	2.7586088
5.6488976	4.100691
5.1492505	2.986427
4.420654	5.838418
5.355602	3.810751
5.346379	6.531255
4.803808	2.4698708
6.6600056	5.8246083
5.4981756	7.0141478
5.88321	3.8712661
5.089268	4.22344
5.124888	3.0252712
4.3139243	4.812054
5.7160316	3.115809
5.4057655	4.912798
5.086499	2.915672
6.3810863	7.933875
6.522218	5.454869
2.0056136	3.6182017
6.218534	4.16011
5.708392	6.4146695
4.8443313	2.747785
6.6455293	4.0045676
4.840712	6.055313
8.0048485	5.525555
6.4369793	4.284149
6.8078027	5.58569
4.1072907	5.3355775
4.964724	3.4688938
7.436122	4.4388623
7.676807	3.7708287
4.8068137	6.278232
3.6368203	5.675451
5.4856434	6.365426
7.510094	5.2831097
5.0726023	3.579928
5.761953	6.0410733
5.837741	3.023705
4.5583625	3.0200672
6.3112473	8.177335
4.574583	7.198388
5.5621343	3.048191
6.0643806	4.4941354
4.8941526	2.478554
5.4799585	6.792879
5.984327	5.510574
6.449876	4.8480215
4.6492786	5.0799985
4.4875174	4.746627
6.295847	6.558219
6.940703	4.0127525
4.997087	5.131589
7.3233004	6.9928274
5.887227	5.5739717
6.4706845	5.598054
4.4407196	4.78983
3.7718136	6.0903864
7.8919353	4.173252
6.942238	5.9121175
4.2591352	4.616987
5.5818934	3.902988
3.1067696	5.741522
6.5480933	7.0130587
6.664383	5.183901
4.9474483	3.3148582
5.9459944	3.4444218
3.835328	4.6931944
5.3236556	4.9393516
6.3002357	6.477426
5.404267	6.138241
6.1766667	3.2539685
6.8918076	4.6685643
6.34799	6.935989
7.046086	6.343666
4.941318	4.3841043
5.9920526	3.0811691
6.9084835	5.462715
7.2155714	5.804178
4.86863	5.263771
5.392201	6.674529
6.4668794	4.703451
4.4840865	3.8036504
6.3046465	7.8172975
5.293969	7.285688
6.8636794	6.0044575
5.2527547	2.452857
5.6766787	3.2105708
6.2532096	6.791124
5.5712776	5.9708695
6.0196323	6.4652357
6.8448358	7.61167
4.6541576	7.028779
5.4827576	5.419204
5.1458325	7.2793612
6.4107103	7.125894
7.6818576	6.6523824
5.793813	5.310508
6.1570525	5.4459176
5.335124	4.434606
6.806466	6.587822
6.3129854	7.6894555
6.8627496	3.356223
6.631532	4.8775325
6.592576	5.2439756
6.511469	7.264262
6.332494	6.928558
4.353215	4.9719186
5.257362	3.7502708
4.292544	6.7062674
6.220922	6.1111193
4.321515	4.7319655
6.3693423	7.9639688
4.823627	5.1238093
4.9085965	3.6107402
6.167149	3.4701393
6.412479	5.291104
6.4142194	7.636386
6.619238	7.6100893
6.514799	3.3807871
4.0884705	5.938127
6.863051	6.495498
5.4194317	3.9356372
5.9846816	3.9431376
5.660852	7.58374
5.154819	2.8124344
6.296198	6.810571
5.069479	3.2337358
5.2378116	6.783793
5.6476555	4.5357504
4.1057515	3.3553882
5.6080065	5.7164807
6.315041	8.1612215
4.9275284	2.3748677
4.216398	5.204271
5.825352	3.6751642
7.043453	4.690268
6.4084635	6.6847787
5.381902	6.7480016
6.5210056	7.516325
6.122258	8.054537
7.329454	6.7146792
6.870474	3.676691
5.467049	5.6837983
5.869633	4.0248013
4.367597	4.977785
6.6735206	4.071809
6.1743264	7.280839
5.0343227	7.0243826
6.278849	8.3120365
4.4090333	7.0876865
5.2885447	3.4442022
5.520713	3.2352302
7.500742	5.852146
6.84832	5.264277
4.867666	5.7808747
5.78195	6.200125
4.599564	5.8651643
5.5960946	7.076519
5.4850006	6.302751
5.8428135	4.7829237
5.1224813	3.6197283
5.957179	6.928856
5.6888905	7.3230753
6.672136	8.127854
4.5299726	4.736495
4.0948544	5.0373898
7.1971436	7.6708655
5.6894026	3.8833728
7.6960783	4.4619613
7.800456	5.567301
4.701747	3.3311074
7.4626465	5.5272727
4.276441	5.9240246
5.317069	3.5198581
5.224687	7.7535186
5.555951	5.2261324
5.0697174	2.7486572
5.346391	5.3145294
6.513513	7.599142
7.6033044	3.9163084
6.9647956	5.774113
5.3997893	7.1461825
6.544332	4.8070927
5.3615513	3.4845927
3.4892774	5.208891
1.3445468	6.648649
4.378064	6.8688197
4.8548856	3.0398693
4.966641	7.444108
7.4499693	5.9578395
5.9490247	7.008271
4.302169	4.8614783
4.392802	7.295699
6.0746484	7.326833
5.49678	6.7741017
5.2726994	3.0345783
4.199139	3.871745
6.5331116	7.829932
4.4591713	4.26748
4.5541196	4.423852
6.0731792	4.3175554
6.8215423	3.9287188
4.844096	5.1663404
6.3372316	4.8960915
3.376599	5.9968767
5.309417	5.1736093
7.4217973	5.4614496
4.764167	6.4634566
5.2148933	3.049306
6.2339983	5.964641
5.314564	7.5294456
5.869043	3.8951416
6.1066647	6.253932
5.9188595	7.451067
4.6422505	2.6975608
6.6476173	7.6830497
6.4411144	6.748266
4.83447	4.106839
6.3758044	5.744231
5.930543	4.9844766
6.842062	7.375201
5.394045	5.8615847
5.746013	6.8223786
4.603369	4.5240746
3.4200177	6.430943
6.1989727	7.8319945
5.480058	3.2371147
4.409095	7.0669746
4.953898	6.669478
5.6644635	4.826802
5.8889246	3.0854764
6.293631	8.024183
6.241901	7.955209
4.7639203	2.8746362
4.685017	4.773964
6.7841043	7.3577213
3.0367768	4.0408883
5.2317433	4.5075955
7.18655	4.4420166
7.3845024	3.3603926
6.488509	6.3681693
5.955272	6.7946815
4.3406467	6.2251086
6.1496477	7.287794
5.410017	3.0092242
5.7246647	6.9203467
6.226084	5.571698
6.3388915	6.288222
4.6878076	3.101565
5.395676	4.919567
5.394707	7.28639
6.8698974	5.7928786
4.348328	4.671712
6.329373	7.0033083
6.6656494	5.051984
4.6863203	6.520897
7.0616636	7.714447
6.724279	5.751383
3.9836068	3.6144767
6.2703342	4.2890635
5.0638523	6.4333878
4.8262424	5.681085
6.080797	5.912791
6.1430645	4.628983
6.194916	7.9177747
5.8466177	7.9655547
1.0217626	7.2592707
5.656612	4.559518
7.3454504	4.3526826
7.7223644	3.9017901
7.0290723	3.6808133
4.977394	4.1386695
4.992463	3.49207
6.0142355	3.2177591
4.6140265	4.4649453
5.798951	3.8370972
6.7630596	6.664954
6.3158493	7.9263344
6.9954834	5.7280364
5.5233126	3.839176
5.6535306	5.782997
5.819128	7.672652
4.871224	4.3796797
6.9858317	5.7006536
7.2394156	5.8726516
4.024235	6.4938555
5.8785763	4.3334994
5.565615	4.2743516
6.628632	7.6504755
5.407577	3.923787
5.562238	5.652948
6.836083	7.60586
5.2407594	3.2626324
7.9392867	4.551567
4.7463517	7.18976
6.0274806	7.701734
6.243103	4.7475557
4.6596775	2.7739043
0.8948259	2.4252021
5.367299	7.186755
5.145759	3.123951
5.0737805	4.8343873
3.3565853	6.207452
4.3369355	6.972817
6.8476763	6.6280847
6.1919985	5.9719076
5.0976014	3.8585832
7.221623	4.4334006
6.0469956	2.8252537
4.737744	3.727162
5.5596714	4.153419
4.7409496	3.1013849
6.005934	4.6193223
7.4233913	3.6429014
6.550006	7.572243
5.087727	3.2237768
5.7038054	5.344387
6.335016	7.569421
4.7634335	4.938449
7.5939927	5.211314
7.730142	5.025689
5.65725	4.4448705
4.600543	4.5511713
4.241721	2.7607267
7.2514033	7.217285
4.400374	5.0431056
4.5392013	6.7237415
5.339	7.957211
5.0270658	4.257617
6.9485636	7.645286
5.370658	6.3037853
4.7764273	4.122552
4.722001	6.215494
4.0706496	5.704026
5.2239923	4.8983865
5.462481	6.8909903
6.8019223	5.6498327
5.7342806	7.234373
5.5525813	5.2559195
5.4460073	5.103259
5.1843624	3.3738363
4.99642	5.1522326
6.092814	8.256518
5.5026846	3.215359
5.8314834	3.4684591
4.8236427	6.4249396
4.535468	3.4794683
5.5567403	6.5375733
7.4788914	5.601109
6.539083	5.4569488
4.906652	5.4513836
5.7587833	6.602103
6.589886	5.3455777
5.644542	7.055067
4.993086	5.5109344
5.5677786	3.3382037
5.044834	2.8769643
4.2821736	5.043066
5.3664837	6.822658
5.492519	6.005117
5.247233	6.251082
5.2368946	3.5863235
6.678594	4.81258
5.4993567	7.105832
6.86043	7.960114
4.1254187	6.5995917
4.905546	2.84487
5.0146303	3.1070704
5.6121016	4.1293683
5.6698365	3.4557805
7.732165	6.5891647
6.3919554	4.923872
6.447206	3.6629086
6.532744	3.8168082
4.721009	6.6499686
4.027663	4.5098453
5.804285	5.795691
5.509277	4.606147
6.687209	3.5116947
5.868789	3.486339
4.1292324	5.0553665
6.1721497	5.3302326
6.127215	8.138385
5.8740163	3.4830713
4.244713	4.1003184
6.494572	4.218819
5.866959	5.6827226
6.316389	6.8195386
7.029163	6.8792453
6.7023377	4.226368
7.588136	6.5536027
5.784095	7.118749
7.2048006	5.6518564
6.3049326	4.885807
6.1857486	5.9451118
6.224461	5.33292
6.873147	3.9861095
4.090584	4.2762556
6.646784	3.231961
5.169605	7.2375245
5.1152663	6.4220386
4.6883016	3.1257966
4.2321634	4.714872
6.3595533	4.3311954
5.9777093	6.407538
4.13234	5.055805
6.276452	6.80925
7.107549	7.2103295
7.5956573	6.7510138
5.680056	3.0168338
5.8636584	6.1209455
3.6939857	7.150783
7.7351313	4.844791
5.369495	3.6306822
6.0395126	3.8767116
6.7982183	4.710261
5.871774	7.3790116
6.980227	5.713418
6.1932425	6.4951735
6.680066	7.6845274
4.3724794	7.071298
5.466756	3.6261554
4.2184668	4.266764
6.294602	6.6144166
6.573205	5.6415324
6.5452576	6.599088
4.269677	3.3054755
5.631871	6.235249
5.9436355	3.8946006
5.6	5.880792
7.721197	5.329077
5.5299964	5.725339
4.178582	3.377962
6.464496	7.4811077
7.0027113	3.8294873
5.2604837	3.1585836
4.6122794	3.3364003
4.9285355	4.416304
7.136924	5.611829
2.1358027	6.430847
5.207673	3.627604
6.445244	3.7955682
6.5894856	7.69419
7.611485	6.1959143
6.351357	6.6933455
4.921463	4.2786484
4.309312	4.957214
5.685736	4.3305955
5.704412	3.9349985
6.1652813	6.195175
5.4367404	3.2228312
5.455056	7.43227
5.7706947	3.3991308
5.585649	6.7181787
6.403533	5.7656145
6.660127	3.392087
6.2509527	6.739541
5.5912676	3.5069408
7.4853244	3.7086856
6.6642227	8.184573
7.344008	7.2288194
5.3892493	7.2395473
5.234449	4.220855
4.3577538	7.1077337
6.4623537	4.61932
4.7737865	2.7028139
5.269081	6.8917365
7.0129924	6.7987776
5.97384	3.1699395
5.6864	7.0266185
4.2698865	2.337567
5.947285	7.5099134
5.4393992	7.2356076
5.3532743	7.5060143
5.897781	3.0902715
3.8934927	3.7741992
5.360269	6.2937546
5.272112	7.220582
6.858518	5.8368487
5.4425635	4.0304894
6.022454	5.260205
5.9247346	5.680279
5.2160006	5.3314147
3.7390351	4.8556414
6.4360867	4.7874713
5.101084	6.6151724
5.2503242	6.4963245
6.114491	3.265102
4.7899165	6.11425
6.3867764	4.084941
5.7342362	6.7784057
6.1229434	8.31217
4.100826	5.583132
7.293527	4.2038355
6.0003567	6.1864924
7.961851	4.442514
5.19375	6.8171425
5.437248	4.379205
4.66994	4.555415
6.37403	5.6902494
4.207058	5.7493014
5.552244	6.5451145
7.3308516	4.886029
5.4313307	4.178651
5.4822736	3.0437238
5.7192874	3.82409
5.2164946	7.172606
4.266037	5.162562
6.140538	7.678929
4.930291	4.3257
6.309066	4.840977
6.9341736	3.2183309
4.855124	4.842759
5.11697	5.3919296
5.0616884	7.16162
5.2535143	3.7771416
5.1116114	3.6588411
6.626201	7.5103216
5.5284505	7.3312154
5.4440255	7.0615063
6.532902	4.0671883
6.0902967	7.831465
5.6696534	4.0037146
5.474624	3.8777153
5.340011	2.8649914
7.1075354	5.8763437
5.800225	6.3235
4.691342	4.827038
4.0674763	5.971285
4.347068	4.9523506
4.1370196	5.223381
5.4115186	3.172398
6.9575467	6.4591274
5.404302	6.486221
6.972008	6.057153
7.460526	5.9143267
3.911889	5.5473742
5.547162	7.8966775
5.149795	7.742474
5.92393	3.9624026
5.933712	4.4788847
4.760768	4.5812626
4.114575	5.07822
6.317765	8.145518
4.1446433	2.7005894
5.8390107	6.236424
6.029085	5.827347
5.2889585	2.481914
5.1855106	3.5706754
4.7275963	7.3790994
4.991974	3.150044
4.070941	4.8551464
6.773749	7.8131895
6.7347407	3.9165676
7.204855	6.7087307
4.1828823	4.99378
5.3822374	2.5800076
4.775573	6.6007247
4.62907	5.73246
5.167384	6.9280086
6.708183	5.9985905
5.2747006	3.4574487
6.4509645	3.1469212
4.803243	5.648904
5.4841266	4.4900484
4.520196	7.2157536
4.5790267	4.6042924
6.125142	5.9556026
7.915742	5.340362
4.630074	4.5238686
5.885021	6.7299347
6.2491407	6.4360814
5.6915765	5.386082
5.354856	4.413167
7.855764	6.6321282
4.6015143	6.1345077
5.768286	6.8101187
6.0470233	6.318183
5.919842	6.820839
6.0736475	7.8440785
5.2022986	2.8768063
4.2226844	5.1918087
5.6866493	5.3791804
5.0629783	3.578075
5.853377	6.356159
7.1525526	6.8569903
6.1927543	8.297308
6.658993	5.2543335
7.774787	5.5577016
5.0277257	4.2769904
6.653914	3.258954
5.241236	7.2578754
5.446457	4.0205913
5.091433	2.5235896
6.0155916	4.2682633
7.3129086	3.789166
6.474205	3.4271681
6.358173	3.7319076
4.8634257	7.0201287
5.513471	5.4992285
7.210679	4.427701
4.50326	2.9456108
7.2433476	4.3720574
4.8783855	4.6729684
2.7720778	5.7666035
4.9277606	6.404452
7.3108783	5.3559284
4.5249844	5.621828
6.0252376	6.3290024
6.57608	6.666459
6.683597	6.1175356
6.8139343	3.851611
6.1461477	6.6313515
5.995214	3.9216933
7.883714	5.23119
5.544676	6.932301
7.739297	3.773368
5.032597	7.0748196
7.091565	5.1088834
6.7905617	4.8152347
5.427987	7.6325865
6.2294226	3.3284686
4.766703	3.20236
4.302935	5.019865
7.4880223	5.82387
6.0801535	3.8283944
7.3947577	3.3578942
6.531151	3.4828308
5.2161026	7.299104
5.8192887	3.0808685
8.040855	5.208651
5.2640233	3.4846318
4.1389036	6.31808
6.40651	6.8544087
6.327822	3.5433753
6.541078	4.05369
5.382049	2.6552842
6.6413045	7.648903
6.926258	6.9564843
4.8809886	6.619238
5.0464897	4.128439
4.58793	3.8967426
5.418902	7.368195
5.2952533	5.995526
5.968064	3.7973597
5.929636	6.365447
5.95437	5.2536454
5.6575065	3.266315
6.5089517	7.564406
5.4688783	4.0667996
8.049031	5.71838
4.6708164	6.0494366
5.7591176	4.9406915
6.042984	4.5956354
6.3546495	6.6845
6.054341	5.2549877
5.419655	6.7335873
5.24591	5.7418513
4.429838	2.46596
7.024438	5.2731295
4.5378175	2.5800986
4.6195407	5.804502
5.9515724	5.2414827
6.455919	3.87527
6.2373257	6.5483418
6.034685	3.4073155
5.2691555	6.725262
7.312283	5.411907
4.81721	7.4840307
6.677992	3.249291
7.1504617	5.717273
0.11627979	6.7846193
3.672344	7.170607
6.2624097	6.9643793
7.9032116	4.6497474
5.527985	6.548259
5.502924	6.4356356
4.0299973	3.4052064
4.165679	5.4873095
4.291947	5.5149994
6.0714507	5.3438067
6.975684	6.4964848
6.3370686	7.532112
5.280036	4.6784363
7.1191616	4.042204
5.4104156	4.3575497
1.7981179	7.1389985
7.152454	4.0203457
5.986582	4.7182856
5.4147606	7.34776
4.46691	2.9524536
6.325642	5.6835904
5.6753163	6.492625
7.4137063	6.0772657
7.012629	5.8557677
4.867562	2.975288
6.415292	6.332049
5.0889807	4.127278
6.9026985	3.6973853
1.214605	7.128803
4.0227723	5.815008
5.5490694	3.4841943
6.236762	6.473589
7.867256	5.352909
4.128978	5.1020346
6.6433496	4.177453
5.6921425	5.26753
5.10122	3.55307
6.756641	7.6008315
4.280844	3.5076044
4.0240445	4.942616
4.0821624	6.492594
7.291394	5.6459827
5.1928873	2.6899498
5.5512447	6.542338
3.8714292	6.1009164
3.622056	4.795062
7.033866	3.580832
6.7019844	8.058406
6.611535	4.0538874
5.9803576	5.1840158
6.7096367	6.408851
6.8182406	6.7413654
5.140015	6.8472776
4.9865246	3.0297914
6.6001406	7.6328897
7.1343217	5.2055593
5.4849854	7.0153413
4.7390695	7.1317673
6.424578	6.321709
6.577217	4.926655
5.4973807	5.392922
7.1279445	5.754068
4.4637575	6.0026054
6.2030573	3.4050732
2.9488041	3.7547805
4.927019	6.7026005
6.5698752	6.033227
6.629293	7.828789
7.465496	6.1456246
4.145854	4.4007936
4.6889806	3.0808296
6.4621425	3.2279027
6.6009464	4.303367
5.3308024	5.5392046
7.7199607	5.004038
4.4254394	4.301161
6.0210147	4.5182543
4.3461123	7.049794
5.6346254	5.0942345
5.2982163	3.9042578
5.7975082	3.096543
6.0564747	7.60915
6.3355565	7.538216
5.739002	7.3532996
4.6421814	3.0528057
6.2188687	4.0702176
6.146277	6.850309
7.0888762	4.0243955
5.280318	3.7156446
5.215588	3.0949435
4.983007	6.4930005
5.3896184	5.4721303
6.1390824	7.9234505
4.952585	6.138493
5.085967	5.496928
6.711245	4.384463
5.9402866	3.6879697
6.444271	6.331277
5.63989	4.111511
6.0994687	8.346738
3.7884433	5.7401648
7.0309114	3.7505774
4.110758	4.673785
4.2061224	6.576536
6.1408854	3.217347
4.3239765	7.0493326
5.879634	7.4677444
5.5584693	7.7328343
6.9802933	7.439558
5.35578	6.676955
5.8962364	3.2246006
5.7690926	4.3548183
6.0579963	5.7550006
4.364671	5.0091844
5.045249	6.563744
5.7851734	4.1185055
4.9437327	4.9605684
7.7261863	6.038267
4.610049	3.8873527
5.114103	6.32597
5.3801646	3.1757421
4.116119	4.987825
5.4447665	5.652003
5.2558823	7.279352
6.821549	5.7237015
5.7766347	3.0477254
4.403055	2.5154295
6.5214295	4.5019083
4.8732104	6.2535877
6.31039	5.7842035
4.3997254	4.8102264
4.1662984	4.207807
5.1036286	3.4837637
5.5444255	4.837046
7.954348	5.746609
6.931826	7.138178
4.9024177	6.657629
5.5097027	3.9402726
4.8670955	4.832003
6.7244062	6.537016
7.787967	6.229463
3.877487	5.4728203
6.388227	5.518923
4.9150357	3.7852511
6.0765076	6.149056
4.6197557	5.21641
5.648098	6.0466704
5.3214803	5.564454
4.6749086	7.7006955
5.0640173	3.4908445
4.5198255	3.0829663
7.091528	4.334906
6.002231	6.5095367
5.0597253	7.2421107
7.4144015	3.509598
5.336089	2.5125139
5.1819587	3.2751088
5.2072835	7.634456
5.357011	2.5073023
6.811465	5.2252145
6.3852196	4.1747108
5.7274795	3.027991
5.2583165	2.5292175
7.4377446	5.235065
4.9095206	5.5919704
7.9950294	4.5027676
7.3141785	5.5647717
6.011241	3.401149
5.9658604	5.447857
6.8702006	3.4877982
5.0746717	4.1254253
4.492715	6.5086184
6.169147	5.1404457
6.836866	4.917241
5.1971135	3.8808534
6.16449	4.771356
7.423696	7.1168337
4.497583	4.874053
5.5053396	3.3177154
6.531637	6.210796
4.5142007	7.166126
4.97061	6.8567295
5.1925454	6.9837093
5.7303214	7.272053
5.9538484	5.110128
5.8700943	6.8159323
7.536449	6.0579953
6.643057	7.5594444
5.550331	6.7248116
6.4470034	5.133004
4.745366	4.498739
6.827121	7.255391
5.2091784	5.96069
4.5300226	4.1158786
5.9391456	3.4132588
6.7483363	6.849704
5.7818055	5.481992
5.517208	5.379509
5.8151574	4.98882
5.3732777	4.640052
5.4584045	3.355776
6.284343	5.2616124
4.0743155	4.8154893
6.61808	3.2065027
4.3767033	2.550712
5.45318	4.6079288
7.014559	7.4395885
4.677422	2.572432
7.494253	4.1600547
5.4617615	5.233409
6.08641	7.657783
5.037226	6.32
5.522561	7.771869
4.4643135	5.4041734
6.2349668	8.191039
5.9142795	5.0527015
4.5475755	4.3201156
6.329569	5.2814617
5.6599007	6.00789
6.8960323	6.811002
4.90868	4.2765136
6.361723	4.675559
5.9351096	4.653823
5.667018	5.211022
3.9051702	3.5737998
7.4667454	5.762655
5.6695256	4.041795
5.726686	6.9708114
5.5223465	5.459276
4.519495	5.8426595
5.6371617	4.6999955
4.3293915	4.411574
4.7862477	6.338403
5.1259985	6.6826086
7.366257	5.698721
6.2118254	4.3833933
8.020448	4.5130863
5.26394	4.611578
6.8807116	6.3166375
5.5711355	3.633012
5.5653496	4.1373854
6.1293907	8.351655
6.0323763	3.322001
6.0188684	3.4318857
5.1794863	7.529596
7.009734	5.9045258
4.276965	5.098115
6.3505006	3.5746934
4.2581863	5.282504
4.7757635	3.6663485
6.939136	7.848147
4.034503	5.7630124
6.0342436	7.021573
6.231304	8.149175
6.5604568	4.589424
3.27844	6.0246854
6.1145597	6.2231026
6.1303396	4.3968706
7.2190003	6.7140913
3.2147968	7.0803237
5.636757	4.5166464
5.457562	4.1666856
5.159647	4.082123
5.787127	6.8985586
7.3785086	5.4298253
4.3177733	6.9818115
4.7151957	5.563525
5.408164	4.9088936
6.393086	6.020906
6.006699	6.559464
7.328026	7.1347585
5.807216	6.3949866
5.8303304	3.0258074
6.602004	3.784997
4.9015746	6.3031044
5.706407	3.1592765
5.3931155	7.1051226
5.153574	6.8380723
7.403267	6.2159276
7.3952556	4.8358283
5.865283	5.900751
6.236525	4.7894
6.4551845	7.4458146
4.7687807	5.8243594
5.6513495	6.0468507
6.9236364	6.4152675
4.8118515	5.922958
4.709395	4.431515
5.6106105	4.2948556
5.822494	4.9018846
4.7860236	5.2560687
3.701268	5.6890507
4.0400615	5.442802
7.7512975	4.7334003
6.1921406	6.64425
5.15888	3.0688102
6.3959737	4.692362
6.5169272	7.515654
4.9532995	2.9397075
4.1510324	3.0509002
6.403269	8.011694
6.0081615	7.3334627
4.573308	2.6303868
6.050618	5.9322352
6.698001	6.6376567
6.0185905	6.615849
5.90861	6.276074
6.090457	8.188183
4.913028	2.8995545
4.8307786	2.4231384
5.035571	2.718541
5.607709	3.0306027
6.3257427	5.707285
5.684661	3.818011
6.2533092	6.941658
4.5395374	6.0968175
7.3887434	5.7998543
5.2452216	5.171449
6.63576	5.8071337
4.1175313	5.770596
5.2725315	5.610001
7.4788623	5.7112575
5.3896537	2.9691727
5.6945567	4.643231
4.134201	2.755664
5.1762533	5.474756
6.6576953	5.335311
5.5206056	5.1864905
4.603554	2.787252
6.293381	5.8343973
6.1868687	6.4245257
5.678519	6.051205
4.01492	2.7910025
6.0912046	8.349256
5.985861	5.557672
5.3421316	5.2078047
4.7225804	6.0675488
4.182067	3.373084
4.922765	7.1414847
5.049984	3.3932235
6.379413	7.605092
6.5270157	3.7979584
5.6230054	5.3595076
4.4504414	4.8342733
4.7276535	4.902096
4.9142475	4.095022
5.5828304	5.4808216
