-19.267403	-1.3226243
-19.328777	-1.3636657
29.44931	-64.21273
29.651346	-64.27797
-48.885754	-54.36472
-48.889572	-54.363705
41.330215	-60.595284
41.307915	-60.559208
13.116256	-57.770973
13.45552	-55.4874
13.666861	-6.472211
9.891589	-9.284807
11.42718	-10.813514
9.253245	-9.266487
11.87999	-9.404511
14.445008	-6.528243
10.785957	-5.06218
9.805677	-8.254829
-69.65287	-60.913303
-23.139885	-17.060919
-21.668806	-17.817408
-22.916363	-17.170746
-21.713152	-17.798594
-22.42817	-3.9138114
-27.389175	1.1454674
-24.160013	0.5192873
-27.009924	0.6669447
-26.397324	0.97254634
-25.568071	-0.47966245
-25.824245	0.34192488
-25.631254	3.7324345
-26.771952	4.4064746
-25.102888	3.9017456
24.20162	-81.308945
-15.360117	3.671578
-25.741907	-3.6500845
-25.918728	-3.6374109
-27.573975	-3.0155087
-27.508667	-3.1191933
-27.476498	-4.539424
37.743378	-50.008945
16.956676	66.36549
28.952312	-58.950127
-17.391863	-23.076487
78.855835	-39.39141
39.916447	-46.472607
39.92203	-46.488552
15.057881	82.02221
14.801446	81.50455
42.955677	-35.504303
18.615482	60.265434
15.531745	79.477425
10.896329	74.09888
-10.634797	9.101749
23.090017	-53.724255
14.820484	81.97651
48.932625	-45.02299
16.038296	56.236034
16.038363	56.235947
63.18449	-11.598991
62.92368	-11.818391
36.212055	-53.883446
50.32063	-54.778736
36.12272	-53.87939
35.528183	-53.15675
56.805492	-46.7838
22.371578	77.06659
41.797665	-52.340652
40.423096	-56.756523
38.71365	-56.883957
40.63934	-57.409077
-3.8784423	9.490606
-3.8561776	9.532159
42.4631	-34.046318
58.120514	-0.11271947
58.121254	-0.12295949
36.504402	-57.538265
-7.1880097	13.2998295
56.05512	-56.552914
-2.1245732	4.129438
79.58832	-33.906067
91.90067	-32.918526
92.463005	-32.494858
78.390625	-35.991566
73.03069	-37.731968
62.624954	-57.20314
78.672806	-39.397545
-100.89546	-6.5286555
-20.418423	15.280699
-47.352345	18.354504
23.671759	-76.88609
-32.85229	49.418926
7.253588	-66.997894
-23.364223	-5.859631
-24.809824	-4.085516
-18.662699	9.187622
-16.790915	-0.8543176
7.3493996	-67.38627
-16.633074	-0.17291343
-15.085998	9.119907
-17.532804	11.903699
-14.585273	50.02651
-18.648962	-19.567072
-18.492535	-18.872177
-24.393753	-9.329272
-34.945793	18.040083
-35.14087	18.59284
-35.257328	18.812527
-13.657229	-0.89894205
-27.963106	74.56069
-0.89603955	-62.13327
-15.623007	0.7261915
0.7132167	-66.612114
57.393944	-45.807014
75.72195	-26.73523
57.063473	-45.977795
75.257065	-26.711565
58.343773	-44.95748
0.32394302	95.495995
58.24449	-45.06369
-0.078630716	95.814026
76.15593	-23.749294
75.59618	-24.1159
76.0713	-25.72761
75.58955	-24.114374
75.952805	-26.038471
15.301838	69.16217
15.487431	69.2652
15.960837	70.31705
27.109074	-41.53357
56.021294	-45.259396
28.708643	-42.573536
43.609222	-55.56596
42.308968	-35.621216
46.067802	-52.07522
47.852226	-55.414665
47.518913	-48.656246
66.776306	-37.619915
68.10971	-39.778397
67.982994	-39.903965
37.676178	-36.02539
-99.57418	-3.8711798
-100.1015	-4.072589
-32.51919	57.16824
-32.90373	56.591576
-32.93641	56.18177
-93.82886	-1.4778795
-30.793736	35.94113
-94.60046	-1.8044262
-94.76084	-1.9739894
12.232921	-80.25426
-49.650158	14.703694
10.964414	-80.82873
5.6153264	-18.485184
5.616348	-18.4876
-6.7507267	16.076635
-6.6668944	15.256183
24.263454	-89.751274
24.339973	-89.235146
-40.94156	58.062622
-47.726658	14.175287
-47.79653	13.991795
-25.806479	10.906506
-18.925125	7.048569
22.982126	-81.62787
-15.38681	6.8403373
-41.331074	21.067411
-14.731484	6.8929653
-15.914377	3.7750297
20.043627	-24.773012
0.48375976	-64.12061
-20.036291	-4.519794
18.260944	-24.542828
-18.557446	-11.540357
25.866802	-76.24818
49.830185	-44.459137
20.089771	54.58364
15.79149	55.72593
48.93738	-45.0328
69.40848	-25.335562
16.993496	74.43867
69.47297	-25.311506
12.463811	80.89436
12.388193	79.90486
12.996648	80.14105
70.66056	-25.690733
16.49571	75.36843
25.589642	-85.921646
24.919075	-84.5555
-39.116684	57.5783
-40.908432	55.50932
-38.294765	55.50224
-40.96152	55.53231
-39.38377	57.18929
24.53119	-84.58246
23.392824	-84.803856
15.985381	-82.37828
8.917729	-85.58568
15.703172	-74.45483
-23.02875	61.73971
-15.428676	13.463623
16.634567	-82.105736
18.468102	-84.82741
-20.013084	60.881077
18.919847	-85.78009
18.923527	-85.69867
29.592669	-79.92836
21.8813	-78.441635
28.216602	-80.43195
-21.446066	61.998974
26.350897	-78.60537
-21.862688	60.192127
-21.1521	60.69563
-21.444525	62.014755
19.939146	-78.81544
20.228409	-79.660126
19.8602	-79.82193
27.504715	-81.63167
16.440357	-84.08514
21.659473	-84.19212
16.372253	-84.03571
21.669727	-83.86399
21.670029	-83.86496
18.147753	-83.57126
-38.002895	56.328533
-37.57484	56.65399
-22.531975	80.28876
79.506775	-66.74735
21.422367	-88.60746
-39.13981	58.568733
19.903372	-87.56998
-27.367443	75.26505
-13.74755	8.775084
15.654678	-77.70691
20.011812	69.99831
19.968107	69.640526
0.5536787	89.06769
1.9654603	87.03321
51.79765	-64.65108
50.76362	-64.41424
-100.836464	14.3306
-100.28687	13.855231
-13.530564	-6.2395344
-13.6640005	-5.949704
-12.213439	-12.382659
-13.915683	-4.9824395
4.1740174	-57.896652
-101.00864	-4.8924265
-100.990005	-3.974098
-101.92582	-4.138256
-101.54236	-4.1562886
-41.21316	25.408705
12.025976	51.882454
15.164613	-75.90932
15.244803	-77.36271
-19.411726	57.80485
17.42256	-79.65792
-28.810291	34.482517
-29.765032	35.50628
29.625542	-81.36438
22.223984	-81.93323
22.693773	-88.076935
21.187817	-81.632385
22.715034	-87.68561
-32.980404	58.33825
-36.556557	55.54552
-48.944324	8.835323
-17.990463	5.880103
-24.238245	4.8649898
-18.505857	43.241116
-20.14378	50.10473
-18.36303	55.80943
76.41032	-42.246063
83.22329	-44.04308
1.2294667	80.840866
1.2117797	80.784775
84.12889	-43.91599
74.61781	-42.91616
54.708866	-62.77226
45.172413	-55.035416
54.21568	-62.269093
-1.6792893	14.478297
-1.3517045	14.857801
84.410095	-42.931156
-11.413912	91.52109
-14.156791	92.92628
-3.6490529	86.019
-92.26159	12.59671
80.61563	-45.0999
-92.64377	13.022801
80.612755	-45.09768
-19.54389	78.68998
62.8468	-59.58352
78.017654	-43.08638
83.81614	-43.518444
2.051623	87.12489
78.26142	-42.443714
81.74579	-43.91821
-2.9381206	86.018776
81.34815	-42.460545
81.46989	-42.993107
80.10353	-41.92526
53.88852	-61.92125
-4.5215454	12.040735
62.72058	-58.821
-14.355266	93.33819
-10.545657	92.54827
-12.208686	92.62384
-11.928914	92.63766
-3.9336574	86.89595
62.720123	-58.821186
55.475723	-58.588654
-4.7801576	82.059265
-4.7064767	82.03819
60.790882	-59.2972
77.697464	-47.41188
-15.317968	90.13539
-14.927216	89.95808
76.712715	-47.404934
82.06933	-46.55292
-13.388063	89.62503
81.31632	-46.430733
-4.9609447	84.40965
9.107468	-74.07274
-2.8632848	11.2307005
69.16902	-47.188232
26.862867	-78.88237
50.164436	-63.561707
49.383614	-62.12916
-17.718681	76.29773
-17.606462	76.35162
78.56912	-60.597546
69.45972	-47.176666
-18.695545	88.9787
78.581985	-60.59702
-21.860939	64.50926
-13.528307	81.344185
73.34866	-45.19556
69.13582	-45.220806
71.822754	-48.44614
72.712204	-45.53824
69.4636	-45.454926
76.05143	-40.369408
38.85259	-35.41308
41.43607	-35.201645
76.00367	-40.358715
2.539095	81.68885
41.3163	-35.399567
-7.0216923	4.208509
-6.9848695	4.180765
-96.99653	1.6989602
-20.823183	59.43658
-3.1988463	-0.5584715
45.382057	-27.902014
-4.830824	-1.1776258
6.7857513	-64.36065
-3.0630546	-0.476839
-5.0623546	3.1415656
72.349846	-38.63127
-10.90453	89.95162
45.966194	-49.21955
45.86294	-49.839294
72.33006	-38.720203
45.958057	-49.78813
79.39381	-36.780746
-0.34001294	87.24336
42.527298	-43.580738
-1.1022133	96.09653
42.529255	-43.534996
-1.1219009	96.60917
40.03122	-43.945446
39.965424	-43.972256
82.70666	-40.181976
81.0	-38.027916
80.79421	-39.807278
82.81748	-39.975777
56.36513	-53.025578
-3.036711	87.20523
-1.1659471	86.14781
56.291035	-53.040344
-5.1302757	15.216137
-21.235329	64.49131
-95.203415	14.899821
-93.19604	11.628647
-94.047264	10.413193
-93.21184	11.677158
2.4237783	78.48643
48.195457	-51.49603
0.52015984	78.15746
0.83152044	78.13992
73.6505	-27.182934
13.578058	65.23658
14.430646	-73.28595
-100.786095	-6.704276
-13.494941	12.173666
14.481496	-73.296364
-19.93997	55.69342
-13.237787	12.664775
-19.44811	56.83412
36.681355	-42.703995
40.96631	-42.86403
37.047684	-42.81307
37.535923	-42.85914
27.43976	-41.74227
27.6105	-41.85143
33.02908	-42.982677
33.122326	-42.975742
54.314037	-54.346382
-1.3683366	85.22319
-93.51073	15.744486
-9.357431	89.280525
-9.646364	88.803024
-9.181212	88.918785
53.203968	-57.687927
54.223957	-58.076668
-18.85101	66.77521
52.944717	-57.5213
-13.636285	8.770161
-21.013092	66.84114
-21.086319	66.68353
-20.399994	66.37326
34.492752	-65.895836
41.509155	-54.83609
49.52451	-55.124134
51.30927	-55.100655
-37.39771	58.309208
-99.49333	16.092735
-37.11175	57.754505
-14.188037	3.8944132
-26.034801	12.044977
-2.096	14.2347145
56.03776	-51.94768
-1.780532	85.32342
64.9422	-45.145844
64.97159	-45.101334
-2.008044	13.035655
59.508892	-58.405663
-94.2701	9.828545
45.129143	-48.971836
47.8144	-51.761818
-4.145777	84.743164
-14.643934	14.404795
-15.559744	14.517889
-19.2761	15.173743
-14.948063	14.454725
24.776314	-31.16286
24.79071	-31.706375
25.825033	-31.74857
24.576075	-32.446907
23.140205	-28.15
13.6489105	-71.930595
25.646442	-29.385311
26.367424	-30.654993
25.469429	-29.48712
26.207445	-30.515575
23.597168	-27.592411
23.486649	-27.89745
33.99068	-63.615913
33.89923	-63.772915
-16.568245	9.279969
-16.767124	9.117504
-89.03707	20.33578
-89.39587	19.980507
-89.06053	20.15563
-89.36466	19.683485
20.410398	67.9344
20.108103	68.29362
73.8017	-26.757017
-90.22933	18.790426
12.118366	-71.6547
16.532728	-78.622475
-17.024843	14.688399
40.63363	-30.169395
-16.612228	7.684843
-16.77598	7.136468
18.273615	-80.15928
-33.43071	48.5808
17.515862	67.3541
76.036026	-18.159319
76.038345	-18.160023
18.237938	68.30481
28.208014	-29.684622
48.835716	-28.965122
49.655624	-28.713827
29.670607	-31.307571
29.660032	-31.315876
48.20085	-30.755465
53.65021	-61.212154
56.061283	-57.756504
58.568012	-58.147343
46.28963	-51.66476
-4.635622	15.308637
57.067554	-57.486107
57.140976	-57.359562
56.877197	-56.5601
46.59296	-38.073586
16.006392	75.49015
46.579132	-56.96346
48.92265	-58.088703
76.20204	-42.518982
-10.506018	88.9948
75.11452	-42.405712
71.61704	-48.457073
6.196967	79.13245
-3.119394	82.25685
73.063995	-44.01889
30.78377	-57.18723
19.974028	-24.768843
30.179115	-58.681618
29.693073	-59.676888
30.779655	-58.104225
29.685694	-59.993412
-21.148989	-11.081906
-17.3425	-3.7702186
-17.601107	-4.020294
0.47973195	-64.133156
-18.667635	-7.533606
1.8602597	-58.157444
-19.429083	-8.106792
-19.879385	-8.751581
-15.480706	-2.682398
-15.002456	-1.8470824
-16.713444	6.4502954
-14.624046	-1.7703512
-18.61993	-11.499031
-20.57089	-5.7492404
-19.953676	-10.238353
-19.460737	-10.986054
-20.227049	-9.976748
18.185663	-24.531797
-20.154093	-4.814384
-20.534077	-5.7504663
46.49265	-58.071915
-97.57178	-4.9135094
-37.299664	53.21068
-36.165016	52.41215
-96.83713	-4.498145
-97.34284	-3.9858658
-97.68183	-4.903052
-20.741436	6.025217
-38.528378	52.746655
-37.16244	52.183384
-21.744165	8.210655
-95.750336	-5.976572
-95.669304	-5.9401727
-20.797314	8.119971
-6.2090526	-1.41709
-6.0580745	-1.3976142
-22.038874	8.554862
6.503207	87.46518
6.6145477	86.897224
-91.67119	16.078094
-92.208176	16.213545
48.017124	-38.295887
5.2921777	88.88853
47.99218	-37.568123
48.102394	-37.77482
52.285046	-53.566303
11.655009	64.539375
12.355197	64.92644
11.791411	64.6237
40.227287	-55.148216
41.803356	-52.262203
40.11901	-56.976894
40.30274	-55.670483
-4.957591	10.423762
38.051655	-58.733013
37.794704	-58.251465
38.546844	-58.521408
45.943653	-32.523197
38.382416	-63.287872
50.464554	-57.219185
45.00561	-33.51574
45.32231	-33.27698
-94.0646	15.7104845
36.0002	-65.058556
34.502148	-65.35175
36.061695	-65.64618
35.893044	-65.70324
31.45588	-64.855225
-19.75954	6.1151395
-40.506973	57.898495
28.338017	-21.190447
28.52312	-21.458986
45.076332	-54.702732
47.46477	-49.067314
0.11549374	84.80189
-5.381763	11.943172
53.94952	-54.34232
67.96326	-43.233505
-5.561845	13.149626
-5.9034886	12.766703
-6.05	13.270285
48.730812	-59.076607
48.65641	-59.216515
29.228638	-42.850235
-6.953265	10.5973
15.956757	-85.493324
77.79368	-67.07876
77.77799	-67.416664
78.71224	-66.71903
13.655643	-76.9567
-18.04128	9.2427225
-26.006788	46.666275
-26.631565	47.112404
-26.326618	46.947063
-26.552244	46.49502
-75.95465	-42.208817
2.409302	4.254566
2.4000707	4.266155
1.2320238	4.8747597
1.2939718	4.8714967
72.15208	-45.00928
-4.0833254	80.7607
0.5338263	4.8444233
33.759056	-42.913624
-1.0338184	4.961313
66.057816	-43.33089
73.47885	-43.142696
47.185047	-31.91372
48.535492	-32.469852
47.21993	-33.10381
49.975677	-28.525461
47.80041	-32.445034
48.401382	-32.192055
44.735268	-56.91715
2.2249417	80.65732
32.38849	-58.503284
-69.65532	-60.229088
-69.64632	-59.908577
14.366291	-56.15208
13.950173	-56.044144
-21.56225	49.17741
13.472827	-56.89765
13.527905	-55.805737
13.62696	-6.8433466
8.427463	-9.400112
10.128771	-10.188356
11.369304	-10.8821125
14.465068	-6.6674066
12.5515995	-10.369386
12.103746	-9.394051
12.474515	-10.766214
12.228181	-6.168852
-69.65938	-60.988785
10.352793	-7.5806026
10.81247	-5.0956473
8.821387	-8.105566
-1.0283684	12.376791
-12.709401	42.840515
-22.311487	68.07819
-31.720526	59.714993
-23.021397	79.31508
28.237185	-66.10288
24.807768	-76.73896
25.581417	-80.340836
-9.223877	45.499943
-7.2428203	47.75194
-21.794746	68.48147
-18.59755	76.702515
-14.737335	51.491505
-23.537792	81.792076
-9.33243	90.80793
-10.447934	91.293365
68.30103	-43.40011
-17.642014	57.28031
-18.227896	57.679802
-19.190903	61.66218
-20.140265	58.535156
13.744656	-80.57724
13.85958	-80.64619
-37.273968	55.27143
5.733947	-77.141594
-95.31978	-3.4132164
13.373302	38.78362
-16.78423	14.379547
13.323158	38.423565
13.341981	38.538284
29.345833	-76.68855
29.570654	-78.909424
-22.733149	12.401472
-22.652685	12.446958
52.122814	-54.953354
-2.9806197	81.51147
-17.794302	-21.19279
-18.148132	-18.143328
-17.595343	-21.182772
-16.439104	-21.997683
-16.493351	-22.058538
-18.234518	81.77718
-95.432045	11.748461
-99.39077	14.069639
-99.17563	14.445493
-99.6233	14.417816
25.875057	-76.78725
20.586971	-83.95527
-8.054268	15.236162
-22.503647	63.757435
-4.83517	42.848843
-18.711779	59.264683
-97.873665	15.086066
-12.686117	4.548065
61.476482	-58.76476
-13.304619	91.68724
74.13293	-45.154503
64.15719	-60.57265
-26.748518	76.097824
-26.607304	76.31994
-15.398867	81.350006
-15.638729	80.57487
-15.440815	80.29724
-15.632144	79.95863
-20.439571	79.57546
-20.9314	79.7816
-19.663704	79.9576
-20.827393	80.33707
-94.93147	11.546312
-16.713526	78.414085
25.860447	-85.58775
24.967865	-85.37887
27.749224	-81.88854
27.513243	-82.55171
16.055262	-84.03303
26.886301	-82.26741
26.835085	-81.95167
45.26905	7.6938677
45.350876	7.274962
45.370144	7.125692
8.611893	82.56968
8.620187	82.738144
82.12192	-31.900126
82.12312	-31.89849
83.12038	-31.229233
38.030674	79.09835
36.01219	80.02811
35.85317	78.42215
51.080593	-1.1095083
50.585163	-1.2359922
75.73694	-38.446026
74.713425	-36.065117
74.71331	-36.065567
51.72724	7.4626913
88.317986	-31.571318
86.64115	-30.907
52.72357	8.07891
53.40008	8.746185
52.05556	7.2590704
52.36712	-1.7104671
51.95493	-1.9385577
52.013123	-1.9084095
84.85139	-36.14794
84.717094	-36.20669
86.37438	-34.360065
86.14276	-34.547455
89.13957	-35.03256
89.14043	-34.925873
92.26156	-28.801186
54.960323	9.960723
54.587296	10.210752
87.17387	-32.84328
56.01938	9.962396
55.146202	10.290688
55.04989	10.97626
55.403816	9.331417
88.19009	-31.595701
-3.4218624	-48.271793
-2.7158928	-47.840088
-2.9452338	-49.4297
-3.1616166	-49.019157
77.86393	-57.40079
77.69419	-57.37589
77.09494	-56.88595
77.455505	-56.29925
78.02529	-56.482296
-8.975919	68.3009
-8.950878	68.21675
54.764023	-10.687075
54.334133	-10.496562
54.74843	-10.1004
54.17846	-9.570429
54.431873	-9.483723
2.4381776	61.93969
2.9092114	62.503433
2.1245463	61.51372
-8.890835	66.56527
78.670494	-55.35064
7.122087	77.57003
8.403098	76.361824
8.107285	75.5564
64.93923	-17.353132
65.15493	-17.516373
64.77627	-17.000778
26.670467	79.42274
55.049194	-7.9382095
37.2786	70.22541
26.070913	79.28635
11.483956	74.341805
26.73872	79.48724
37.274014	70.169876
69.43541	-8.290778
-9.014698	46.412235
-10.029462	49.100693
-6.4601736	53.679756
-6.3810964	54.17941
-5.2466435	55.202198
-4.940066	56.04726
-3.9752538	57.061943
-3.6555965	57.121464
-1.9971747	57.681896
-0.9744325	58.13956
1.2831244	59.53135
52.84595	-9.022019
14.511912	-65.181885
-18.188456	47.62297
-6.330307	55.86858
-6.274262	56.67188
-8.967316	67.20228
-102.722786	10.168988
2.009324	64.01989
1.820957	64.459045
-102.66391	10.051292
-102.869095	9.733314
1.4045959	64.559616
-6.0749326	67.291885
7.5203614	76.130585
7.2526336	74.72595
7.2857122	74.29482
64.078285	-15.697098
63.534348	-15.002121
35.075146	64.40239
35.291355	61.522446
35.29189	62.108265
35.927483	62.699764
52.68065	-15.431276
26.071178	-51.065998
25.035568	-51.027687
21.677532	-48.64954
22.428524	53.173733
58.026096	-15.31382
31.159258	55.425156
34.388363	60.339794
49.585743	1.3830588
50.149662	0.54387003
34.971737	61.146034
7.294162	-82.69882
6.9391446	-82.01762
-50.589905	18.258593
-57.337795	15.393352
-57.175816	14.708475
1.4972322	-78.758255
-54.838078	47.72706
-56.391018	39.650036
-4.7685723	-79.1828
-57.298664	15.270649
-50.67157	18.346212
-6.9571757	-80.6108
-38.030468	17.484648
-40.63878	20.563745
-36.85982	16.242313
-36.61715	15.985797
-6.9663954	-80.624954
-6.422212	-81.35377
-4.134388	-77.6175
-57.360092	42.17422
-38.283943	17.679855
10.250103	-60.35513
9.56337	-69.411575
15.662536	-67.198135
15.981458	-67.13851
16.038122	-67.100876
6.7273355	-54.10726
-17.77023	88.83858
-6.287673	59.610756
-5.5189133	58.63423
58.90737	-13.101109
-48.615612	-36.196747
5.4403024	-33.65614
24.057283	-50.82296
25.392572	-50.440315
51.674934	-43.404957
56.864468	-10.997107
51.88611	-14.762904
21.049097	-57.980877
36.840958	-25.871914
-7.755599	-63.406693
13.893605	-42.74332
13.27299	-41.583878
13.183917	-43.26158
12.123347	-43.60846
13.44808	-42.202152
24.83634	-60.519604
24.806381	-60.498943
26.87986	-65.551956
12.723149	-47.766582
12.786454	-47.789032
10.584714	-41.190887
8.787404	-41.002666
8.441198	-39.81753
8.478421	-39.826645
26.470673	-65.21685
25.979822	-65.1305
16.237879	-62.696754
-4.298321	-54.31994
-4.5071735	-54.367912
-4.65184	-55.309566
-3.7523823	-61.07129
-4.9935555	-54.550133
-5.356578	-62.12622
-5.1139264	-61.901333
-9.33231	-45.645638
-8.579826	-45.62115
-5.908584	-62.811924
-7.2398157	-63.526077
-22.63145	48.39619
-22.631453	48.5838
-21.612352	47.9536
-25.448679	38.754498
-25.48455	38.731644
21.75612	39.115715
39.519424	-19.759369
23.520979	39.12114
-42.15929	40.6623
-42.32241	40.611042
22.07568	38.772163
39.480267	-19.75559
-27.573648	44.135662
-28.103079	46.154793
-26.653742	38.066864
-46.140186	37.41534
-46.0995	37.403217
21.820225	40.185772
21.78099	40.45614
48.139244	-16.991001
47.722218	-17.516262
21.121218	40.82631
20.79255	41.055058
-24.282461	-6.6689124
-24.51904	-6.9883676
-24.84254	-7.295934
-43.70853	22.52567
-24.862965	-7.932983
-96.195984	4.8746567
-16.974184	46.919518
-95.35191	5.177342
-95.48254	5.3493123
-94.26292	4.6902018
-94.204834	4.786205
10.179637	-33.19763
2.1796558	59.605255
9.919803	74.58566
-16.648495	45.02104
-16.842438	45.14079
4.031125	-49.78286
-16.614035	50.51791
3.5384588	-49.940006
3.6628668	-50.95308
3.280066	-50.606373
3.3762157	-52.600727
28.954987	35.231228
28.951359	35.297924
-42.813297	37.4517
49.247486	-7.9782662
24.012966	39.46033
24.628443	38.94694
-42.606945	37.403015
49.04414	-7.881504
8.045457	-82.29225
-31.482025	56.99497
-32.07037	56.23199
-31.023708	54.064556
-31.040974	53.504402
3.1461627	-77.76501
3.1944466	-78.54443
3.7643497	-78.67903
3.3693073	-77.80878
2.8900747	-78.42684
-49.33675	43.92716
-49.592663	44.387146
-87.39527	-3.6604645
-87.06201	-3.30059
-43.814293	40.82777
-43.799812	40.822704
-96.83004	-2.1622152
-96.62871	-1.4612126
-15.762642	7.6819897
-97.33373	-1.6949939
-34.974106	-1.3904883
-35.133713	-1.5158054
-36.425865	-5.285742
-36.446304	-4.5583544
-49.602722	-4.32469
-49.604435	-4.339028
-97.08621	-1.1379802
-31.766909	50.508926
-36.898975	-3.1740954
-36.90621	-3.02104
17.298943	46.211388
42.95861	-27.80517
43.041447	-27.920181
42.795403	-29.59215
-4.9743295	-7.620981
-4.941234	-7.741083
11.203378	10.332441
16.750284	-49.48134
44.604786	-9.567081
45.0864	-9.314273
14.613569	-43.367706
-41.470673	36.444534
15.31154	-41.734074
16.726543	-49.484238
11.296079	10.391383
-4.8578377	-8.052945
23.235382	-51.350338
23.20298	-52.693233
23.194792	-52.828796
-43.826145	24.041468
-43.242672	24.177877
-43.403236	24.95626
-48.10337	22.93465
-47.617893	23.283587
-56.70724	38.233994
-56.226208	36.14263
-87.32504	-4.705295
-57.292473	38.579037
-26.549675	29.014198
-26.490162	29.606737
-26.834314	29.069967
-26.47042	29.75026
-42.75542	23.653324
-43.936142	25.476604
-41.84866	23.413406
-46.19681	25.892927
-50.011604	21.259716
-46.738297	26.28213
-50.712013	21.228853
-55.73618	33.54973
-59.93828	36.24976
4.61937	-69.25688
-59.61306	35.717407
-59.48165	35.494415
-41.973244	23.147516
-46.76577	17.59515
-45.319756	29.26467
-44.787148	28.764118
-45.310703	28.220476
-45.565144	28.58134
-44.803135	28.31062
-52.687355	47.02966
-52.811184	46.437702
-59.601093	40.7296
-58.62284	39.807957
-52.300846	47.281754
-52.9142	46.58798
-58.859764	39.799484
-58.677902	36.64732
-38.90205	23.238754
-38.84122	24.043337
-38.52863	23.862883
8.068701	-82.903404
-47.659702	22.57217
-47.40317	22.689615
-34.80873	-5.028022
-35.020363	-5.4356647
-34.984688	-6.851856
-34.29201	-7.161361
-34.665813	-6.0249534
-34.28222	-5.7967076
-38.618656	20.326195
8.122385	-81.30121
8.555674	-81.44297
-35.629463	50.94353
2.3353033	-69.10734
2.337971	-69.06191
-7.8464246	-78.94128
-7.7302322	-78.84566
-54.31516	11.441998
-54.48122	11.484655
-7.2397733	-75.06384
-6.0626926	-77.85749
-6.405802	-78.152885
18.874378	-75.7676
19.087723	-75.67141
5.5178933	-64.6046
-7.4491444	-73.623955
-50.08617	-8.189557
-50.090664	-8.156372
-49.745583	-4.6794944
-20.87475	15.484515
5.5034804	-64.59112
-6.470855	-46.66862
15.366787	44.92037
17.84096	45.335564
16.324978	45.346905
11.977125	51.76263
18.7519	45.363216
52.465454	-22.66073
-23.431358	39.88455
-23.678804	39.883503
-30.98327	51.96172
4.8785	-77.845764
-86.92053	-4.2003922
-56.236378	37.6655
-30.878527	52.011314
-87.83517	-2.9749994
-53.20425	40.554413
-52.93336	39.87779
-26.399565	40.864567
-34.808456	50.530636
-26.95289	39.56297
-27.360466	39.89081
-12.854219	38.174686
-28.489887	39.151096
-28.503742	39.148926
-29.40335	39.600765
3.8753529	-84.619896
4.343135	-84.43247
5.0068965	-84.12097
-3.4995718	-82.947586
-56.34155	48.94761
-56.202084	48.856056
-12.620033	49.96154
-13.914284	50.087864
-11.761832	44.58784
-14.242338	51.859528
50.492447	-14.763076
2.614561	55.212727
39.368896	46.916386
37.78813	58.333378
15.091056	-64.28123
11.78116	-66.98564
15.77023	59.400978
16.56665	58.319862
16.821775	59.899765
13.667421	75.72512
27.654896	70.625084
27.6277	70.6246
36.499996	70.8776
-11.070266	49.698402
-6.9357023	48.678806
-11.370879	49.790276
-15.299592	51.837654
-102.20875	8.908419
-9.540276	70.934204
-4.3928285	67.53799
-4.576486	67.02317
-3.8662946	67.27031
-3.3640223	67.04795
68.53916	-6.1947527
-2.647532	66.79329
68.04226	-6.23868
52.630894	-8.292819
-0.102072485	60.38152
0.52786237	59.888428
-9.871731	44.59695
-5.495779	46.681095
-7.784114	48.257298
-18.975842	48.46434
-30.5759	59.34758
-30.573242	59.50922
-95.24216	-1.3291831
-34.091476	55.127415
-50.932644	44.27833
-51.60909	45.146908
-52.82156	41.924076
-52.78785	41.59816
-55.362732	40.445366
-55.035645	40.089184
-54.728798	39.23679
-54.739437	38.884434
-51.771645	16.149748
-49.274624	10.870385
-49.344913	11.316302
-41.98291	12.726823
-51.765	16.172508
-42.375355	12.626699
-90.00524	-8.654043
-88.91435	-9.178115
-89.17392	-7.717631
-87.65693	-10.206832
-87.16033	-10.160029
-88.02862	-9.472767
-88.14276	-8.819526
-88.26873	-7.8905916
-89.2588	-7.7263093
-37.831932	24.394863
-40.484596	19.680431
-46.838352	16.718472
-39.595474	18.402252
-39.696075	19.768044
-52.53639	10.5467615
-52.64601	10.519528
-51.234383	15.551867
-51.129272	17.091919
-52.77689	9.934655
-4.526026	-76.357285
-58.90757	41.907158
-53.72972	45.69754
-58.68461	41.087666
-57.287224	34.466343
-58.31236	40.822548
-58.21833	35.70468
-87.11571	-5.9754944
-87.12037	-5.996038
-40.34833	13.843348
-40.026566	14.764226
-40.342686	14.101072
-40.440895	15.364934
-89.97527	-10.072796
-90.70423	-7.927027
-44.805824	10.0116825
-51.23491	19.9066
-60.41098	27.180527
-59.020847	27.093956
-60.55908	27.511442
-58.904297	27.088326
-61.17588	28.527418
-3.8270197	-79.51011
-58.434246	30.921947
-58.39745	31.164148
-45.437023	8.808651
-94.61702	-7.9527836
-40.293076	11.214704
-41.581055	18.291975
-48.753353	9.279406
-50.533104	14.979358
-46.33163	7.5587997
-46.37325	7.4701614
-42.15516	2.880743
-42.359177	2.0458872
-41.98441	2.4517906
-40.8286	2.3367574
16.698542	11.315896
-12.951658	-42.638634
16.66954	52.66309
16.445232	53.40987
22.043633	-49.909706
22.046925	-49.89923
12.190749	11.020342
20.802069	-48.80912
12.692156	11.295585
13.183572	11.648217
-4.662075	-16.023958
-15.339721	17.07771
-15.486596	16.74453
-5.0221004	-16.14566
-5.348942	-47.429115
-11.062164	-11.975495
-10.823995	-11.880831
-10.68558	-12.078099
-10.474669	-11.287364
-4.543286	-14.134308
-4.853874	-13.740591
-5.4214253	-15.306908
-9.605593	-14.095534
-11.267033	-43.87074
-9.000346	-14.33254
-11.729193	-43.807507
-9.601394	-15.011259
18.07942	15.800443
-5.6560836	-65.295555
18.660877	14.810766
18.336605	13.565382
18.841698	13.059538
19.117441	12.791224
-4.74746	-15.515489
-4.5040874	-12.515441
-5.3093286	-14.922445
-10.051817	-14.086584
-11.596312	-44.133934
-9.602226	-15.175466
-11.922864	-44.19142
-5.6332974	-65.293755
18.67397	14.878408
17.449839	14.086757
17.08906	11.773638
16.138609	14.25089
-48.69842	-45.705265
-49.269543	-45.562218
-49.26061	-45.561115
-66.26049	-56.816605
-66.39816	-56.766804
10.596252	-60.035046
3.7115674	-59.148483
4.5014963	-53.128983
-20.572357	48.17519
2.8877268	-51.37228
3.8618097	-52.85119
-0.8913773	-46.38876
-1.1815938	-46.72367
29.386494	33.745884
1.3115563	54.676945
29.24141	33.574554
29.168993	33.28781
10.351484	-34.81465
9.437613	-34.954533
9.640041	-35.09225
51.594574	-10.369175
9.47384	-34.072563
8.985539	-34.292618
7.7739925	-34.34975
7.6769705	-34.157288
63.55056	-25.222946
7.4561462	80.80068
-30.919128	36.017323
-29.358788	34.852062
-37.16173	17.623304
-39.747814	11.164668
-4.9022703	-74.83428
-5.4928026	-74.86264
-49.020535	-2.7085526
-55.911877	-21.093893
-57.18664	-18.427269
-57.18613	-18.427757
-55.741726	-21.422947
-7.5677814	-75.77862
-9.819282	-79.09802
-7.600169	-75.81556
-8.96387	-80.434425
-45.198105	41.31395
-8.971401	-81.065
-8.081202	-81.54695
7.2874584	80.56342
6.5103493	79.61592
33.098335	77.988846
33.30287	78.06364
34.782364	78.45724
35.137077	78.424385
42.19068	3.3172662
41.489326	2.8451636
41.20403	2.590787
41.23734	2.0339956
39.820023	2.9077115
38.22384	3.6276793
66.79501	-39.31738
66.5248	-39.650246
14.850422	77.21659
15.001847	76.96136
58.65247	-11.051519
22.667557	75.49729
58.91122	-9.209596
39.3405	61.30162
58.973274	-7.614837
59.002373	-7.222085
66.30253	-38.188602
66.53945	-40.72106
30.05531	53.738346
26.971792	53.862244
28.86735	52.90162
12.713222	75.07503
30.376713	54.006176
59.144363	-11.759947
57.945347	-8.672565
-93.464005	5.361608
37.219173	59.980247
37.99147	59.371876
20.101732	55.45717
46.279755	-47.833054
21.758862	58.376835
18.73425	74.81401
27.194593	73.24569
26.615242	73.335915
27.112698	72.83326
26.32371	73.242065
38.234444	55.34335
38.674694	57.02607
38.431374	55.589905
39.616123	58.175488
19.915466	58.497128
18.666294	58.339535
20.365765	58.471897
16.868637	58.074497
25.97225	54.88934
26.333868	54.539604
41.31197	72.58853
41.40914	71.79153
39.927437	75.37833
40.42607	76.097946
40.65332	74.78768
41.766266	75.42311
41.208668	74.18889
39.516212	57.767403
20.23051	60.492264
12.105143	78.65073
20.451315	61.467743
21.880936	63.923275
21.203465	62.30109
22.22619	64.323204
61.987766	-12.189216
21.75577	75.62055
21.756157	75.62023
90.425186	-28.361094
62.66845	-13.470801
91.451645	-28.0162
91.59472	-28.30027
91.782	-27.979107
40.64303	76.89385
41.154934	76.55812
41.63884	76.23653
17.781929	62.650562
17.623062	62.78913
20.703217	61.616493
16.734224	77.385574
29.713211	74.06373
20.445745	74.89334
30.736242	74.60563
30.787579	74.630844
59.98128	-4.0486426
57.137005	-2.4751556
59.901524	-4.0556545
57.485626	-2.4183362
62.030525	-6.267593
62.238564	-6.6836686
-13.365254	43.87957
14.46603	-66.007164
13.560644	-66.100235
-12.776323	38.359386
48.64391	-18.764713
-8.247755	-43.889484
-8.039891	-45.336906
70.50629	32.30426
70.5287	32.306877
-8.011004	-43.212997
-57.86658	-19.090935
6.844043	-42.993443
-50.96657	37.373554
20.917854	33.533615
-51.663784	35.3351
49.530712	-15.296143
20.930367	33.54502
-50.782158	39.099125
-51.3759	35.486946
45.313534	-6.3562217
46.36881	-7.577815
-10.2283535	43.40584
-29.886751	60.887863
-10.391007	39.099533
10.579043	-70.45594
-5.5367413	62.994305
79.12964	-54.77322
-10.386995	39.111694
-5.5196877	63.101425
-6.790952	65.668
-48.493736	39.257072
-49.669014	38.588894
-48.38693	39.327248
-51.984745	35.0514
-53.14952	33.939014
-53.27203	33.910473
1.6981996	57.348156
2.8416688	64.858376
-15.508229	43.22813
-16.20357	42.896526
-16.70579	42.138275
13.144102	-64.99656
18.360546	-62.74661
18.153404	-64.831856
-19.51304	38.763947
16.523285	-63.239346
67.69208	-7.33371
69.36016	-7.804299
67.22877	-7.212391
52.86955	-10.723583
52.75597	-10.819704
1.6680142	55.264217
-13.668561	44.05354
-19.84155	48.69939
61.375603	-25.300901
-16.137325	50.805737
-5.391532	68.47117
-5.5372143	68.328094
45.39125	-11.526698
4.3220854	61.42007
45.412502	-11.541826
14.931579	60.17506
7.505678	76.618484
-14.782879	-22.953552
-13.518307	-23.686749
37.509968	79.93512
89.67173	-34.712696
37.114086	79.79421
36.660343	77.941376
36.458923	76.49707
36.703667	77.177826
68.34509	-25.924217
21.94118	59.747707
15.044357	79.82286
23.390991	57.881207
23.053436	58.002083
24.020323	57.604164
32.760868	60.39634
33.364826	60.43034
62.161095	-14.160004
61.067627	-10.809577
61.29678	-10.656246
60.861507	-9.67608
61.348663	-14.728108
40.16546	58.482468
62.27207	-8.116285
24.282722	-8.537513
15.642893	45.227932
-7.0732727	-9.540769
-7.084342	-9.545474
24.28512	-8.53549
-68.58019	-53.788116
5.680874	-52.597145
3.4922018	-58.8776
-0.35845327	-60.709774
-0.44847864	-60.908146
5.9392095	-51.998627
9.3341875	-68.82346
12.641281	-40.992065
26.998598	-63.892662
11.535096	-41.803352
7.3605237	-42.51311
12.412614	-40.695656
20.424328	-58.685085
9.56577	-37.56183
8.944113	-38.19216
-3.0596454	-57.054977
0.27002954	-59.700653
-2.9748251	-57.051804
-4.22269	-61.339592
-1.3102937	-54.828667
-37.30279	-2.0813518
-27.62101	-20.441097
2.1424346	-53.419487
-27.62848	-20.437933
-16.831598	41.151882
5.210049	-60.501892
48.92599	-19.157557
52.519993	-22.762075
29.523794	60.342667
18.517473	-64.89094
29.80508	60.416508
30.535332	60.61194
35.93135	66.34661
36.233	67.249115
9.098753	26.497894
-31.733118	-58.1726
-107.30297	5.772589
-17.747774	-56.264225
8.76114	27.021755
-107.331566	5.802047
-31.691677	-58.28188
8.486218	27.094084
4.25981	36.203133
-19.864227	-27.607903
-19.199781	-31.320623
-19.063572	-31.992311
-19.18281	-31.404312
-19.50976	-29.683653
-20.054451	-26.866718
-20.024525	-26.96776
-22.691753	-56.698135
-0.19818799	24.114017
-0.23890051	24.104216
-1.1682676	23.904644
33.302902	-24.362152
33.693356	-23.336094
33.945766	-23.134272
-29.56189	-11.987017
33.663265	-23.575527
-4.5789423	27.440891
-4.6931643	27.525133
-2.7402635	30.078098
-1.3217558	-37.748325
-1.7771057	30.967344
-1.6522337	31.095236
-1.2770934	46.70927
36.741135	-22.896173
17.46343	19.734764
17.417948	19.749596
18.604166	18.52518
18.350788	18.203796
19.22515	18.982622
25.263763	18.558762
21.61107	17.668238
21.936007	17.747818
27.729822	23.780415
-33.72277	-34.23556
-33.96841	-33.39734
-34.002686	-33.461975
-33.41953	-32.19724
-35.003105	-32.901516
-60.980473	52.599277
-61.408745	53.34239
-60.489185	53.23238
-61.142326	53.643147
-60.776928	52.983143
-58.29269	51.699245
-90.625305	-14.534187
-57.620193	54.863354
-57.854984	55.566414
-57.297897	55.838215
-57.361202	55.345695
-56.863735	55.093456
-89.11137	-13.922641
-92.317375	-15.222784
-92.58869	-14.577588
-92.35016	-14.829601
-91.54043	-15.020268
-59.129303	52.730892
-89.31307	-15.05427
-89.92939	-15.593117
-89.78737	-15.646362
-83.17564	-30.172794
-40.099052	-16.177774
-82.90184	-30.067776
-82.9656	-29.366737
-83.49209	-29.343357
-83.57505	-28.748627
-83.71474	-28.603352
-71.74484	-46.0764
-72.25809	-45.351048
-72.16774	-45.95544
-73.65795	-46.365402
-73.1048	-46.15962
-71.82714	-45.5992
24.017677	-17.948277
23.991411	-17.930204
26.303581	-19.797537
27.628864	-19.415318
27.39602	-18.523598
26.896183	-17.712103
26.868282	-19.552208
26.853075	-17.705494
26.41628	-16.486282
-31.392307	4.435737
31.501572	-11.994712
32.404137	-11.43146
33.889942	-11.820251
31.278654	-12.0248165
32.08372	-11.740381
33.780987	-11.815124
34.928425	49.538147
37.408955	45.977493
37.808895	45.460545
37.38701	45.001575
38.383484	45.713512
10.355178	23.818851
11.20555	24.292881
10.955061	26.247574
6.5028377	35.475384
5.2480392	35.71101
5.0717025	35.771015
36.661182	-21.319849
36.85016	-20.950369
36.130592	-20.601135
37.39508	-20.06162
37.28647	-19.345955
37.03852	-19.828411
38.932026	43.543903
38.791378	43.780514
39.22676	42.936
-24.210766	-56.493923
11.531415	25.480707
-23.55682	-56.4455
-17.643011	-42.893864
-17.819206	-41.863667
30.93842	-7.6116643
31.882458	-7.5676537
31.062723	-7.7373853
26.399921	19.351461
26.294067	19.3314
24.97993	19.543589
24.849014	18.95507
47.424778	-6.7741494
40.560036	-8.511169
39.941628	-8.264454
39.71925	-8.159183
23.324293	18.609663
41.18762	-8.613244
16.630388	20.990862
26.62272	23.238052
26.425293	23.15066
25.905975	22.852474
25.583612	22.75933
-30.112143	7.2482405
29.542933	-9.901783
29.61015	-9.902825
-66.483284	-54.08785
-63.875668	-55.89751
-63.259403	-56.14681
-63.329338	-55.349205
-64.05362	-54.82705
-65.32105	-54.414116
-65.397865	-54.6401
-64.63821	-54.806793
16.738245	67.09954
-35.638493	-20.440275
-35.475082	-20.366613
-36.708687	-20.451485
-36.51809	-23.360886
-36.504528	-23.248243
-36.75964	-22.259268
-36.78962	-23.577047
-70.56706	-50.58852
-70.37377	-50.857857
-70.116684	-51.05377
-69.34893	-50.87272
-56.49877	-33.551823
-68.8168	-50.89533
-57.087852	-33.12817
-56.90893	-33.284546
-69.20994	-47.257492
-68.70615	-46.660538
-68.38039	-46.716846
-69.29614	-47.302437
-37.68044	-19.294535
-37.635246	-19.462296
-38.140274	-18.823877
-28.941555	14.380747
-26.935371	13.345964
-26.869646	13.339148
-28.982681	14.525243
-29.096794	13.969602
-39.10855	-18.872934
-39.915974	-17.456064
-41.416462	-18.84969
-41.854416	-19.243965
-41.09451	-22.67484
-40.66488	-23.315954
71.83392	33.352524
72.331825	33.267166
71.92294	32.916264
72.42323	32.92367
72.27713	32.54345
47.03614	-38.50646
8.311225	30.733643
8.296814	30.737854
26.190388	87.58178
26.715698	87.37511
26.242317	88.168785
27.128447	88.34495
27.63638	87.63349
27.98342	88.477715
28.234032	89.45135
28.788172	88.96272
29.163269	88.48582
29.212587	89.47765
29.833172	88.800804
29.176142	87.31491
66.330826	-1.5285608
29.679941	87.5276
66.32418	-1.5507554
66.46367	-1.3237262
5.66483	18.207144
4.957617	19.522156
5.0899343	19.204742
5.4861035	18.271969
5.4561105	17.757568
12.002968	29.854174
63.732094	-23.904442
63.663025	-24.353128
-0.91271657	-36.965622
-2.1965451	-36.065228
-14.142083	-56.03798
-12.890399	-56.066463
-13.775685	-55.285606
-14.638823	-55.5562
-16.166155	-55.148678
-14.191903	-55.068974
-14.158379	-54.45214
-14.826702	-53.935745
-16.287056	-53.991013
-16.49238	-53.625725
-17.10588	-54.21736
-17.252525	-54.731
-15.275652	-52.724327
-14.392495	-52.89787
-2.040658	-32.483555
-3.2419264	-34.807724
-1.6664581	-33.23494
-5.1632876	-34.94336
-0.22963612	-35.5684
-0.63436	-35.526566
-0.88021356	-35.093197
-0.41702083	-33.640568
-0.21265969	-33.21395
0.07332749	-34.290657
38.634155	-31.892946
39.03019	-32.35966
37.296696	-29.544004
36.175945	-28.147976
36.86956	-28.42009
36.260414	-28.48298
36.67308	-28.061523
29.943468	43.714684
30.016457	44.388744
30.065773	43.022892
30.922117	43.3341
30.594496	42.647827
30.682058	43.951363
29.728025	37.89177
30.303108	41.54693
40.13567	-24.752468
40.1534	-24.698774
40.244984	-24.688414
35.82324	-15.000048
35.662773	-14.966725
34.242157	-15.286601
34.10094	-15.317071
-6.234704	-33.20802
-5.8509007	-34.58554
-6.114677	-35.459595
-7.2394614	-35.0054
-5.2342415	-33.02985
-6.5013227	-34.274487
-7.593812	-34.85006
-47.998802	-35.391575
-15.858163	-37.54202
-15.73628	-37.43018
-47.921772	-35.29513
62.02933	-23.368883
60.941532	-21.945469
60.80778	-21.776875
28.910496	51.142918
28.948696	51.058968
58.493572	-20.545694
58.365025	-20.616165
58.14446	-20.020048
58.30736	-19.805378
59.857418	-19.283985
59.83142	-19.276966
35.6357	-9.267455
35.403904	-9.462074
36.171223	-7.12203
36.27603	-7.813836
37.19759	-8.465212
36.957188	-7.1394653
35.74975	-5.8366923
35.693096	-5.5486684
60.177555	-9.098931
-34.67497	-29.141342
-34.675495	-29.187353
-34.557148	-30.294195
-57.69797	-59.98703
-57.843384	-59.93567
-59.248764	-59.59789
-59.381878	-59.307774
-59.62719	-59.427464
-60.021683	-59.165504
13.784652	26.678478
13.013398	27.572584
12.955696	27.801514
-25.525719	-55.42898
-24.732967	-54.99331
-25.618292	-55.10158
-26.234648	-55.080967
-25.266745	-54.548676
-24.85655	-54.177723
22.792923	5.677604
22.684814	5.523993
22.509228	5.274692
22.069363	4.5882115
22.044659	4.55562
1.9462445	-34.81646
2.071411	-34.836777
-20.890358	-40.954826
-19.74522	-40.71858
-20.177494	-40.67482
10.13871	25.510588
-27.824192	-63.613533
-28.232458	-62.994965
-28.213156	-62.63878
-29.318726	-64.294334
-29.193153	-62.82996
-29.691849	-62.29119
-30.15933	-62.40424
-30.459366	-62.76547
-29.866573	-63.405037
-46.319263	-16.48831
-46.713997	-17.110518
-46.720894	-17.49882
-46.909943	-17.642591
-54.32178	-38.95531
-53.35487	-40.31405
-53.6613	-40.454273
-54.983837	-39.165005
-54.29979	-39.851006
-54.66032	-40.218945
-54.95519	-38.48965
-55.759117	-38.844196
-54.325115	-42.23812
-54.72752	-42.601574
-17.455175	-39.338444
-54.374718	-43.234962
-54.69803	-44.657146
-54.202194	-45.15875
-54.618618	-45.863216
-67.89503	-53.74264
-63.091022	-54.014652
-53.39689	-44.975346
-53.67208	-43.739918
-55.059547	-44.43175
13.260427	58.071487
68.8913	-24.006723
52.605484	-25.54501
29.885794	46.846718
30.516705	48.956833
31.001556	49.866432
31.594313	50.138252
31.397465	49.22037
32.135883	50.109318
32.306526	49.98559
33.40335	44.9482
33.39465	44.673615
34.2408	44.90094
34.45363	45.473938
35.29538	46.773876
36.219814	47.41884
36.101562	47.971004
36.660515	48.265453
29.096603	64.73987
28.956558	65.22915
28.815374	65.78101
28.742634	66.07959
36.18698	43.115658
-4.451376	46.290768
-4.2749324	46.59504
-4.752792	45.921947
-4.200244	44.3234
-4.06716	44.138905
-2.2523952	46.573753
-22.082418	-66.447655
-21.979412	-65.52567
-21.815378	-66.112915
-22.831287	-65.86244
-22.975079	-66.52418
-23.997208	-65.64203
-23.736397	-65.87579
-23.449139	-64.35662
-45.255836	-16.750145
-23.886145	-66.71363
-40.542583	-17.799822
-40.68246	-18.390696
-40.72049	-20.500776
-40.996643	-20.804781
-42.589207	-21.284842
-43.911957	-22.090487
-24.681137	-67.75439
-54.37595	-25.759573
-55.00593	-26.675749
-55.59807	-26.559834
-55.819496	-26.612268
-55.283405	-25.355751
-54.900932	-25.297323
-54.795567	-23.825096
-53.65526	-23.915308
-54.199306	-23.443594
-53.889957	-23.653616
-50.517563	-23.328943
-50.220192	-23.436378
-50.035934	-23.516489
-76.43199	-41.018215
-76.44854	-40.977352
-61.504875	-33.197487
-61.472942	-33.27128
-61.05497	-34.187172
-61.041134	-34.230026
-69.08444	-44.40916
-59.989574	-37.37556
-59.915424	-37.493027
-59.25694	-36.58595
-59.141403	-36.61407
-70.27501	-44.53243
-70.16383	-44.58446
-58.0924	-39.82722
-59.268784	-39.72045
-58.284122	-39.997196
-58.39143	-40.234802
-44.853436	-22.25434
-45.820232	-21.446775
-45.872276	-21.419744
-47.37701	-24.28614
-46.681747	-23.834074
-46.620846	-24.190266
-45.81992	-23.983076
-47.78296	-23.148386
-47.01859	-34.213898
-11.774458	30.813992
-24.489805	63.825954
-11.775724	30.81402
-105.27719	11.9329405
-105.24872	12.171271
-31.967623	82.853386
-106.575386	11.995428
-105.991936	12.776582
-106.4504	13.178708
-106.80837	12.473739
-107.08812	12.882834
-33.15864	83.033264
-33.181274	82.77192
-33.7197	83.08468
-34.13122	82.76766
-34.530354	82.74783
-108.0713	11.691953
-1.0796474	41.99519
-0.361164	41.44778
0.006721189	41.13889
1.0290762	41.05357
1.1254315	41.086243
1.182457	44.631874
3.9652457	42.77424
3.9537163	42.42984
1.5508306	44.58721
4.6127505	42.889015
5.4034467	43.17808
5.2600546	43.706196
5.918145	43.742527
6.420756	44.322758
6.253704	44.78527
-107.76295	6.915378
-107.69563	7.2857046
-107.57994	7.9040337
-107.512115	8.732326
-107.342285	9.270342
-5.67908	28.017979
-103.746506	14.272472
-22.348433	86.683304
-103.80739	14.109877
-15.020379	75.26538
-14.982258	74.7306
-14.93715	74.23372
-14.798589	73.00016
-14.668243	72.50429
-14.252214	72.03665
-13.871184	71.67052
-104.00389	9.202489
6.4908543	48.230698
2.2916534	-25.743992
2.1775992	-26.07586
1.6001061	-25.777723
1.6181872	-25.782938
-0.9623658	32.22079
-11.379448	75.827484
-11.430958	75.805984
63.76459	-28.967264
63.32348	-29.069372
-30.882404	-60.78589
-30.950407	-60.695797
-18.116682	-41.05503
-17.775646	-40.446537
-18.031422	-40.73283
6.497479	48.277683
69.73679	-6.5261183
-13.058907	88.57738
-11.396417	87.991714
63.725124	-27.65348
64.05694	-27.83245
63.990517	-28.062777
23.377079	87.44158
34.476353	80.01865
70.99194	-2.458027
71.05735	-2.5224042
70.981384	-2.4586463
35.855755	71.37194
