-0.41371855	9.419793
-0.2059971	9.182162
-1.0321025	9.963937
-0.8536779	9.957702
-0.3308985	8.998392
-0.35840783	9.016335
-0.21555996	9.39915
-0.25997093	9.30281
-0.14552647	9.076672
-0.2924455	8.966226
0.039186906	8.973714
0.028485645	9.076942
-0.1513424	8.90903
-0.069626614	8.706323
-0.060114875	8.937411
-0.13354975	8.986236
3.8659015	5.8849654
-0.4396874	8.39933
-0.0019672087	8.9037
0.039767977	8.84875
-0.23465492	8.59104
-0.34000778	8.487931
-0.22658478	8.731232
-0.29407573	8.936666
0.1203925	8.078995
-0.4839439	8.584146
-0.05095833	9.054262
-0.07967941	9.113097
-0.24821742	9.402175
-0.22460826	9.378563
-0.19595936	8.932428
-0.05985354	9.065955
0.13783687	8.752148
0.16912453	8.748439
-0.03320603	9.048815
-0.087923884	9.145726
-0.5482928	8.058146
-0.43656653	8.018064
0.008017568	8.783184
-0.09084174	8.6728735
-0.047303148	8.956956
14.653441	-7.1448426
-0.20302895	9.305662
-0.4694112	9.65217
-0.2495952	8.887895
-0.30117938	8.614517
-0.3339278	9.141859
-0.25489834	9.109416
-0.40260157	8.766704
-0.46946508	8.638394
0.032389715	9.015708
-0.035180006	8.975296
-0.1452671	8.940292
-0.05466823	9.037383
0.015221231	8.9927225
-0.0023353887	9.008912
-0.07515331	8.789842
-0.099786624	8.694947
-0.3587193	9.432015
-0.33461508	9.187941
0.27991766	4.7838225
0.026021952	4.975633
-1.0126967	5.175647
-0.97647446	5.1970205
-1.2804929	5.226775
-1.2314417	5.239151
0.36517265	4.8158913
0.4175871	4.7992296
-1.2518544	5.2527027
-1.2533332	5.2201853
1.588649	4.914357
-0.26847848	5.3794904
-1.0029477	5.174257
-0.81260496	5.2055836
-1.9414753	5.736551
-1.9447523	5.739862
-1.4261501	5.367941
-1.5477817	5.49212
0.06792151	6.924355
-0.063218	6.7841296
-0.054450594	4.7898135
0.06681308	4.7715573
-0.25245282	5.112254
1.1456729	5.4521737
-1.3075273	5.269647
-1.2752614	5.196735
-1.4896307	6.6792083
-1.5891819	6.6269503
-1.2593895	5.273017
-1.3025166	5.305602
-1.010943	5.4920883
-1.1784489	5.2327228
-0.44403112	5.8541546
-0.65724504	5.185418
-1.1950086	5.7215486
-1.0530006	5.4388075
-1.2357154	5.26089
-1.1738838	5.3140464
-1.0783592	5.3632216
-1.1086835	5.4109797
0.73392814	5.2986364
0.22310457	5.387968
-0.959359	5.619779
-0.9342969	5.514971
-0.64550126	5.3267717
-0.71284056	5.362783
-0.4990432	5.111164
-0.7977156	5.6640534
0.35317504	5.4459558
-0.65435094	5.449626
-1.2554157	5.185362
-1.2655008	5.2499056
-0.08560335	5.046713
-0.043235324	5.060886
-1.151916	5.374105
-1.2507222	5.3939037
0.66942567	4.671997
0.89520574	4.573313
-0.82896733	5.191544
-0.89114434	5.385484
-0.34202176	9.435394
-0.029635482	8.721516
-0.30064932	9.441328
0.02137286	9.037657
-0.16146035	8.991422
-0.16037375	8.912326
-0.21059343	9.010811
-0.06353367	8.897007
-0.17933111	9.096709
0.08233394	8.5775585
-0.09272041	8.762995
-0.08629353	9.164192
-0.33000457	9.034538
-0.6822487	8.60695
-0.3105897	8.396494
-0.02571583	8.944823
-0.10541483	8.814035
-0.21828406	8.978708
0.12418395	8.975469
0.032578666	8.292617
0.011552189	8.895835
-0.0868365	9.106663
-0.007425162	8.876661
-0.47791672	8.818026
-0.39895436	8.946537
-0.1862041	8.908223
-1.5182906	6.619603
-0.031593643	9.027035
-0.113370284	8.309422
-0.1910072	7.1719885
-1.2207167	5.4156184
-1.4486821	6.6166883
-1.2699755	5.6939125
-0.834004	5.352567
-1.1322958	5.2657046
-1.1405932	5.181391
-0.6616527	5.5001483
0.18372361	5.465015
0.056159437	5.192779
-0.7577939	5.296569
-0.41218865	4.8848515
-1.1347601	5.306675
-0.5371622	5.0762467
-1.0287672	5.4460316
-0.90787566	5.1953135
-1.0070096	5.222331
0.15561128	5.416541
-0.13182087	5.096898
-0.12430954	4.8101816
-1.071635	5.4456153
-0.7453983	5.1515217
-0.91319114	5.201251
-0.70661145	5.086483
0.26136297	4.9488244
-0.14493223	5.0396566
0.7361789	5.4691734
-1.3985815	5.4137764
-0.081052445	5.072148
-0.12312248	4.9266467
-0.26826516	5.2809258
-0.119405255	9.062269
-0.11225775	8.857729
-0.1388251	9.1189995
-0.027995078	9.089352
-0.16555442	9.135531
-0.107230164	8.903073
-0.059675787	8.853116
-0.20460713	9.006963
-0.19695267	9.070704
0.11041554	8.526922
-0.18868579	8.773376
-0.21958748	9.288425
-0.44720376	8.787257
-0.5987179	8.685796
-0.3449935	8.553521
0.06590906	8.945567
-0.09599681	8.617067
-0.20666865	9.020456
0.020870104	9.021952
-0.086216085	8.436161
-0.026342161	8.954969
-0.080045514	9.036003
-0.13512245	8.852242
-0.51471394	8.911175
-6.1197596	-4.4864726
-0.060901504	8.828263
-0.4164461	8.065218
-0.13688119	9.252278
-0.14889264	8.38047
-0.39754352	7.3535814
-1.2347974	5.3756404
-1.4069011	6.7061872
-1.3988069	6.374068
-0.8365018	5.4487143
-0.95555604	5.2456284
-1.187991	5.2080536
-0.8774254	5.651718
0.11646014	5.3524737
-0.004268815	5.2263107
-1.0882558	5.4112573
-0.4890528	4.8460236
-1.0104649	5.4395614
-0.6182691	5.12224
-1.0101126	5.4963326
-0.9639601	5.1761527
-0.89405537	5.1481776
0.3898919	5.3600245
-0.25492987	5.2880397
-0.119377695	8.352235
-1.1871794	5.430914
-0.98832285	5.19933
-0.957781	5.226065
-0.9335309	5.202115
0.19403899	4.915687
-0.264375	5.2160764
0.63202983	5.644288
-1.3334513	5.413915
-0.6502451	5.1959944
-0.5310267	5.10969
-0.40745384	6.0140796
-0.29135525	9.4182415
-0.2570086	9.374859
-0.025563113	9.019532
-0.080715	9.076212
-0.076377764	8.85536
-0.02601355	8.836866
-0.22718593	8.963544
-0.16077387	8.958236
0.0047485693	9.006907
0.012567572	9.019143
-0.2087212	9.233717
-0.121088885	9.157143
-0.056094382	9.055201
-8.451079e-5	9.018764
-0.049165174	9.008611
-0.32385537	9.532743
-0.1189536	8.972577
-0.19950175	9.005693
-0.088313706	8.899005
-0.50839984	8.481806
-0.09295213	8.519319
-0.11952703	8.588831
-0.23066029	6.8034935
-0.12626198	6.7818613
-0.074548125	8.939037
-0.027913738	9.024554
-0.30486903	9.040719
-0.34155035	9.101148
-0.23188573	9.097734
-0.31163904	9.087815
-1.1367563	5.257452
-1.1753105	5.34495
0.12520087	5.1247725
-0.46255124	5.247756
-1.1566663	5.5112953
-1.1844249	5.642588
-1.2229702	5.263612
-1.2408962	5.362162
0.09782045	5.2412047
-0.14986363	5.272653
0.85715264	5.119276
0.9861146	5.112018
-0.6009058	5.1406555
-1.0400697	5.27588
-0.51889133	5.26539
-0.5709806	5.344256
-0.75876725	5.1739955
-0.78333765	5.235932
-0.6982901	5.1090727
-0.65408593	5.1908574
-0.8714892	5.422739
-1.1399871	5.542145
-1.1924313	5.4349675
-1.2142705	5.4056463
0.2252654	5.463769
0.30695352	5.508198
0.18600075	5.1501584
-0.036521256	5.1122637
-1.2178495	5.498469
-1.3162854	5.564177
