40	100	0	81	15	58	100	57	47	87	50	88	40	42	36	0
4	100	0	72	15	44	79	50	100	76	90	51	83	22	85	0
69	100	44	77	5	50	0	28	67	23	100	44	95	29	89	0
19	100	35	93	0	63	12	36	89	37	100	66	94	33	89	0
53	100	30	95	0	60	100	55	92	87	77	79	79	37	79	0
100	95	75	100	42	70	0	44	42	33	85	49	83	31	85	0
79	100	41	82	0	61	23	45	77	37	86	54	86	25	100	0
34	100	14	83	2	66	0	48	23	34	65	30	91	17	100	0
49	100	7	83	0	54	100	60	72	82	51	86	59	36	68	0
61	100	0	72	1	42	79	43	100	67	67	90	56	45	57	0
97	100	45	84	0	62	2	46	48	41	100	45	58	23	21	0
29	100	4	77	0	54	64	53	100	69	71	47	46	24	32	0
45	100	12	79	0	52	62	40	100	56	88	55	78	27	68	0
12	100	10	90	0	56	58	43	100	65	97	70	91	35	90	0
36	100	3	88	0	64	54	55	100	67	73	45	46	23	29	0
24	100	24	76	0	45	100	48	100	57	61	65	61	31	67	0
14	100	14	92	0	65	55	55	100	72	72	53	49	27	29	0
47	100	12	70	0	41	65	43	100	49	51	69	49	33	50	0
25	100	16	73	0	44	57	40	100	54	88	58	65	29	51	0
23	100	0	81	25	48	100	44	96	80	85	68	76	28	65	0
100	100	74	90	28	68	0	44	77	46	72	48	37	23	9	0
71	98	76	100	39	75	0	51	39	36	100	49	76	26	86	0
46	100	38	76	0	48	47	48	100	67	91	64	70	31	44	0
38	100	6	73	0	41	71	37	100	67	80	63	49	32	21	0
10	100	0	77	30	60	73	55	100	71	77	53	64	27	57	0
43	100	0	73	6	44	90	41	100	54	56	68	52	34	62	0
49	100	16	85	0	64	20	47	88	51	100	43	84	22	71	0
35	100	27	68	0	37	65	42	100	60	100	66	96	32	96	0
72	100	1	75	0	42	100	38	99	66	65	83	61	42	64	0
17	100	21	85	0	53	45	47	96	57	92	61	98	28	100	0
30	100	21	86	0	58	32	36	80	43	100	61	91	30	89	0
47	100	31	76	0	45	63	50	100	64	92	61	94	28	96	0
53	100	16	78	0	47	59	38	100	63	86	58	58	29	29	0
74	100	47	84	0	66	23	53	84	42	100	44	60	23	33	0
46	100	11	80	0	55	51	43	100	62	81	48	65	24	73	0
62	100	13	81	0	50	100	56	77	78	57	88	62	35	65	0
22	100	19	84	0	49	40	39	97	41	90	69	93	31	100	0
100	100	61	90	13	72	0	54	52	38	93	43	52	23	24	0
32	100	19	78	0	48	49	35	100	47	98	60	75	30	59	0
28	100	28	72	0	39	39	41	100	54	98	60	96	25	91	0
51	82	100	100	54	76	0	54	8	32	84	45	49	25	27	0
42	100	22	74	0	48	43	34	97	39	100	53	78	27	64	0
15	100	0	84	6	64	65	60	100	62	81	42	71	21	73	0
48	91	63	100	32	78	0	56	51	46	100	48	78	24	65	0
38	100	0	71	19	44	91	41	100	58	71	77	63	38	61	0
71	100	35	82	0	62	45	51	100	49	82	43	52	21	25	0
48	100	20	88	0	72	4	54	21	39	52	28	79	15	100	0
41	100	45	99	10	77	0	58	59	49	100	49	71	25	58	0
39	100	31	68	0	39	56	41	100	50	95	61	92	29	92	0
69	100	37	70	0	41	21	32	91	30	100	56	93	33	84	0
22	100	0	75	5	49	61	47	100	68	86	52	70	26	69	0
91	93	80	100	43	77	0	55	54	47	100	50	69	25	38	0
29	100	15	81	4	62	0	43	20	27	59	24	95	18	100	0
53	100	3	75	0	43	76	41	100	74	73	61	38	31	7	0
54	100	14	71	0	38	68	33	100	47	61	76	50	38	54	0
46	100	30	79	0	51	43	38	86	47	100	64	81	32	71	0
74	100	51	90	0	70	18	55	84	42	100	45	60	22	23	0
89	100	52	72	0	46	10	33	100	35	99	60	89	31	85	0
42	100	19	80	0	47	46	36	100	45	100	71	94	36	87	0
21	100	8	82	0	63	11	46	39	36	73	30	100	18	100	0
77	100	48	75	16	52	0	26	47	18	100	36	89	25	79	0
72	100	34	82	0	59	51	53	100	48	99	51	71	26	51	0
100	100	86	89	42	71	0	52	23	39	62	46	35	23	9	0
28	100	16	81	0	45	38	27	85	51	100	69	80	33	81	0
31	93	5	82	0	43	73	40	100	58	60	100	43	51	48	0
71	100	12	76	0	47	100	47	97	83	74	93	68	44	65	0
57	100	10	87	0	53	52	39	95	58	100	68	87	35	84	0
100	100	51	81	7	61	0	42	67	51	51	46	23	23	9	0
32	100	0	74	9	46	73	52	100	83	77	64	53	32	32	0
48	100	46	97	12	66	0	43	61	40	86	66	88	34	100	0
56	100	26	75	0	46	34	32	81	32	96	61	86	29	100	0
31	100	15	84	2	65	0	45	20	29	48	21	79	14	100	0
40	100	0	86	7	63	100	63	68	90	46	80	52	39	40	0
78	100	37	74	0	45	58	39	100	53	81	69	70	35	65	0
56	100	18	69	0	36	61	34	100	41	78	77	71	39	66	0
16	100	0	83	0	65	18	50	50	41	82	34	99	18	100	0
46	100	18	84	0	61	44	49	100	56	93	47	74	24	61	0
62	100	40	74	7	45	0	29	68	46	100	59	83	29	69	0
46	100	24	84	0	56	13	34	67	29	93	53	91	31	100	0
43	100	33	87	0	61	2	40	69	39	85	56	76	27	100	0
59	100	11	75	0	43	100	49	66	80	70	83	73	32	74	0
58	100	49	99	23	74	0	51	55	46	100	46	82	26	62	0
50	100	15	82	0	51	72	45	100	61	64	73	49	36	43	0
24	100	24	99	0	64	38	41	99	39	100	78	89	39	85	0
27	100	19	89	0	65	43	53	100	55	78	44	46	24	30	0
66	100	32	71	0	43	59	45	100	70	100	65	76	32	50	0
59	100	0	78	33	53	100	56	67	89	46	73	37	36	29	0
25	100	16	68	0	34	48	35	90	49	89	58	92	23	100	0
49	100	0	79	9	49	100	50	86	78	49	86	44	43	48	0
15	100	2	79	0	57	48	49	100	56	97	43	87	21	98	0
30	100	0	72	13	43	66	40	100	62	92	60	68	30	49	0
59	100	24	90	0	58	97	49	100	78	82	78	65	38	53	0
45	100	10	75	0	47	60	38	100	54	97	59	79	29	69	0
44	100	22	68	0	38	54	40	100	48	95	65	93	32	100	0
34	100	0	78	13	56	68	53	100	71	75	48	49	24	30	0
19	74	73	100	44	79	0	47	53	32	100	53	53	38	41	0
100	100	74	78	40	50	0	28	54	26	93	39	88	28	94	0
30	100	17	80	0	43	43	32	85	53	100	75	82	38	67	0
56	100	28	72	0	44	54	50	100	69	84	59	59	30	42	0
37	100	34	78	0	51	25	36	85	36	100	61	86	32	80	0
58	100	11	92	0	62	73	57	100	81	67	94	58	47	55	0
100	100	65	78	29	57	0	34	57	39	77	51	58	26	51	0
59	100	20	82	0	49	59	35	100	58	91	64	60	32	35	0
49	100	28	74	0	47	5	34	62	39	100	56	79	28	72	0
63	100	45	97	0	78	0	61	49	44	100	47	63	24	37	0
47	100	5	78	0	46	74	47	100	79	74	64	38	32	3	0
66	100	38	100	0	71	2	44	64	36	98	61	94	34	100	0
45	100	0	74	8	48	100	45	76	72	63	64	47	31	28	0
61	100	32	73	0	44	28	36	81	54	100	63	90	31	80	0
61	100	49	80	20	56	0	32	54	23	100	40	74	26	71	0
53	100	0	77	10	45	100	43	87	66	47	77	35	39	31	0
100	100	74	78	35	57	0	37	67	37	89	45	65	23	52	0
70	100	52	85	22	62	0	39	70	40	100	49	78	25	66	0
50	100	19	86	0	71	11	55	43	42	80	31	100	16	89	0
32	100	2	74	0	45	55	43	100	64	75	53	47	27	43	0
83	100	72	82	26	59	0	35	85	39	100	54	77	27	55	0
79	100	33	72	0	41	34	20	100	32	92	63	60	32	31	0
58	100	23	77	0	47	52	34	100	50	97	62	76	31	70	0
28	100	33	79	0	49	12	21	71	26	100	54	63	34	48	0
60	100	16	74	0	43	67	33	100	62	88	61	55	30	24	0
99	100	33	82	0	52	100	53	95	83	78	90	70	35	70	0
88	100	65	83	33	54	0	30	65	27	100	48	98	31	94	0
11	100	0	82	6	52	65	57	100	83	77	60	54	31	36	0
39	100	0	83	2	49	91	50	100	70	58	88	61	44	74	0
56	100	38	81	0	53	19	33	81	30	100	57	85	26	96	0
71	95	37	79	0	47	90	47	100	68	75	100	63	50	66	0
100	100	70	82	36	55	0	31	37	31	76	36	77	34	73	0
69	100	25	86	0	55	100	58	84	86	52	89	51	39	45	0
37	100	0	83	11	58	100	58	39	91	32	90	32	39	29	0
66	100	15	80	0	50	91	46	100	72	78	65	58	33	45	0
22	100	27	86	0	58	1	35	71	40	100	60	96	30	99	0
50	100	17	86	0	58	53	46	100	70	79	55	53	27	36	0
56	100	15	74	0	39	58	48	100	78	86	69	58	35	30	0
0	100	2	74	11	43	72	39	99	58	100	67	88	34	84	0
15	100	39	92	0	61	1	36	72	36	100	54	85	36	80	0
25	100	0	73	16	49	72	51	100	68	89	58	79	29	74	0
60	100	8	78	0	45	80	42	100	65	72	78	66	39	70	0
42	100	26	84	0	51	47	39	99	62	100	65	68	34	53	0
82	93	59	100	20	70	0	43	67	35	92	65	86	29	100	0
45	100	19	72	0	41	47	31	100	32	82	63	78	33	80	0
46	97	40	100	0	71	63	61	100	75	64	98	46	49	34	0
22	100	2	84	0	67	31	55	67	47	97	35	100	17	93	0
66	100	26	87	0	68	54	63	100	57	64	40	33	21	9	0
39	100	10	76	0	41	52	25	89	45	100	67	78	33	57	0
89	100	52	79	19	51	0	27	59	39	100	62	82	31	63	0
50	100	34	84	0	57	49	44	96	52	97	58	93	23	100	0
55	100	5	69	0	45	91	53	100	79	57	95	47	45	22	0
12	100	0	71	25	43	86	44	100	75	90	52	90	20	90	0
52	100	20	71	0	40	61	39	100	47	76	68	76	34	78	0
89	100	64	76	25	50	0	30	66	26	95	52	100	31	95	0
84	100	33	78	0	50	43	34	100	45	98	57	62	30	39	0
76	100	40	87	0	68	8	56	68	45	100	42	68	21	44	0
70	100	82	88	40	64	0	40	32	26	100	42	90	27	86	0
77	100	32	78	0	55	7	34	86	42	100	46	57	24	39	0
46	100	22	66	0	32	69	38	100	45	56	65	53	28	51	0
36	100	31	82	0	50	20	26	85	39	100	63	69	32	43	0
100	100	73	76	37	49	0	25	51	28	90	40	85	28	88	0
95	100	50	78	0	57	12	37	90	43	100	48	68	25	55	0
8	100	0	83	0	52	63	44	100	67	82	63	69	31	61	0
41	100	4	73	26	49	80	61	100	85	63	58	29	29	0	0
57	100	30	71	0	42	37	41	88	60	100	65	90	32	92	0
100	100	55	93	17	74	0	53	57	47	84	43	55	22	29	0
32	100	0	77	11	54	100	59	46	86	41	79	45	33	41	0
44	100	32	71	0	44	29	37	88	49	100	57	75	29	58	0
19	100	14	84	0	56	72	45	100	69	100	58	86	29	77	0
63	100	14	72	0	41	87	41	100	62	63	74	60	36	52	0
37	100	0	81	17	50	100	51	76	74	51	96	47	46	48	0
46	100	19	78	0	43	85	40	100	58	68	75	58	38	60	0
38	100	28	70	0	41	36	40	100	38	87	61	89	28	93	0
23	100	16	73	0	42	73	48	98	75	89	62	91	28	100	0
47	100	9	76	0	45	59	48	100	73	67	58	36	30	15	0
50	100	27	77	0	45	41	30	100	40	84	67	63	33	46	0
35	100	16	80	0	45	56	45	100	53	59	81	55	40	54	0
19	100	1	79	0	57	39	46	87	51	87	41	81	19	100	0
32	100	0	70	9	39	68	37	100	59	86	67	82	33	91	0
84	100	12	80	0	59	88	62	100	92	61	79	40	40	27	0
46	100	5	73	0	41	61	41	100	57	84	69	69	35	67	0
49	100	25	79	0	48	84	46	100	64	66	70	57	35	56	0
49	100	5	84	0	48	100	45	80	79	43	89	38	45	37	0
28	100	5	77	0	53	39	40	87	44	100	46	80	23	63	0
55	100	22	88	0	72	1	53	32	41	67	32	95	19	100	0
29	100	5	74	0	46	48	39	100	46	74	57	69	28	70	0
16	100	4	71	0	42	39	21	89	33	100	55	80	28	87	0
66	100	41	77	0	49	18	29	77	30	100	63	90	30	95	0
42	100	24	72	0	43	50	49	93	70	100	61	94	29	99	0
60	100	32	69	0	37	42	29	100	29	85	51	68	38	60	0
42	100	19	71	0	40	50	25	100	35	99	60	68	31	49	0
81	100	42	80	0	49	57	38	100	49	68	70	67	35	63	0
50	100	27	82	0	58	38	42	100	55	86	48	55	24	34	0
52	100	49	99	0	63	99	53	100	81	81	84	77	42	86	0
31	100	12	74	0	46	55	42	100	51	78	59	78	29	83	0
37	100	10	79	0	41	56	31	97	53	100	76	74	38	49	0
45	99	9	100	0	75	36	56	100	63	98	49	80	25	82	0
32	100	8	74	0	46	51	37	100	48	96	55	86	27	81	0
74	100	82	86	37	63	0	39	76	41	100	47	61	24	21	0
68	98	70	100	36	79	0	59	60	49	100	47	73	23	51	0
71	100	37	74	0	45	17	29	95	29	100	50	91	33	89	0
62	100	12	72	0	43	100	45	89	69	53	88	54	43	52	0
42	100	13	73	0	42	52	35	100	48	92	56	92	25	97	0
56	100	28	83	0	61	38	45	100	55	69	45	46	23	31	0
33	100	14	97	0	80	9	61	39	48	74	36	92	18	100	0
56	100	34	83	0	63	23	48	77	39	100	42	68	22	48	0
26	100	0	84	22	56	100	57	52	92	48	85	44	36	40	0
82	100	64	89	31	67	0	45	62	37	100	46	78	23	71	0
37	100	20	83	0	59	37	42	100	47	93	48	70	24	50	0
40	100	23	89	0	59	26	34	95	45	100	60	68	31	56	0
61	100	1	74	0	47	100	48	95	73	64	76	54	36	52	0
79	100	47	89	0	70	24	56	87	45	100	43	60	22	28	0
61	100	34	75	0	44	55	37	100	49	76	70	66	35	70	0
29	100	24	75	0	48	27	33	89	37	87	51	89	22	100	0
30	100	10	85	0	66	0	48	27	34	65	28	96	18	100	0
42	100	12	74	0	45	65	51	100	76	85	55	62	27	37	0
44	100	2	69	0	38	71	39	100	50	60	74	56	37	58	0
73	100	38	88	11	74	0	55	23	40	62	31	95	18	100	0
42	100	44	88	11	57	0	33	77	40	100	64	91	34	93	0
46	100	6	79	0	48	67	43	100	73	77	61	45	31	19	0
72	100	28	85	0	61	100	67	89	84	64	84	64	41	59	0
56	100	31	68	0	38	27	25	83	22	100	50	91	34	76	0
38	100	2	73	0	42	69	34	100	52	83	62	62	31	45	0
37	100	0	77	13	53	74	60	100	82	68	55	40	28	18	0
42	100	4	70	0	34	60	32	100	57	98	71	70	35	47	0
41	100	0	75	11	49	96	50	100	56	52	70	54	35	57	0
29	100	12	82	0	62	1	41	31	32	64	29	93	20	100	0
28	100	1	75	0	45	70	38	100	66	88	58	60	29	34	0
35	100	0	73	11	42	76	37	100	67	82	61	54	30	27	0
76	100	53	91	0	71	33	56	100	47	97	48	47	26	17	0
91	100	77	80	11	58	0	37	97	45	100	50	51	26	29	0
100	100	69	76	33	52	0	27	58	33	87	53	56	28	38	0
48	100	25	78	0	48	25	30	72	29	94	55	90	32	100	0
31	100	0	81	21	58	100	62	74	88	54	80	58	40	66	0
41	100	2	77	0	46	74	42	100	65	88	62	80	31	79	0
60	100	27	82	0	58	49	46	86	55	86	63	87	31	100	0
16	100	12	92	0	69	38	52	100	57	96	46	82	24	75	0
41	100	12	77	0	42	69	28	100	58	86	67	50	34	18	0
77	100	37	78	0	53	48	37	100	40	92	60	87	28	97	0
25	100	0	68	4	39	75	47	100	53	51	80	49	40	47	0
44	100	15	79	0	47	68	42	100	71	82	60	52	30	25	0
43	100	0	74	15	46	100	43	95	69	72	74	67	37	64	0
33	100	0	72	7	46	77	39	100	62	90	61	69	30	57	0
43	100	18	71	0	39	35	22	100	32	98	63	76	31	58	0
28	100	12	86	0	67	22	52	58	46	93	38	100	19	91	0
21	100	15	75	0	45	58	42	92	50	88	61	89	30	100	0
44	100	18	74	0	48	48	40	100	44	91	56	88	28	92	0
22	100	16	99	0	70	11	40	78	38	100	61	97	30	94	0
40	100	15	69	0	44	60	52	100	66	87	66	91	30	82	0
65	100	37	83	13	64	0	43	24	28	63	27	100	22	97	0
58	100	33	73	0	48	28	38	82	38	100	60	93	30	99	0
100	100	73	78	38	59	0	41	33	36	67	43	40	22	27	0
51	100	24	86	6	67	0	47	27	33	69	31	100	20	97	0
38	97	30	100	0	76	14	52	88	51	100	51	76	26	78	0
100	100	75	79	40	60	0	43	17	31	60	41	31	21	17	0
31	100	0	85	0	52	31	29	100	35	74	65	60	33	52	0
38	100	12	86	0	69	6	51	35	40	68	31	91	17	100	0
63	100	24	88	0	73	4	57	41	45	76	32	92	16	100	0
36	100	3	72	0	45	62	50	100	61	95	63	97	30	97	0
7	100	2	76	0	46	52	30	100	40	100	58	94	29	93	0
31	100	47	91	12	58	0	24	74	20	100	45	78	36	65	0
58	100	30	90	0	63	37	46	90	38	100	56	80	27	70	0
55	100	30	74	0	45	37	38	85	55	100	62	81	30	64	0
69	100	65	96	31	71	0	46	40	32	100	46	77	26	67	0
33	100	19	85	0	68	0	49	24	34	57	25	90	18	100	0
6	100	0	99	0	56	65	51	100	65	60	94	52	47	53	0
51	100	14	75	0	46	52	34	100	45	82	59	67	29	55	0
48	100	13	71	0	40	49	25	100	37	87	62	61	32	64	0
38	100	16	86	0	51	55	45	92	70	100	72	95	36	95	0
71	100	28	74	0	45	66	50	100	70	75	85	62	42	51	0
44	100	13	80	0	59	49	49	100	59	69	39	38	20	18	0
46	100	28	68	0	35	63	40	96	58	93	63	93	27	100	0
39	100	17	84	0	63	8	42	42	33	79	30	100	18	78	0
56	100	32	74	0	45	27	28	88	30	100	56	63	29	36	0
52	100	17	74	0	45	52	33	100	47	99	60	79	30	65	0
100	100	60	87	30	59	0	38	51	31	84	54	71	32	74	0
44	100	28	82	0	52	40	32	100	33	91	65	80	33	77	0
0	100	19	85	19	63	98	65	100	67	62	46	33	23	12	0
54	100	0	79	17	60	100	60	85	86	50	82	38	36	33	0
76	100	37	78	0	49	32	29	100	28	85	59	59	32	40	0
23	100	0	71	18	44	72	46	100	70	76	60	56	31	55	0
100	100	88	93	45	71	0	48	78	45	75	48	45	24	32	0
33	100	0	80	19	52	100	58	99	79	63	79	55	39	54	0
32	100	6	72	0	38	57	30	92	60	100	70	76	35	52	0
40	100	6	71	0	39	62	36	100	65	94	63	66	31	38	0
83	100	14	75	0	42	97	44	100	67	64	81	60	40	58	0
63	100	23	87	0	67	28	51	85	54	100	41	77	21	60	0
60	100	31	85	0	63	14	52	69	46	100	46	78	23	60	0
69	100	24	81	0	50	47	36	100	60	80	60	39	32	25	0
88	100	42	80	0	48	99	52	100	76	73	86	65	39	78	0
62	100	29	75	0	42	68	41	100	56	71	75	62	37	61	0
60	100	31	87	12	70	0	53	12	36	47	26	83	16	100	0
29	100	15	94	0	56	66	47	100	58	59	84	43	43	36	0
100	100	77	90	29	69	0	45	69	36	92	50	73	24	48	0
62	100	36	81	0	61	38	53	100	51	93	45	72	23	59	0
100	100	68	82	32	56	0	36	55	29	85	56	72	32	83	0
62	100	26	73	0	45	80	46	100	58	73	64	63	32	63	0
39	100	17	79	0	56	6	32	42	28	79	35	100	24	90	0
28	95	0	81	27	72	100	67	50	100	47	82	35	30	40	0
26	100	2	69	0	37	52	29	100	34	65	60	50	34	48	0
32	100	13	72	0	41	52	28	100	31	83	60	56	32	41	0
61	100	19	87	0	51	94	47	100	75	61	94	52	47	58	0
70	100	34	72	0	44	58	42	100	64	91	61	68	30	43	0
49	100	32	71	0	36	62	38	100	42	58	70	55	32	64	0
100	100	39	84	0	63	37	46	90	62	68	45	46	23	41	0
73	100	26	72	0	43	84	37	100	56	76	65	65	33	66	0
52	100	32	69	0	35	17	24	96	26	100	55	91	37	86	0
44	100	0	72	0	42	100	43	99	60	59	70	53	35	65	0
48	100	26	87	0	60	22	35	100	47	88	54	53	28	47	0
15	100	1	82	0	63	18	47	45	37	75	31	99	18	100	0
24	100	0	82	0	49	65	51	100	82	81	63	49	32	21	0
40	100	0	70	5	36	74	41	100	75	79	65	48	32	15	0
26	100	8	84	0	66	15	50	45	40	79	32	100	17	100	0
58	100	5	75	0	41	100	44	75	79	48	89	44	38	37	0
49	100	24	82	0	54	20	37	82	40	82	54	80	25	100	0
53	100	30	83	0	55	41	36	96	42	100	62	80	31	66	0
37	100	0	73	30	49	100	51	86	76	57	75	47	38	44	0
82	100	49	65	0	36	10	27	85	24	100	45	88	27	91	0
96	100	60	82	18	54	0	33	63	26	99	49	94	34	100	0
32	100	0	80	6	56	100	56	57	88	47	84	55	38	60	0
43	100	31	73	0	45	20	25	79	24	100	46	91	31	98	0
15	100	11	84	0	48	61	43	100	59	71	72	49	36	35	0
30	100	9	74	0	47	50	36	100	56	94	52	70	26	62	0
44	100	21	72	0	42	35	20	100	20	99	51	78	29	58	0
37	100	0	87	6	57	100	57	95	85	61	85	50	42	49	0
48	100	28	71	0	43	40	32	100	37	87	58	61	29	41	0
47	100	29	87	0	61	0	37	77	51	100	52	80	26	72	0
34	100	0	71	5	40	75	32	100	58	94	64	80	32	64	0
100	100	69	79	33	59	0	38	48	34	90	47	71	24	71	0
16	100	0	68	5	36	57	25	100	35	78	61	47	33	34	0
37	100	0	80	16	52	100	55	82	82	52	80	53	39	58	0
46	100	7	83	0	51	66	52	100	82	76	63	47	32	22	0
47	100	20	69	0	38	53	39	100	49	59	73	53	40	53	0
56	100	38	69	0	41	44	38	100	40	95	68	80	34	74	0
45	100	44	81	7	51	0	31	68	35	100	52	89	34	80	0
37	100	10	92	0	56	79	50	100	71	74	86	56	42	47	0
62	100	46	92	0	71	19	57	94	51	100	47	60	24	35	0
100	100	66	81	23	62	0	40	66	34	93	44	68	22	59	0
49	100	16	90	0	56	79	49	100	64	57	77	48	39	47	0
81	100	42	70	0	41	32	36	100	38	98	51	78	34	72	0
72	100	49	96	0	73	4	56	86	48	100	48	53	25	23	0
100	100	100	87	55	68	5	50	45	38	68	41	29	21	0	0
29	100	9	82	0	63	6	44	39	35	77	33	100	19	96	0
21	100	21	83	0	55	29	41	85	45	100	55	86	28	86	0
9	100	7	97	0	66	100	58	78	84	46	74	39	37	39	0
72	100	48	88	0	69	17	57	77	46	100	44	63	23	32	0
38	100	24	68	0	35	71	40	100	60	96	50	95	15	100	0
24	100	0	81	3	55	65	52	100	72	66	52	34	27	24	0
43	100	17	84	0	62	29	43	84	47	100	43	71	22	49	0
36	100	22	80	0	50	49	39	100	54	75	62	58	31	59	0
100	100	79	92	36	73	4	51	52	49	54	46	24	24	0	0
30	100	21	71	0	44	68	41	100	54	100	55	98	26	98	0
53	100	5	82	0	56	81	52	100	72	66	91	54	44	44	0
47	100	35	95	0	66	31	43	100	48	95	66	82	34	79	0
44	100	19	82	0	59	47	48	100	59	80	46	54	24	41	0
69	100	34	75	0	44	46	30	100	44	90	68	67	35	55	0
47	100	12	76	0	50	47	39	100	58	81	51	59	26	55	0
55	100	48	93	0	72	34	58	100	52	97	48	58	25	32	0
46	100	20	73	0	43	46	30	100	45	93	58	63	30	52	0
38	100	19	71	0	39	26	22	72	30	100	51	64	32	47	0
58	100	0	70	9	41	97	38	100	60	66	78	55	39	53	0
26	100	0	70	44	54	100	53	77	78	46	69	36	34	28	0
63	100	35	79	0	55	42	39	87	48	85	51	83	20	100	0
81	100	60	89	22	66	0	40	42	25	100	36	94	27	75	0
61	100	32	70	0	41	18	28	77	29	100	49	95	34	92	0
64	100	38	98	0	75	23	61	85	46	100	48	69	24	43	0
36	100	24	70	0	38	49	33	95	47	87	55	96	21	100	0
38	100	37	81	12	55	0	28	52	27	100	42	86	26	65	0
0	100	7	92	5	68	19	45	86	34	100	45	74	23	67	0
0	100	3	72	26	35	85	35	100	71	73	97	65	49	66	0
11	100	0	69	15	43	87	47	100	65	74	67	71	33	66	0
46	100	10	83	34	64	100	77	71	82	49	54	22	27	0	0
77	97	40	100	0	59	9	29	84	33	100	64	77	44	48	0
63	100	40	73	70	63	100	77	79	74	55	48	29	23	0	0
17	100	0	74	6	36	77	37	100	63	73	95	71	47	75	0
34	100	21	76	0	35	43	30	91	29	100	41	74	46	67	0
46	100	21	85	0	60	24	42	68	44	100	49	76	25	58	0
22	100	1	66	0	33	50	32	100	36	82	63	77	30	71	0
0	87	37	100	19	70	5	42	88	49	100	58	84	28	88	0
42	100	9	79	0	46	48	31	100	46	89	52	46	30	19	0
16	100	0	78	5	54	41	32	93	39	100	48	91	24	89	0
67	100	30	90	0	57	41	40	100	53	98	67	66	34	40	0
19	100	4	77	0	51	46	36	100	47	96	49	87	23	77	0
47	100	40	82	18	49	0	19	53	20	92	34	94	35	100	0
72	100	38	84	13	63	0	40	40	28	88	31	100	22	84	0
13	100	0	76	28	53	94	56	100	76	93	66	94	33	91	0
30	100	16	84	0	51	28	26	80	33	100	65	79	34	68	0
67	100	36	82	0	60	5	37	66	38	100	50	73	25	56	0
53	100	23	77	0	57	74	66	100	79	70	85	44	42	16	0
27	100	0	74	40	54	100	59	84	91	57	64	43	32	33	0
69	100	31	73	39	55	89	62	100	84	63	57	31	28	0	0
52	100	29	73	0	47	19	42	69	37	100	54	90	30	88	0
80	100	60	76	26	52	0	28	46	11	97	29	100	24	100	0
51	100	0	90	5	57	92	61	100	70	85	82	68	40	86	0
73	100	43	70	0	42	25	41	100	45	90	64	63	32	54	0
3	100	4	83	0	56	15	31	60	28	100	42	91	26	88	0
70	100	46	70	12	38	0	25	52	29	100	41	96	38	90	0
13	100	8	93	0	66	8	41	57	40	100	50	82	25	69	0
45	100	1	67	0	24	69	24	100	48	73	98	80	53	90	0
74	100	30	76	0	50	55	49	100	72	77	56	52	28	35	0
47	100	19	81	0	58	19	39	61	38	100	42	82	23	62	0
42	100	34	73	0	42	2	42	62	36	100	59	92	35	87	0
10	100	24	93	0	61	0	37	69	35	100	57	80	34	70	0
73	100	49	62	0	38	56	43	100	57	88	78	65	39	49	0
15	100	8	70	0	39	19	20	78	21	100	43	76	30	72	0
39	100	0	82	22	55	100	63	62	99	62	81	59	40	60	0
89	100	56	85	0	62	44	50	100	54	82	77	52	38	20	0
9	100	0	72	7	44	62	28	100	45	86	55	68	27	55	0
54	100	28	76	5	51	0	28	66	27	100	49	82	25	69	0
38	100	18	81	0	52	36	38	95	42	100	60	83	31	85	0
48	100	39	64	0	31	89	31	100	59	77	85	71	42	63	0
15	97	0	76	33	46	95	59	100	100	83	83	87	41	97	0
0	100	17	94	8	64	24	37	70	41	100	57	87	28	100	0
31	100	4	70	0	37	66	36	100	50	66	68	36	34	14	0
100	100	50	76	0	36	76	35	99	62	89	96	80	45	72	0
6	100	0	80	32	54	100	59	99	99	72	77	60	38	43	0
68	100	50	79	15	51	0	47	54	38	100	49	91	35	87	0
29	100	3	82	0	52	60	51	100	78	90	56	81	27	75	0
8	100	0	81	9	52	81	54	100	75	86	64	87	32	90	0
8	100	0	77	0	55	29	38	71	55	71	42	71	20	100	0
19	100	3	83	0	60	8	37	92	33	81	44	70	21	100	0
0	98	20	100	19	70	11	40	43	27	89	42	94	29	100	0
65	100	20	85	0	52	59	42	100	64	79	62	38	32	7	0
50	89	52	100	0	67	23	45	96	48	100	76	60	39	38	0
42	100	22	76	0	52	26	34	82	41	100	47	74	24	57	0
27	100	34	93	0	62	25	44	100	44	91	65	68	32	51	0
18	97	35	100	0	76	0	53	64	54	100	53	75	27	66	0
73	100	39	75	0	52	43	54	92	61	100	71	84	35	72	0
100	100	24	77	0	56	96	57	100	86	79	70	37	35	4	0
31	100	0	62	37	38	100	43	88	80	66	85	62	42	51	0
17	100	3	75	0	43	60	46	100	62	94	69	92	34	92	0
56	97	42	100	0	74	52	60	100	81	74	60	50	30	33	0
49	100	5	87	15	59	92	53	100	84	69	57	35	28	0	0
35	100	1	77	0	57	86	62	100	77	48	81	22	41	6	0
9	100	10	91	0	61	0	31	55	24	90	45	88	29	100	0
0	81	15	100	20	76	19	52	24	28	71	21	88	23	100	0
9	100	19	75	0	35	46	35	100	34	74	67	77	27	83	0
50	100	63	87	26	62	0	36	59	31	100	54	80	27	76	0
42	100	7	72	0	41	54	38	100	44	73	73	56	36	39	0
9	98	16	100	0	55	65	40	100	58	80	89	52	46	33	0
33	100	21	78	0	53	4	28	77	36	90	51	88	25	100	0
62	100	37	81	14	55	0	28	55	24	100	45	66	27	58	0
32	100	12	77	0	48	53	38	100	55	94	57	81	28	65	0
38	100	14	74	0	46	39	35	93	35	100	53	86	27	70	0
37	100	48	71	0	44	63	37	100	37	89	63	80	29	74	0
34	100	15	78	0	43	56	37	100	43	78	70	54	36	41	0
23	100	15	75	0	40	60	29	94	60	100	70	86	35	78	0
38	100	20	75	0	47	56	35	100	50	80	56	61	28	43	0
87	100	51	81	0	45	74	46	100	66	89	90	78	44	60	0
40	100	0	60	20	21	86	14	100	40	75	86	61	50	59	0
36	100	19	61	0	27	80	28	100	52	73	90	70	45	69	0
30	100	19	80	0	53	11	32	74	40	100	56	89	28	85	0
35	100	5	72	0	40	44	18	87	30	100	58	70	30	53	0
27	100	15	72	0	42	49	31	100	36	82	62	68	31	66	0
29	100	16	77	0	41	70	34	100	64	89	67	57	34	26	0
33	100	13	89	0	61	49	58	100	76	63	55	37	28	20	0
9	100	18	82	0	49	10	24	71	26	100	51	92	31	90	0
20	100	6	79	0	49	65	43	100	66	86	59	70	29	52	0
89	100	40	79	0	42	69	38	100	59	74	87	69	43	68	0
31	91	0	85	8	45	85	44	100	82	66	100	68	50	76	0
44	100	16	79	0	53	20	33	61	32	100	37	85	28	81	0
31	100	20	90	16	57	75	52	100	79	68	63	33	31	0	0
22	100	9	68	0	35	22	16	100	18	88	37	50	33	57	0
9	100	9	77	0	46	2	22	81	29	100	35	56	31	59	0
55	89	52	100	0	71	16	53	100	60	100	65	57	33	27	0
75	100	30	73	0	44	62	44	100	51	70	78	55	38	38	0
23	100	17	81	0	48	43	33	100	39	58	66	38	34	27	0
35	100	21	73	0	46	18	30	77	30	100	53	87	27	79	0
16	100	9	84	0	59	30	40	86	49	100	47	75	24	63	0
15	100	4	75	0	50	55	41	100	57	85	49	83	24	77	0
19	100	0	63	3	30	63	47	100	77	91	75	77	38	68	0
39	100	5	79	0	47	55	42	100	64	80	60	52	30	28	0
63	100	46	78	19	55	0	32	54	24	100	44	87	24	74	0
82	100	51	89	0	62	23	43	100	43	99	66	70	33	47	0
87	100	34	81	0	53	38	32	99	49	100	53	55	27	18	0
11	100	8	93	0	60	17	33	60	41	100	57	85	32	76	0
16	100	18	77	0	47	26	29	88	35	100	58	74	30	59	0
42	100	24	76	0	53	19	35	79	41	100	48	82	24	73	0
68	100	42	75	0	52	44	50	100	66	86	46	51	20	41	0
22	100	0	80	19	55	73	48	100	68	63	57	41	29	26	0
60	100	40	81	0	54	2	43	60	34	100	57	82	36	71	0
16	100	15	94	6	66	0	38	69	34	95	56	92	28	100	0
43	100	30	87	0	57	51	61	100	75	80	62	50	31	23	0
37	100	0	72	6	57	65	67	100	86	64	66	44	32	20	0
7	100	0	77	0	55	20	33	96	42	87	45	85	22	100	0
72	100	30	84	7	61	0	37	49	30	100	42	74	23	70	0
23	100	9	78	0	45	57	28	100	38	58	62	42	32	43	0
56	100	42	78	0	52	29	33	100	37	90	59	70	30	59	0
0	100	7	88	0	58	18	34	57	30	95	39	87	24	100	0
11	100	6	86	0	47	30	16	74	33	100	68	87	39	79	0
34	100	34	76	0	49	58	47	100	57	100	56	90	26	82	0
56	100	17	77	0	46	45	27	100	42	83	53	38	28	6	0
68	100	27	81	0	51	45	29	99	43	100	63	77	32	69	0
33	100	32	83	0	50	60	47	96	46	100	73	91	35	85	0
21	100	25	88	0	54	20	43	85	42	100	72	91	36	82	0
59	100	34	70	0	38	33	30	100	34	95	66	73	35	53	0
22	100	34	75	0	43	38	41	100	38	97	68	91	32	72	0
40	100	23	83	0	50	54	38	100	52	97	68	68	36	57	0
0	100	13	84	13	52	18	22	60	23	93	39	88	30	100	0
17	100	36	93	0	59	50	48	98	63	100	63	84	25	76	0
35	100	26	74	0	47	54	38	100	48	91	58	84	29	74	0
11	100	0	87	11	48	69	38	100	50	75	94	53	49	37	0
21	100	0	70	7	42	91	49	100	64	70	67	72	34	70	0
41	100	12	74	0	44	75	46	100	78	81	75	65	37	48	0
83	100	36	82	11	61	0	39	78	35	100	41	67	21	53	0
47	100	11	83	0	50	57	37	100	54	81	58	45	30	19	0
67	100	47	59	0	31	5	34	69	40	100	63	72	41	57	0
21	100	4	79	0	47	54	38	100	49	92	66	91	33	92	0
8	100	23	84	0	56	26	40	100	44	72	56	68	27	89	0
27	100	21	83	0	47	36	42	100	49	96	75	86	37	84	0
48	100	22	79	5	58	0	37	80	39	100	42	72	21	82	0
45	100	22	79	13	52	66	45	100	66	55	50	23	26	0	0
30	100	28	83	0	52	17	36	98	35	100	65	80	33	66	0
10	100	6	82	0	62	4	42	59	34	88	39	80	19	100	0
25	100	29	78	14	49	0	20	56	19	90	39	90	24	100	0
25	100	0	63	8	30	82	39	100	70	79	90	89	44	100	0
55	100	36	65	0	29	55	33	100	44	77	86	73	45	78	0
4	100	2	82	0	50	46	35	100	42	100	63	93	32	93	0
15	100	0	74	20	45	82	47	100	64	84	68	77	34	73	0
57	100	51	71	10	47	0	43	54	36	100	48	85	33	71	0
55	100	15	77	0	47	42	28	86	43	100	62	84	31	80	0
56	100	31	83	6	59	0	33	53	32	100	47	89	26	80	0
77	100	47	64	0	36	34	39	100	39	93	73	61	38	37	0
61	100	33	86	0	58	55	44	100	66	89	63	61	32	34	0
46	100	26	74	0	47	20	25	84	33	100	55	76	28	69	0
44	100	21	72	0	47	68	54	100	75	85	53	61	25	43	0
41	100	25	97	0	54	61	46	100	47	83	87	55	45	36	0
36	100	18	76	0	52	13	33	60	34	100	39	93	24	86	0
76	100	18	73	0	50	81	48	100	70	67	74	33	37	8	0
60	100	36	75	14	50	0	23	47	14	89	30	100	26	86	0
21	100	1	80	0	54	70	51	100	73	82	51	74	24	75	0
51	100	33	77	0	53	11	32	77	36	100	53	76	27	60	0
6	100	0	93	0	67	18	43	65	46	92	50	83	24	100	0
38	100	43	85	0	60	28	51	100	61	98	54	73	25	46	0
33	100	16	78	0	52	18	31	58	29	98	34	100	25	100	0
11	100	7	95	0	73	11	51	71	50	100	44	85	22	78	0
29	100	0	77	0	53	75	44	100	63	72	51	73	25	67	0
22	100	0	70	28	44	83	47	100	79	71	61	45	30	19	0
88	100	48	83	16	59	0	31	50	28	100	45	75	27	62	0
28	100	0	80	25	53	96	46	100	74	71	66	43	33	28	0
20	100	13	72	0	43	29	26	88	28	100	45	68	29	69	0
38	100	27	89	8	67	0	44	40	32	100	41	83	22	81	0
59	100	37	69	0	34	46	33	100	38	81	51	63	43	46	0
53	100	25	70	0	39	50	34	100	42	85	64	77	32	80	0
29	100	25	73	0	37	48	32	100	32	84	68	60	39	43	0
35	100	0	74	1	45	68	36	100	58	88	54	79	24	72	0
36	100	0	76	21	49	73	39	100	60	70	64	72	31	85	0
100	100	64	79	27	59	0	38	71	45	98	41	60	21	44	0
0	95	46	100	14	63	30	49	100	63	94	67	80	29	72	0
84	100	42	72	2	45	0	39	59	35	100	49	84	36	75	0
17	100	5	71	0	40	60	39	100	58	85	61	77	29	69	0
20	100	17	74	0	45	25	26	81	25	95	50	95	30	100	0
20	100	0	75	4	42	72	43	100	63	87	69	85	34	89	0
40	100	16	81	0	59	22	40	81	47	100	44	79	22	67	0
6	100	18	89	14	54	0	21	54	21	99	38	92	34	100	0
88	100	82	82	45	49	0	22	38	34	94	36	100	42	98	0
43	100	10	80	0	51	43	29	95	40	100	53	61	28	39	0
52	100	26	68	0	36	52	36	100	40	84	69	62	35	48	0
34	100	5	59	0	46	100	47	94	81	64	86	62	43	50	0
16	100	0	65	43	57	100	70	99	87	97	76	84	38	73	0
25	100	5	70	0	40	72	44	100	57	70	64	72	32	60	0
56	100	9	63	0	45	76	50	100	73	59	97	35	48	10	0
0	100	15	87	8	66	20	46	66	50	77	40	87	20	100	0
16	89	16	100	0	70	15	42	81	51	100	61	84	30	75	0
95	96	56	84	0	47	57	39	100	55	93	100	86	48	81	0
85	100	32	76	0	44	74	48	100	66	76	92	72	44	67	0
29	100	11	85	0	65	3	45	46	39	83	39	84	19	100	0
0	99	42	100	23	75	2	50	23	27	93	43	81	25	100	0
25	100	8	84	0	63	0	44	33	30	83	34	87	18	100	0
49	100	17	82	0	61	0	40	49	38	100	42	88	21	84	0
57	100	25	75	0	52	85	53	100	73	65	85	31	43	2	0
32	100	32	79	0	48	25	28	96	34	100	64	77	34	77	0
22	100	3	94	0	51	49	44	100	61	64	86	64	43	60	0
36	100	2	70	0	43	53	42	100	43	68	70	45	35	22	0
48	100	24	62	0	35	93	33	100	67	74	77	63	39	56	0
92	100	49	88	8	59	56	45	100	69	82	56	39	29	0	0
47	100	38	94	12	68	0	42	48	39	100	52	80	26	83	0
41	100	20	80	0	57	39	42	100	55	98	45	72	23	57	0
55	95	0	73	5	37	90	36	100	75	84	100	76	50	65	0
25	100	0	75	9	50	77	49	100	72	77	53	67	26	65	0
30	100	11	73	0	44	75	44	100	63	97	61	84	30	79	0
52	100	33	80	0	57	32	42	82	43	100	50	69	26	43	0
9	100	4	81	0	54	35	39	84	46	100	52	80	26	77	0
13	100	11	83	0	59	28	40	92	46	96	48	91	23	100	0
2	100	12	84	0	57	29	37	82	48	100	52	76	27	62	0
35	100	32	97	0	73	4	46	51	42	100	48	88	29	72	0
63	100	17	67	0	29	58	24	100	35	86	88	82	53	78	0
20	100	7	78	0	44	32	24	89	29	100	55	76	31	55	0
19	100	0	71	10	43	53	34	93	43	100	55	80	27	59	0
56	100	20	79	0	45	29	18	74	27	100	61	76	35	60	0
5	100	31	93	0	63	52	50	100	72	62	61	31	31	1	0
0	100	1	77	25	58	66	56	100	69	92	48	90	24	94	0
56	100	29	74	0	40	51	38	100	44	77	73	58	36	35	0
90	100	43	79	0	56	51	58	100	69	97	61	79	28	60	0
43	100	10	75	0	45	46	34	100	35	93	60	88	29	78	0
2	100	5	75	0	47	22	27	98	30	100	47	71	27	78	0
63	100	35	70	0	41	36	35	100	40	96	56	73	34	59	0
9	100	0	81	0	58	14	35	62	33	79	44	81	21	100	0
79	100	50	63	0	34	15	35	93	36	100	71	64	37	43	0
31	100	5	81	0	59	27	41	72	41	100	43	81	22	69	0
65	89	61	100	16	73	0	47	65	40	100	59	61	30	28	0
65	100	19	69	22	53	95	56	100	72	48	94	26	46	0	0
66	100	43	66	0	37	33	39	100	42	78	68	51	35	39	0
50	100	7	82	0	54	57	42	100	57	74	55	48	28	39	0
69	100	39	63	0	29	35	35	100	34	98	65	79	41	73	0
18	100	13	78	0	46	57	37	100	50	85	66	83	33	84	0
18	100	16	90	0	63	28	44	88	52	100	53	89	27	88	0
20	100	5	78	0	55	64	63	100	83	81	55	61	25	45	0
79	100	31	77	0	51	68	43	100	68	76	53	41	27	14	0
38	100	23	84	6	59	0	35	45	21	100	35	85	24	98	0
72	100	51	87	0	56	66	48	100	62	75	84	47	42	19	0
45	100	34	78	0	51	37	50	95	51	100	62	73	32	57	0
38	100	40	90	0	63	36	46	93	47	100	59	63	31	40	0
75	100	41	69	0	39	45	30	100	37	92	65	55	33	23	0
48	100	31	64	3	31	0	21	62	16	100	35	93	37	89	0
7	100	28	96	18	61	0	27	50	24	85	35	85	33	100	0
39	100	29	92	0	58	2	34	61	37	100	60	82	36	78	0
75	100	13	74	6	52	100	50	93	82	68	72	37	36	0	0
71	99	55	100	0	72	29	56	100	70	73	66	35	33	6	0
63	100	53	74	0	49	65	48	100	56	88	62	71	26	69	0
64	100	29	84	0	56	38	38	100	48	94	53	57	26	24	0
41	90	62	100	29	74	2	47	0	22	64	33	100	28	88	0
63	100	31	66	0	31	28	22	94	30	100	68	82	38	81	0
12	100	0	75	11	44	98	39	100	56	68	68	58	32	60	0
28	100	15	65	0	29	40	20	100	17	99	36	67	36	59	0
6	100	4	95	0	71	2	47	45	30	100	44	78	24	82	0
64	100	26	75	0	51	68	52	100	72	74	56	48	28	23	0
38	100	14	71	0	42	54	51	100	58	64	70	49	35	45	0
20	92	22	100	0	63	41	40	100	41	95	74	69	39	57	0
64	100	36	67	0	37	30	32	91	37	100	54	80	36	70	0
18	100	23	73	0	41	17	17	83	18	100	43	84	35	76	0
27	100	28	96	0	64	3	37	88	43	100	68	94	33	100	0
23	100	14	76	11	41	94	35	100	51	52	71	24	35	0	0
32	100	19	74	0	42	44	31	100	44	93	66	85	33	81	0
24	100	0	69	8	35	55	34	100	40	95	79	90	39	80	0
15	100	0	76	8	50	62	47	100	62	82	57	82	28	85	0
0	100	5	86	2	66	3	45	38	34	68	39	81	19	100	0
45	100	2	72	0	49	81	55	100	79	88	66	59	33	33	0
24	100	0	81	19	52	82	49	100	77	80	66	67	33	59	0
42	94	0	60	23	30	86	30	100	61	70	100	69	50	71	0
13	100	10	79	0	48	4	19	75	22	87	49	89	29	100	0
51	100	29	82	10	60	0	35	27	20	69	22	100	25	100	0
43	75	71	100	38	68	0	37	60	32	100	51	82	34	54	0
42	100	22	65	0	40	91	40	100	64	88	72	91	36	93	0
28	100	0	73	16	49	75	47	100	63	94	59	93	29	83	0
50	100	26	84	0	60	6	36	58	35	100	50	78	26	63	0
40	100	11	87	0	57	11	29	66	40	100	58	82	29	78	0
55	100	7	74	0	51	72	52	100	75	77	66	48	33	23	0
14	100	14	87	0	59	11	35	100	40	97	54	83	27	100	0
68	100	34	88	0	62	6	42	70	49	100	51	62	27	42	0
60	100	25	75	0	48	27	26	100	28	84	55	69	28	52	0
50	100	42	78	0	52	24	38	83	35	100	64	69	32	41	0
35	100	17	68	0	36	50	37	100	36	81	58	62	35	56	0
55	100	7	78	0	47	83	43	100	77	84	64	48	32	13	0
32	100	0	79	16	51	77	49	100	80	70	62	45	32	26	0
100	100	56	65	0	36	3	34	80	33	99	54	68	38	36	0
74	100	46	72	8	49	0	38	52	34	100	41	96	32	96	0
19	100	0	73	9	46	72	47	100	61	82	69	75	34	60	0
20	100	0	79	0	45	61	41	98	62	100	74	90	37	82	0
4	100	0	100	7	69	56	55	100	67	86	60	62	31	55	0
100	100	56	66	0	37	8	34	83	43	86	71	57	35	24	0
27	100	15	67	0	29	40	17	100	17	97	39	67	37	62	0
21	100	1	76	0	47	65	41	100	58	83	61	75	30	75	0
33	100	8	75	0	48	49	34	100	47	99	53	90	27	78	0
38	100	4	85	0	53	58	46	100	52	88	64	78	32	73	0
10	100	16	77	0	39	37	18	94	22	100	50	99	39	93	0
25	100	0	76	11	45	79	46	100	73	86	70	79	35	70	0
35	100	19	85	0	52	50	32	100	35	96	64	62	34	39	0
60	100	38	82	0	59	17	39	93	49	100	47	69	23	39	0
54	100	29	71	0	41	46	42	100	46	71	67	55	36	48	0
21	100	22	74	0	45	34	36	100	33	97	62	84	31	77	0
70	100	37	79	11	56	0	32	51	19	92	36	80	23	100	0
9	100	0	75	78	72	100	92	74	93	56	62	38	31	21	0
16	100	0	82	6	47	70	47	100	71	94	73	92	36	95	0
19	100	42	95	7	58	0	44	83	34	86	68	90	34	100	0
76	100	37	88	0	54	44	33	96	58	100	66	60	33	23	0
38	100	4	76	0	46	70	41	100	64	86	62	66	31	54	0
39	100	0	79	1	48	55	38	100	58	81	55	49	29	25	0
36	100	7	89	0	53	67	41	100	57	82	74	51	38	31	0
59	100	41	79	14	56	0	31	51	21	100	33	85	25	79	0
61	100	40	63	0	34	36	40	100	44	81	73	60	36	46	0
21	100	14	74	0	41	35	25	100	28	98	49	61	32	48	0
39	100	24	70	0	40	49	38	100	40	75	65	52	34	43	0
14	100	10	84	0	55	52	43	100	57	98	59	85	29	72	0
63	100	31	80	0	49	70	50	100	67	68	90	45	45	29	0
39	100	10	72	0	39	68	25	100	48	96	65	72	33	68	0
60	100	36	67	0	39	46	48	99	58	100	62	77	29	52	0
31	100	28	76	0	41	24	29	100	30	88	67	81	33	82	0
33	100	10	87	0	69	54	58	100	75	66	52	33	26	4	0
78	100	51	62	0	32	18	31	95	29	100	58	73	39	57	0
18	61	37	100	17	65	0	33	61	39	100	55	66	37	37	0
36	100	13	75	57	65	100	78	63	85	41	57	18	29	0	0
26	100	1	96	0	57	68	43	100	61	73	78	45	40	29	0
20	100	21	84	0	52	37	42	100	46	97	63	81	31	71	0
70	100	36	70	0	41	25	31	90	36	100	45	80	33	62	0
57	100	34	80	0	59	11	40	85	43	100	44	72	22	57	0
62	100	39	79	0	52	13	39	80	44	100	63	86	32	71	0
46	100	2	72	0	47	76	48	100	77	78	64	45	32	19	0
54	87	59	100	26	72	0	43	28	18	100	30	96	30	80	0
37	100	3	86	0	51	19	22	72	21	100	47	76	33	65	0
29	80	53	100	7	70	0	49	83	48	100	65	61	33	29	0
38	100	7	91	0	62	33	40	91	48	100	54	69	28	56	0
21	100	0	79	0	54	42	37	83	52	79	49	81	24	100	0
35	100	22	64	0	38	100	42	94	61	68	78	63	39	45	0
23	100	9	68	0	36	49	25	100	36	99	65	93	32	83	0
26	100	16	79	0	52	36	32	100	38	55	52	38	26	32	0
86	100	49	91	0	54	63	52	100	64	90	98	76	45	69	0
0	100	15	95	1	63	33	40	100	48	94	65	93	32	90	0
19	100	14	79	5	59	0	38	27	20	100	34	81	21	70	0
54	100	35	79	0	49	19	40	89	38	100	65	81	32	65	0
81	100	35	78	0	47	69	52	100	66	72	91	62	44	60	0
78	100	43	92	0	73	14	54	83	55	100	43	63	22	29	0
63	100	41	63	0	36	88	40	100	63	72	78	76	39	82	0
55	100	28	75	1	50	0	25	61	30	100	48	65	26	54	0
47	100	27	50	0	20	50	30	100	31	89	59	58	50	39	0
20	92	5	100	0	76	2	52	52	33	95	47	80	23	100	0
26	77	12	100	0	62	57	45	100	60	68	77	50	39	41	0
38	100	16	68	0	36	51	30	100	34	90	62	63	31	41	0
52	100	25	67	0	33	46	28	100	33	99	65	73	35	53	0
71	100	40	85	0	63	19	42	88	45	100	52	80	26	69	0
90	100	50	82	0	45	70	46	100	65	83	91	77	43	75	0
53	100	0	75	7	43	100	52	50	76	16	91	14	44	28	0
85	100	38	76	0	42	82	41	100	61	78	95	75	47	71	0
51	100	0	69	16	52	84	58	100	74	61	83	40	41	16	0
51	100	35	74	10	49	0	22	54	12	100	32	90	25	69	0
22	100	20	75	0	40	0	25	67	30	100	39	84	36	79	0
13	100	0	82	0	60	27	42	82	42	80	41	80	19	100	0
67	92	32	87	0	44	72	50	100	62	63	100	62	48	59	0
42	100	41	78	18	51	0	23	60	24	94	41	89	27	100	0
30	100	33	81	4	54	0	29	70	27	100	49	94	29	98	0
80	100	59	97	26	71	0	43	28	23	94	38	100	28	81	0
14	100	0	75	7	47	72	48	100	62	83	58	82	29	84	0
82	100	49	85	19	61	0	34	51	36	100	51	81	27	69	0
36	100	21	66	0	31	20	24	93	22	100	45	80	35	81	0
86	100	32	81	0	57	30	37	100	51	86	46	41	23	11	0
20	100	34	93	0	53	4	38	88	50	100	72	99	30	96	0
33	100	0	79	11	48	81	49	100	81	80	66	62	33	45	0
24	100	12	89	0	55	28	39	73	53	100	61	74	32	58	0
74	100	38	79	0	49	53	53	100	62	73	84	56	42	42	0
12	100	3	86	0	61	35	54	72	54	100	53	90	27	88	0
16	100	24	89	9	55	0	21	63	19	97	42	95	27	100	0
54	100	20	72	0	40	56	35	100	45	72	65	44	34	31	0
40	100	7	86	0	63	14	41	81	37	91	45	84	22	100	0
29	100	18	72	0	44	54	34	100	41	59	57	46	29	38	0
51	100	21	73	0	43	48	40	93	52	100	59	76	30	56	0
34	100	24	70	0	41	27	26	86	27	100	51	98	31	97	0
56	100	29	73	0	41	30	35	100	34	95	65	78	31	80	0
0	100	17	100	10	74	4	48	42	29	100	44	81	25	98	0
42	100	34	75	0	48	3	42	58	38	100	53	85	33	71	0
44	100	0	79	0	49	61	40	100	64	92	61	62	31	34	0
25	100	0	84	16	63	77	67	100	66	76	45	53	22	34	0
28	100	22	73	0	41	16	22	78	25	98	50	93	24	100	0
56	100	14	75	0	42	57	28	98	53	100	65	73	34	71	0
41	100	0	84	16	56	95	55	100	86	70	64	51	32	42	0
14	100	6	77	0	47	79	50	100	63	73	62	76	31	77	0
57	100	34	71	0	45	7	41	61	41	100	56	80	32	70	0
39	100	10	74	0	41	60	38	100	49	85	63	60	32	43	0
6	100	2	97	0	69	15	42	59	39	100	51	84	27	76	0
94	100	53	75	11	52	0	41	52	38	99	43	100	38	91	0
16	100	0	72	17	48	61	46	100	48	93	58	81	29	71	0
88	100	58	71	26	45	0	35	56	34	100	46	97	32	88	0
38	100	0	74	20	48	99	45	100	65	75	63	58	31	43	0
52	100	22	69	0	36	49	27	100	30	89	56	62	35	43	0
46	100	31	95	8	69	0	41	56	39	100	50	65	26	54	0
45	100	20	79	0	55	23	35	100	36	92	48	77	24	70	0
100	100	72	79	38	51	0	26	44	32	90	39	88	37	82	0
63	100	33	73	0	46	41	42	100	44	72	65	64	32	49	0
18	100	22	79	0	47	28	35	94	35	98	64	100	34	91	0
27	100	3	76	0	46	69	43	100	64	90	64	85	32	87	0
32	100	20	69	0	34	36	29	92	36	100	51	66	36	58	0
53	100	33	77	0	55	19	35	87	41	100	46	65	24	47	0
25	100	7	82	0	46	56	28	100	55	99	73	75	37	66	0
48	100	20	80	0	51	55	43	100	56	90	62	86	30	73	0
26	100	0	83	23	51	83	42	100	55	79	84	56	42	37	0
64	100	41	78	18	57	0	36	36	22	100	32	92	20	69	0
96	100	55	66	0	37	18	37	100	42	95	72	64	36	39	0
73	100	28	85	0	62	5	37	60	32	100	42	82	25	66	0
63	100	36	65	0	30	84	36	100	63	81	79	79	39	75	0
36	100	6	81	0	52	36	28	84	38	100	55	72	29	62	0
70	100	37	75	0	49	40	39	100	46	87	57	57	29	31	0
67	100	39	82	0	53	63	55	100	66	67	77	53	39	40	0
70	100	38	79	6	54	0	34	65	30	100	45	88	28	80	0
18	100	16	91	0	64	22	39	100	41	86	55	61	28	61	0
68	100	59	72	25	44	0	33	54	32	100	35	98	35	86	0
27	100	41	75	0	48	43	47	84	56	100	68	93	31	82	0
59	100	0	79	31	64	100	75	93	76	63	51	37	26	11	0
53	100	5	80	0	63	60	64	100	79	79	57	55	26	31	0
50	100	22	84	0	54	45	34	100	41	100	64	88	32	84	0
50	100	41	90	0	63	3	50	80	42	100	57	59	29	29	0
20	100	14	70	0	40	3	16	77	22	100	45	96	30	96	0
71	100	44	63	0	38	57	43	100	52	82	80	66	41	60	0
39	100	12	74	0	44	38	30	85	32	100	51	95	30	86	0
36	100	0	70	32	46	93	53	100	88	74	67	52	33	31	0
65	86	79	100	35	69	0	39	72	34	100	66	61	35	32	0
33	100	0	84	3	54	52	41	100	46	69	59	51	30	41	0
69	100	42	83	0	61	9	39	77	41	100	47	62	24	33	0
58	100	24	89	0	50	100	55	97	70	55	94	52	47	53	0
25	100	11	78	0	51	3	26	89	27	100	44	57	26	36	0
17	100	0	72	8	46	67	46	100	54	74	68	64	34	55	0
35	100	38	79	6	48	67	39	100	63	76	57	34	30	0	0
71	100	39	87	11	63	0	37	42	25	100	37	74	24	53	0
29	100	0	70	35	48	82	61	100	96	71	65	41	33	16	0
20	97	9	89	0	49	66	47	100	70	75	100	71	50	73	0
14	100	2	73	0	48	50	44	92	48	100	58	76	29	53	0
12	100	0	79	2	48	52	47	100	58	82	67	73	34	66	0
17	100	5	91	0	59	58	51	100	77	60	60	30	30	6	0
46	100	1	69	0	33	64	29	100	42	75	84	65	46	62	0
37	100	0	81	21	53	100	56	92	89	56	64	37	32	18	0
12	100	2	79	0	52	63	48	100	70	86	54	80	27	74	0
18	100	18	87	0	54	43	32	100	46	98	55	49	32	25	0
75	100	47	77	17	53	0	28	67	15	100	39	97	25	94	0
5	100	23	86	6	57	0	29	65	30	100	54	89	28	93	0
19	97	39	96	0	49	29	35	100	48	98	100	86	52	92	0
49	100	31	65	0	29	50	31	100	33	87	71	65	35	43	0
11	100	0	74	43	56	100	56	88	83	87	55	84	27	87	0
19	100	0	73	18	53	100	63	100	78	62	53	25	27	0	0
48	100	21	80	0	50	37	36	100	37	95	61	95	30	96	0
17	100	30	92	17	64	0	37	57	27	89	46	89	28	100	0
38	100	20	77	0	55	4	31	60	29	100	46	79	23	63	0
64	100	38	67	2	38	0	28	62	32	100	53	88	34	79	0
43	100	12	76	0	47	57	36	100	48	93	64	89	31	88	0
38	95	53	100	19	80	0	59	61	65	100	89	75	47	49	0
78	100	41	73	0	48	35	37	100	40	83	59	56	30	37	0
23	100	22	75	0	44	47	32	100	46	99	68	90	34	86	0
50	100	31	75	0	50	40	40	94	49	100	47	62	25	33	0
12	100	7	80	0	60	3	39	36	23	86	34	88	20	100	0
31	100	12	87	0	55	22	26	72	31	100	60	74	31	60	0
9	100	0	80	37	67	100	72	100	85	77	57	53	28	36	0
58	100	12	77	0	59	62	60	100	77	85	59	61	30	36	0
59	100	9	64	0	23	61	17	100	28	73	82	57	60	50	0
11	100	0	78	0	56	39	40	100	50	91	43	75	22	80	0
49	100	26	83	0	39	63	43	100	54	74	95	62	47	57	0
48	100	32	65	0	26	50	24	100	41	85	86	81	46	76	0
72	100	11	75	0	44	87	50	100	68	59	96	49	48	54	0
42	100	40	83	5	51	0	47	55	40	100	51	85	38	76	0
30	100	15	76	0	48	55	39	96	56	100	55	76	28	58	0
3	100	2	84	0	53	29	32	70	45	100	61	88	30	95	0
18	100	8	81	0	51	56	40	100	60	87	61	85	30	88	0
27	100	14	76	0	44	41	33	94	35	100	63	76	34	76	0
60	100	45	92	21	63	0	33	38	26	86	40	100	30	91	0
58	100	35	74	0	42	33	40	96	42	100	66	88	36	94	0
29	100	21	76	0	47	6	32	79	35	100	58	99	28	93	0
66	100	38	69	0	40	43	34	100	37	94	63	60	35	41	0
6	100	12	82	0	50	3	22	100	29	86	48	55	32	67	0
19	100	0	71	2	43	77	39	100	58	98	60	80	30	71	0
45	100	18	74	0	44	59	35	100	52	95	62	75	32	70	0
23	100	17	69	0	35	34	22	100	22	99	39	56	34	43	0
12	100	0	74	4	42	74	44	100	58	77	65	74	32	65	0
18	100	0	76	20	46	75	56	100	90	69	68	43	34	19	0
46	100	0	75	14	57	85	57	100	82	74	63	53	31	46	0
62	100	30	75	0	49	52	44	100	49	87	58	66	29	50	0
17	100	0	56	34	28	100	31	100	66	68	97	68	48	75	0
13	100	15	75	0	45	47	32	100	46	87	61	80	30	80	0
41	100	30	78	0	45	0	29	82	31	100	59	87	34	73	0
3	100	0	81	3	55	33	34	84	36	100	50	86	25	97	0
49	100	18	82	0	61	5	40	53	38	100	43	92	21	93	0
54	100	18	75	0	55	60	51	100	71	74	56	46	29	28	0
37	99	0	57	26	28	96	29	100	62	69	100	60	50	59	0
17	100	0	75	1	49	67	46	100	61	88	54	89	27	94	0
51	100	25	74	0	47	57	42	100	46	80	72	70	35	56	0
13	93	16	100	0	60	54	42	100	43	89	79	59	41	45	0
20	100	4	86	0	66	2	46	37	29	100	38	72	20	70	0
68	100	32	95	0	61	35	34	99	28	100	66	63	35	33	0
39	100	0	80	2	49	67	40	100	64	60	63	31	32	14	0
15	100	6	83	0	63	15	44	58	44	72	37	74	17	100	0
68	100	44	64	0	36	42	38	100	41	86	73	59	38	52	0
54	100	32	67	0	37	28	35	100	37	75	62	62	29	69	0
59	100	27	80	0	56	11	35	70	35	100	45	88	23	87	0
62	100	55	95	22	70	0	43	57	37	100	56	85	29	77	0
37	100	30	87	7	62	0	35	59	29	100	51	78	27	74	0
36	100	0	61	28	34	98	35	100	71	71	90	66	45	60	0
52	100	0	83	16	60	85	55	100	72	66	54	43	27	20	0
46	100	16	86	0	42	100	52	68	79	54	98	56	49	61	0
13	100	17	79	0	52	56	55	100	65	93	53	77	27	73	0
32	100	0	72	1	39	50	32	100	35	87	59	77	32	58	0
77	100	48	60	0	32	50	40	100	49	91	86	70	43	52	0
21	100	13	70	0	38	6	17	73	20	100	28	62	32	56	0
38	100	0	76	0	47	77	47	100	71	79	64	64	32	56	0
33	100	11	75	0	43	44	24	91	30	100	62	76	33	64	0
44	100	24	68	0	34	37	33	84	38	100	57	86	39	80	0
53	100	24	78	0	56	36	41	100	55	91	44	59	23	37	0
66	100	73	96	34	72	0	48	39	31	100	46	75	26	64	0
27	100	16	71	0	36	27	21	100	25	91	49	54	34	56	0
60	100	46	70	9	40	0	38	57	31	100	53	91	36	75	0
34	84	42	100	19	65	0	31	56	40	100	55	87	38	85	0
64	100	15	77	0	45	100	59	84	78	58	90	56	44	67	0
11	100	0	86	2	66	26	47	81	44	100	40	83	20	79	0
0	100	10	86	14	67	32	50	71	51	82	37	89	18	100	0
17	100	0	81	2	62	42	46	100	52	79	39	77	19	89	0
59	100	38	81	14	54	0	26	51	13	100	32	84	28	70	0
35	100	0	71	32	50	95	54	100	78	85	70	76	35	71	0
35	100	35	87	14	62	0	35	35	16	97	34	100	26	89	0
47	100	0	72	0	38	82	30	100	65	87	95	77	47	62	0
48	100	4	73	0	42	71	34	100	60	95	72	58	36	29	0
34	100	22	67	0	36	34	23	86	30	100	61	94	33	91	0
39	100	6	71	0	36	61	26	100	47	98	69	80	35	75	0
9	100	0	77	11	51	74	53	100	72	59	50	33	25	9	0
53	100	33	71	0	44	14	43	68	37	100	58	85	33	83	0
81	100	56	78	22	54	0	30	46	14	100	27	100	25	87	0
100	100	48	80	0	45	74	36	99	57	70	86	65	43	66	0
77	100	43	84	18	59	0	35	48	17	91	32	82	24	100	0
90	100	53	75	16	45	0	35	52	35	100	44	96	41	87	0
0	100	14	81	5	58	28	39	88	47	97	44	91	21	100	0
12	84	36	100	0	65	46	44	100	57	83	75	53	38	28	0
27	100	13	66	0	26	39	31	100	30	93	51	77	38	77	0
63	100	31	82	0	52	36	29	100	45	99	59	59	30	28	0
26	100	0	70	16	41	69	42	100	70	92	63	71	31	49	0
66	100	26	74	0	49	80	60	100	75	59	78	37	38	3	0
56	100	30	57	0	34	56	40	100	49	88	86	62	43	40	0
10	100	0	76	21	48	81	52	100	73	88	65	86	32	88	0
26	100	0	71	41	50	97	52	100	87	81	67	67	34	59	0
21	100	9	73	0	45	39	30	95	39	100	55	95	28	97	0
26	100	7	77	0	44	43	35	86	46	100	67	91	33	79	0
64	100	19	66	0	24	64	19	100	45	98	88	78	46	69	0
74	100	40	77	0	53	44	45	100	51	76	54	51	27	35	0
28	100	13	76	0	47	59	38	100	60	92	58	79	28	65	0
36	100	29	81	0	56	12	32	67	32	95	54	94	26	100	0
62	100	38	71	0	46	6	41	58	33	100	52	83	34	72	0
55	100	33	83	0	53	40	39	100	47	90	60	48	32	23	0
22	100	0	68	2	42	54	46	100	55	72	75	51	38	37	0
77	100	31	73	0	50	68	51	100	56	69	82	46	41	23	0
8	100	0	78	8	42	58	43	97	69	100	73	92	37	87	0
44	100	29	67	0	31	32	15	100	16	99	52	89	40	82	0
18	100	0	76	0	49	65	41	100	66	80	55	72	27	70	0
34	100	9	76	0	50	51	35	100	52	89	51	86	24	85	0
43	100	47	68	0	33	29	36	100	45	88	63	61	25	55	0
0	100	21	73	50	52	84	67	100	100	89	69	88	35	86	0
13	100	0	98	8	57	80	54	100	66	71	95	48	48	34	0
30	100	25	82	0	48	11	38	64	45	100	54	91	37	85	0
29	100	14	81	0	50	64	44	100	62	92	64	84	32	83	0
29	96	5	100	0	72	4	45	47	36	77	51	75	23	100	0
55	100	19	75	0	50	71	58	100	75	62	82	40	41	20	0
16	100	0	71	12	37	69	27	100	34	75	71	57	40	39	0
4	98	10	100	0	69	4	40	62	43	56	55	63	24	100	0
50	100	44	93	10	69	0	45	75	49	100	46	60	23	33	0
4	100	18	98	0	58	43	38	100	48	97	79	80	41	77	0
64	100	41	71	5	43	0	36	57	36	100	49	88	36	87	0
55	100	33	62	0	26	33	27	92	39	100	77	95	39	86	0
7	100	0	78	5	38	63	44	100	78	91	81	87	40	86	0
53	100	41	90	15	66	0	40	46	29	100	30	92	24	93	0
31	100	0	69	31	48	100	52	100	91	84	79	72	39	59	0
20	100	10	69	0	38	38	23	94	30	100	60	81	30	72	0
36	100	30	100	5	57	0	38	78	30	100	54	95	38	94	0
43	100	28	75	0	45	26	26	95	32	100	60	75	32	59	0
20	100	18	81	3	50	0	30	61	29	100	45	87	26	86	0
22	100	0	54	18	10	100	14	94	56	63	100	59	50	60	0
64	100	26	89	0	62	50	52	100	71	76	56	47	28	27	0
35	100	25	77	0	49	35	34	98	31	100	56	82	27	66	0
0	100	2	83	4	53	43	41	86	55	100	57	79	29	77	0
38	100	18	88	0	61	15	37	52	35	90	38	100	26	91	0
65	100	46	91	2	58	0	31	66	31	100	60	49	39	20	0
6	100	0	68	37	50	90	51	100	89	79	84	58	43	48	0
2	100	11	94	0	57	51	41	94	64	100	72	77	36	60	0
41	100	26	100	0	75	6	47	55	41	100	49	70	25	79	0
45	100	4	75	0	47	80	39	100	64	82	57	66	28	68	0
47	100	30	73	0	40	22	21	89	23	100	55	71	34	49	0
0	100	18	93	9	56	51	32	100	53	84	74	70	37	64	0
9	100	0	72	27	51	100	55	97	86	72	61	53	30	48	0
84	100	45	76	0	53	0	32	86	36	100	51	66	26	52	0
63	100	0	72	5	52	93	55	100	73	60	77	34	38	9	0
0	100	7	91	4	70	7	47	30	31	74	41	80	20	100	0
74	100	40	85	0	62	36	40	88	49	100	57	70	30	51	0
68	100	43	58	0	20	61	16	100	43	95	86	93	44	94	0
12	100	6	77	0	50	37	37	94	44	87	53	92	26	100	0
13	100	0	71	37	50	100	56	90	76	80	61	81	30	88	0
23	100	3	93	0	61	59	43	100	57	76	61	41	32	20	0
20	67	45	100	17	73	0	38	62	24	100	42	78	32	50	0
12	89	27	100	16	72	0	44	36	24	97	41	100	28	95	0
22	100	12	71	0	41	30	26	100	27	99	42	74	30	73	0
16	96	0	59	34	22	100	30	74	77	49	100	46	50	40	0
29	100	23	80	0	51	28	41	100	43	77	62	71	31	66	0
56	100	19	71	0	38	45	16	84	39	100	66	69	34	52	0
26	100	15	94	0	62	19	37	67	49	100	59	83	30	81	0
74	100	54	66	17	35	0	28	70	33	100	51	81	34	68	0
55	100	26	83	0	59	37	39	96	44	100	53	87	26	71	0
56	100	37	68	0	35	71	31	100	50	73	72	71	36	74	0
20	100	8	74	0	44	19	23	68	26	100	45	74	29	64	0
29	100	18	97	9	62	0	31	71	35	100	54	94	35	89	0
64	100	57	70	0	52	55	48	95	53	100	68	85	32	71	0
25	100	12	88	0	47	51	31	89	62	100	83	85	42	77	0
70	100	51	76	18	49	0	36	53	41	100	44	90	34	84	0
83	100	47	77	9	51	0	43	59	44	100	58	84	32	87	0
65	100	36	87	0	59	87	63	100	82	75	83	51	41	29	0
43	100	27	92	0	62	53	53	100	73	80	60	50	30	19	0
19	100	35	97	20	59	0	40	65	38	94	56	95	34	100	0
76	100	58	64	19	32	0	26	76	31	100	57	79	36	63	0
25	100	13	73	0	39	50	44	100	48	64	69	43	36	40	0
45	100	9	76	40	64	100	70	76	79	53	53	25	26	0	0
44	100	40	67	0	38	83	39	100	67	97	78	96	39	91	0
100	100	41	74	0	46	75	51	96	65	85	82	77	41	80	0
42	100	20	80	0	47	39	38	100	37	98	66	83	31	83	0
44	100	0	61	22	28	93	21	100	50	69	93	61	48	56	0
15	100	28	93	0	62	13	37	82	33	100	64	91	31	89	0
37	100	0	84	6	56	100	58	94	82	58	97	41	48	47	0
7	100	8	75	0	45	13	23	64	26	70	36	84	28	100	0
21	100	0	68	18	44	70	45	100	54	69	70	68	34	65	0
77	100	41	71	0	40	7	18	75	30	100	52	70	37	57	0
19	100	0	71	0	40	51	29	100	40	90	62	82	31	82	0
32	100	0	74	0	41	58	30	95	57	100	67	81	34	80	0
16	99	26	100	0	58	45	39	100	34	86	77	57	47	45	0
60	100	46	57	0	23	27	14	100	14	98	57	80	43	82	0
46	100	26	94	0	59	19	43	80	45	100	69	98	36	98	0
28	100	11	66	0	33	50	38	100	42	75	71	57	39	50	0
26	100	0	76	25	52	89	48	100	84	70	68	42	34	15	0
53	100	26	80	0	59	4	37	60	35	100	41	65	22	43	0
45	100	30	79	0	47	8	41	68	38	100	52	96	35	91	0
37	100	10	81	0	56	21	35	73	41	100	44	65	24	52	0
24	100	12	72	0	40	36	25	82	28	100	58	83	33	75	0
71	100	31	81	0	56	62	50	100	75	75	56	46	28	31	0
45	100	26	70	0	34	21	26	82	25	100	59	82	41	78	0
61	100	29	76	4	52	0	28	46	8	100	29	71	23	82	0
36	100	22	96	0	69	6	42	68	42	100	51	64	26	50	0
53	100	34	59	0	22	62	24	100	43	75	82	75	42	75	0
20	100	24	85	0	52	20	39	79	34	94	53	91	18	100	0
67	100	58	96	29	69	0	42	29	25	92	35	100	26	79	0
47	100	36	69	0	34	50	28	100	43	98	81	89	41	84	0
60	100	47	71	19	38	0	32	52	34	100	43	97	37	83	0
3	100	0	83	2	53	49	40	100	52	92	57	71	29	60	0
92	100	50	79	20	56	0	34	56	22	100	41	66	23	50	0
33	100	16	84	0	62	24	41	100	48	98	46	91	23	96	0
42	100	10	77	0	47	68	43	100	68	83	60	66	30	68	0
81	100	52	87	19	65	0	44	89	40	100	43	78	21	78	0
15	100	0	79	1	44	55	25	93	54	100	68	75	35	66	0
0	100	19	90	8	60	1	29	53	24	95	43	96	30	100	0
17	100	0	71	5	43	78	40	100	55	91	59	87	29	78	0
74	100	36	82	0	53	25	31	85	33	100	62	61	35	48	0
26	100	11	80	0	46	69	33	100	52	88	66	55	33	20	0
78	100	33	80	0	57	69	56	100	68	70	75	43	38	16	0
76	100	52	60	0	27	58	27	100	55	98	85	95	42	90	0
15	100	4	72	0	38	48	31	100	38	96	64	81	32	63	0
72	100	19	78	26	62	100	66	81	89	53	68	33	33	0	0
63	100	41	72	0	46	4	39	58	32	100	52	86	37	77	0
19	100	0	76	29	53	98	58	100	83	87	68	84	34	86	0
50	100	63	96	30	65	0	36	13	8	85	22	100	30	80	0
34	100	28	92	0	55	46	37	100	38	80	76	65	40	54	0
41	100	0	82	18	50	81	39	100	58	68	65	37	33	13	0
93	100	60	90	0	55	82	50	100	78	90	86	80	41	71	0
25	100	0	66	14	33	76	29	100	47	74	82	48	42	29	0
0	100	6	81	7	48	97	48	100	84	74	71	55	36	39	0
54	95	22	100	0	61	86	62	100	75	57	100	48	49	47	0
34	100	21	73	0	44	79	40	97	62	100	54	86	22	79	0
16	100	8	83	0	52	40	40	88	55	100	57	75	29	60	0
53	100	30	82	0	61	2	39	79	40	100	44	84	21	100	0
9	100	4	86	0	62	4	37	54	25	100	42	79	24	84	0
66	100	39	86	11	64	36	45	100	57	66	45	32	23	0	0
62	100	15	83	3	62	0	40	79	34	100	43	79	22	88	0
25	100	45	97	24	63	0	29	43	14	91	37	89	34	100	0
93	100	24	77	9	56	100	53	96	80	74	73	39	36	0	0
0	100	3	84	5	60	16	37	60	35	80	45	80	21	100	0
85	100	67	82	32	50	0	30	51	35	100	39	82	35	55	0
16	100	0	63	40	37	100	37	87	83	73	95	71	47	68	0
19	100	0	78	23	50	100	55	84	79	64	68	60	34	57	0
42	100	19	74	0	47	7	20	62	17	100	39	84	28	82	0
68	100	28	85	4	63	0	38	51	34	100	42	88	25	91	0
34	100	18	68	0	35	35	29	100	29	81	60	65	32	75	0
84	100	51	69	10	33	0	14	83	11	100	47	76	42	71	0
74	100	50	65	0	37	3	36	74	39	100	61	70	39	51	0
26	100	11	78	0	51	16	28	59	36	100	51	85	26	69	0
18	100	0	80	11	56	53	45	99	57	100	47	85	24	78	0
23	100	3	69	0	38	58	26	100	45	97	60	76	30	60	0
71	100	47	87	21	60	0	33	24	12	97	26	100	26	76	0
3	100	6	83	0	51	34	29	100	29	74	50	54	32	47	0
65	100	44	76	15	53	0	28	64	19	100	42	82	25	65	0
42	100	0	79	24	56	91	58	100	83	75	61	60	31	49	0
34	100	24	84	0	51	28	36	93	35	100	66	91	32	84	0
78	100	32	74	0	43	74	36	100	56	88	64	60	32	38	0
14	100	9	91	0	49	57	40	100	41	88	86	65	45	53	0
30	100	17	87	0	52	38	28	99	34	100	71	85	36	78	0
43	100	25	88	0	58	23	34	93	53	100	53	75	24	68	0
37	100	8	68	0	32	48	25	100	30	96	64	95	36	82	0
24	100	9	84	0	60	41	43	100	53	76	47	72	23	80	0
8	100	0	83	15	51	99	53	100	80	90	68	85	34	81	0
25	100	11	86	0	60	51	57	100	71	92	51	72	26	57	0
41	100	36	64	0	30	45	34	96	46	87	77	89	38	100	0
67	100	44	80	18	50	0	35	65	34	100	48	91	32	89	0
50	100	36	64	0	32	30	26	100	31	87	66	68	35	55	0
9	100	1	82	0	48	66	46	100	77	81	58	59	23	48	0
31	100	17	75	0	44	2	15	60	20	100	43	80	31	80	0
0	100	7	77	10	45	66	34	100	57	96	63	79	31	75	0
0	100	3	84	1	63	7	43	52	38	55	35	62	14	100	0
33	100	21	70	0	37	29	27	83	35	100	62	88	35	80	0
56	100	6	76	0	55	78	62	100	84	68	57	44	29	32	0
12	100	0	70	64	68	100	87	82	90	67	60	54	30	50	0
32	100	23	90	0	46	57	28	100	35	75	80	46	45	22	0
62	100	29	92	0	69	11	45	89	47	100	44	54	23	32	0
25	95	0	69	10	34	92	37	100	69	62	100	69	50	70	0
85	100	49	81	17	60	0	38	60	32	100	43	70	22	55	0
81	82	59	100	0	64	71	46	100	60	74	93	64	46	55	0
21	100	15	75	0	44	36	33	100	35	69	44	40	32	50	0
32	100	39	76	0	48	11	38	91	39	100	64	86	31	71	0
26	100	0	88	0	66	7	45	48	27	95	41	86	21	100	0
24	100	0	78	2	45	80	45	100	75	72	71	37	36	8	0
75	100	46	62	0	36	37	42	94	44	100	82	72	43	56	0
10	100	26	94	18	72	0	50	41	36	100	43	72	22	77	0
28	100	5	80	0	53	17	29	62	31	100	46	92	27	87	0
39	100	21	77	0	47	27	37	84	36	100	60	88	29	86	0
25	100	6	70	0	38	56	34	97	53	100	70	90	35	84	0
40	100	47	79	15	45	0	28	80	25	100	51	92	24	95	0
21	100	9	96	0	68	39	51	100	59	99	57	91	29	89	0
0	100	11	91	2	60	47	47	100	62	72	57	46	29	26	0
74	100	39	73	0	48	52	46	100	48	77	83	63	41	47	0
6	99	17	100	0	65	45	47	100	55	94	72	90	36	84	0
31	100	4	77	0	53	34	33	91	37	100	45	72	24	59	0
59	100	31	75	0	43	30	45	93	41	100	59	83	36	82	0
11	100	28	85	15	53	0	22	53	22	100	42	91	32	92	0
0	100	11	93	7	62	32	44	68	52	100	58	86	29	71	0
26	100	0	75	2	47	61	41	100	63	93	56	84	27	75	0
35	100	16	68	0	41	92	36	100	74	96	76	83	38	71	0
0	100	13	96	4	69	11	42	61	43	93	53	87	26	100	0
39	100	0	74	19	51	81	52	100	70	70	63	52	32	44	0
36	100	7	79	0	45	37	20	83	32	100	66	83	34	77	0
72	100	44	65	0	36	39	39	100	47	83	70	55	36	35	0
76	100	33	83	0	55	43	39	100	52	87	55	48	28	15	0
25	100	22	71	0	51	52	52	77	65	95	70	100	32	90	0
47	100	15	78	0	50	40	29	100	35	91	54	74	26	64	0
72	100	6	80	0	50	100	54	95	72	67	87	61	41	77	0
40	100	0	58	20	16	92	10	100	49	77	100	66	54	62	0
60	100	0	73	11	49	100	53	88	76	64	83	59	41	58	0
48	100	37	83	13	54	0	25	54	23	100	46	78	26	76	0
0	100	4	68	37	49	100	51	88	70	64	72	66	36	62	0
26	100	0	77	7	47	68	44	100	65	90	64	85	32	81	0
70	100	42	81	6	59	0	36	90	37	100	45	69	23	60	0
51	100	11	91	0	59	34	34	96	49	100	57	62	29	34	0
20	100	7	84	0	50	65	50	100	67	84	68	77	34	72	0
87	100	54	64	0	31	9	25	96	33	100	65	70	38	41	0
13	100	0	72	13	41	69	42	100	55	68	77	43	39	23	0
51	100	14	84	0	53	60	47	100	69	78	61	50	31	37	0
55	100	32	80	0	55	61	62	100	74	52	84	42	41	28	0
9	100	0	78	1	48	67	45	100	65	88	59	90	29	97	0
16	100	1	84	0	58	29	39	74	46	100	51	88	25	78	0
22	100	0	81	40	60	100	66	91	99	64	67	46	34	34	0
55	100	33	79	14	55	0	30	57	24	100	46	64	25	67	0
27	100	20	79	0	54	10	31	62	35	100	50	81	26	77	0
58	100	21	78	0	47	39	23	87	34	100	61	69	32	54	0
41	100	1	61	0	33	67	36	100	46	85	91	64	46	43	0
80	100	52	63	7	35	0	32	67	34	100	53	77	36	53	0
3	100	0	95	1	61	41	46	84	53	100	67	84	34	88	0
35	100	8	73	0	39	58	24	100	44	100	67	79	34	71	0
7	100	0	96	1	72	7	48	38	38	66	36	70	14	100	0
51	100	36	83	3	52	0	33	67	38	100	53	83	34	70	0
15	100	0	78	3	46	66	43	100	58	95	72	92	36	90	0
26	100	6	80	0	48	63	43	100	69	98	60	86	27	83	0
21	100	19	81	11	50	0	23	65	30	100	43	65	30	68	0
37	100	13	73	0	45	64	40	100	50	75	61	58	30	43	0
43	100	30	82	5	53	0	27	52	39	100	57	83	29	72	0
42	100	19	75	1	49	0	23	54	17	100	32	84	27	86	0
23	100	25	91	0	53	19	42	92	62	88	62	97	23	100	0
49	100	0	70	24	56	100	65	86	85	44	77	21	38	6	0
