1.5875375722321783	2.0914984331691384
2.18605894630904	-2.2320932594015632
3.2938185035932372	0.8152833837391511
1.8990024330587927	1.013579699947474
2.3632091217629574	7.494967310887678
0.9780610833935413	0.6343729487719161
0.28886350611889955	5.757381894010875
3.068650817490581	-0.37125816143413415
2.5435039245193463	-1.6176497938011623
2.2910078854730593	-5.336002517782946
0.6221696468875535	-0.9444627765043632
1.7998872214979738	6.867795253932865
2.450295107941283	3.2826402414232887
2.8025605285021733	-4.702021128674407
3.858461765252763	-1.0952032200020758
2.248881940246301	1.1377557065065633
1.2412433603374593	5.3912564507225875
1.7797280296960019	5.692655402604588
0.7914187998774591	-1.2072374199728588
2.1155531754142376	0.16478075760640642
0.6594929722330436	-0.6172983791413782
1.976463341730351	5.656053074370551
1.1027535820412475	3.339206004527999
1.2905833398048605	-1.1570030250360288
2.803976004734836	3.8673303786496556
2.8172246843499984	9.879835296090118
2.472541127537172	2.44674961392582
1.3032413478440885	1.4913691762316073
3.4682072114124063	3.6376654239722037
1.6802944673960032	0.9778180693553196
1.6924334857838788	2.7296064299615566
2.652662618505899	-0.6856352638798153
1.2121167443411527	4.138637260126783
2.269284748047024	-0.3803747743061683
2.0776202646482895	4.552439931961123
0.7674765260397836	4.583072061291401
2.9855597119996053	1.1435857018409552
1.9314654052102493	1.2136585734419996
-0.28897936345202657	3.830366699203015
1.8641389308677574	-0.5116552568824146
0.7080863134612974	4.603135483802786
2.3196450004875793	0.536357552755041
1.3092159205096976	3.649899925802253
2.3490466604340297	1.511225281665704
1.863668972733882	-2.727052035474699
1.4280053316466699	3.4204531485493996
3.3347295906295313	5.917191144637457
1.1499372587755368	3.5885689388166786
1.8181607167421552	2.509248450198565
2.579972988593613	-1.510374368707951
2.0590795482711277	2.7067704653252482
2.0396794282930015	5.3454353567987205
1.25948647584763	6.835158595332721
2.036877395351155	1.6707454579575822
3.6890907342223533	2.4541143524354783
2.3815322781396917	1.5804422887751866
1.3844131280424703	9.596436210369237
2.630162178777553	-2.1214080931850843
2.234441910254802	4.652213024980005
3.508791034061218	1.9795870900355477
2.695720629949622	5.314437622036767
3.2681179002819807	0.04901509021087458
1.8959091218005648	5.652069483673387
2.6764138250507483	4.289399255456857
2.80680652070746	5.6839490765635245
1.945076178723433	-0.02224539482250254
1.511719661347257	3.810593058798281
0.9269490145261801	4.5748847560702774
3.811633552144621	2.6443980514904775
1.0614395221619282	1.7233896348209565
0.38867483841711814	-3.8816963119286747
3.335821703269926	6.074419605238391
2.863399933003601	0.6377256288758641
2.8513874426152914	-1.4198569301781774
0.33161412708649696	6.635615017057642
-0.5068575350732871	-1.2173672100773243
2.5735109416572453	4.314974523207868
1.6443117342231466	1.93922695878636
1.9559019816193481	-3.3525559850520814
1.5316467905921751	2.680445323135616
1.7906594279938362	1.2873020913606328
3.0826156022388647	4.258331132171996
1.676339464806524	1.5739416882061716
0.8723190009916686	6.153619979384837
1.6271501084281694	6.832699586687196
-1.0026794744862344	1.6612320565911634
1.4081542402545326	-1.630344254763716
3.1858133986044814	-4.1188493216178275
1.0213584959228805	-1.7096595016447464
2.5843413164558298	-2.495625291062849
1.788247336332206	5.901578683509086
3.0243302870607423	2.4896173526491086
0.8850044940980979	-0.44179113845783524
0.5305220190743496	0.05747378317976892
1.860846181840172	3.6397917105044293
2.6540622458061076	3.047055820161037
-0.707059557352534	2.368830997587499
2.0833252654830674	2.5480269724445477
2.381192321631306	0.07484288460036748
0.7566317281068882	5.396751049835926
1.6240696330600755	5.030328150537088
2.5303114851968314	2.8370836984185326
0.9707723278441409	-0.2003036822262061
1.4629129947498394	0.7248844262695109
4.533094726417586	2.4722183487704283
1.3930647786279768	0.7695590481054759
-0.06930388556873135	1.6565671627568106
0.9853096683011617	2.140080823712924
1.529523816732627	1.8174486369449805
0.6970493040383754	2.4551517191341943
2.399255524085579	7.191920148590415
1.4185280682451196	0.35852209611827357
1.9633890834573622	2.5231993015712377
1.270255303315968	1.050285655995828
1.1995989486534744	3.722310375862384
2.1187382321749757	1.8102667379918085
2.2498996031166305	5.063545403737327
0.5563867155440592	5.306535177632629
1.7901868361428757	1.3512570628141056
2.740074850197005	-2.398801597422241
1.9867921787113412	0.66408310654933
1.744478589010644	0.7677828686886683
1.2454089081984694	4.072536843339134
3.4374125693896245	2.79369166355806
2.051032957675307	1.6735443484729093
0.8515283431167495	0.5136069522134854
0.5518372789418637	1.2354054271186663
1.0199005871896922	-0.18846034082449936
3.692590105253304	-0.11654776023637314
1.6971684948333068	0.2561018269260509
3.625389717524645	2.4480962626373883
2.836374617233603	0.5042805213849877
3.139410412198065	2.4616428960724215
2.4751194661580738	1.5657693277392923
0.9396739037680892	1.8203484503573701
-0.964372911451735	0.9654513697747673
2.374606058662414	5.95760265627152
2.6752237847621725	1.4455273316498363
2.0567165265226786	2.619946709282017
1.7937816484444717	7.742969976005314
2.3590178279074903	-0.15455073265731345
2.5721982947808115	7.000714633283334
2.779849356470102	-0.6637486431912438
1.620381494595596	1.8156955914644877
1.4572658078712108	5.623847610272707
3.223983159081082	0.45247258305600546
2.0734082932793005	5.741212071533882
1.3298824881871827	-0.6593299613285919
1.00737318090978	3.3821156513762762
2.6288245765191416	-0.7619764087003853
1.7041025762011794	-1.9884527301826154
1.3851220083640725	5.802961240154899
2.270947490700517	5.2873848966034505
1.2891011051376253	3.957833096867526
1.4512632749812027	0.577721359154431
2.3878484286334825	7.908270743451363
1.5017388370082625	1.953606861309248
1.5035207786817437	8.093449400057168
2.370928756071711	2.289377110543042
3.1210664870739713	2.5920885261664823
2.988126558550228	-2.0113651686764555
2.2511037251514017	0.6778595250363979
1.2606008580582904	2.8801342133253414
2.26411368106447	-0.11330573065185234
1.3510469655931114	0.8743558429728115
0.39940119111370787	4.759471099072043
1.3303795959387725	2.8071067900844167
2.054516615327283	-0.4535099049847098
2.311586441383839	6.419498532351037
0.7788799161589035	0.8165732008086879
2.412115846824164	8.446645595135053
3.2435794128233164	1.596919594511641
1.608851859804739	7.03470021105333
0.7959274551133895	4.325949690898817
3.3433907326447088	-0.8820862638463001
1.7924700213220628	-0.521800947057617
2.7713700645375217	-1.1808968609603037
4.0903548752494	6.477216715366495
3.3110379641086203	2.253677863861975
3.317076116301809	3.5942794811419407
0.9008442803827217	4.118748920200677
0.8103500727791808	-0.5803872368278764
0.2521293376847309	3.4422802859645505
1.6819960356717498	3.9907433863000517
2.9061993360377523	2.020368604517606
2.2057748450737704	3.3576714878305727
3.7944694136272865	5.577909559155449
0.2685894578670427	4.246459712150127
0.7887662165867	1.7014827966211676
1.9719732612050966	-0.24163492397872233
2.0093637237706017	7.53227172415572
3.1860385867713603	1.1998311422324772
1.6665265391619093	3.655849227522996
0.6232538710872151	6.0584551065997605
2.931640627594169	-0.8259455267766556
1.1077021270566467	4.84086747508348
2.227880825890587	0.9340690392930131
2.728068831293236	0.30124705201547286
1.6071822979811554	3.1761740342617797
1.6478989037742215	4.030819209944975
2.5956903805120324	-5.899694685515696
2.137825410515669	-2.340323282203821
2.1958457854143347	2.384252194637006
3.0159571097356292	8.276396630696949
1.458457596860932	-0.6210330766996579
1.4992632151985874	4.146184389517337
1.0431075359219812	4.287648601645271
2.2921900676050546	4.734418713264839
0.5473648314436639	3.748550774046614
1.8433864346603233	1.8149731188249654
1.213918726338194	0.929094466182331
2.6593573349026856	-1.3640969543848085
4.004310268988359	-0.07324518044032136
3.3381100026659585	0.10016275509445549
0.18913569856946388	-0.058171228825147026
2.20296781093757	3.4534060746158026
0.9158437062464131	0.030558625769378844
1.758527634809533	1.461665274140553
0.680242100209522	2.423187869607465
2.344111347016082	5.336449667529662
2.1405564815763127	6.150862937906522
3.0595860265535624	1.439523350641907
1.5329195299312606	1.9625398606867681
-0.7320806639865096	-0.2627890874813277
1.9988109751872736	2.3375812036546777
2.1748534102122834	5.705601027341545
1.5194902880697296	3.726215679366633
1.5300736859518274	-0.48147821513482825
2.597579080680476	2.715468535827466
1.8803865782863367	3.8438302355012075
2.0288969612451537	1.9975848900003126
2.9124923695931977	4.47229602512013
1.3206370715881466	-0.04709718298589172
3.853133662760125	0.6280178461208081
1.1895504190851378	-0.0019312125236075062
1.9516449254337573	1.431386331159711
2.2434766631601146	1.9483537352139157
1.046873565868581	-0.3381203493566516
1.7910960072779047	2.5603400423030447
2.276133922937543	3.0465562754609037
2.2210404814084823	4.0980687013513055
3.2083240437893994	6.988252247803246
4.380606801952945	8.019511905435586
5.524958312138229	5.567770633118502
1.6981504749526237	-1.5419745311992306
2.325832676661572	1.0799193732159864
0.8232320120073526	4.935055751053447
0.6716071267206771	0.6993668719158439
1.635061720389462	1.247043684023518
0.6278014792927356	-2.1702633249044876
3.0246969636504146	-1.767179604055221
2.9447145532674313	3.0046223920666297
2.571813694892796	-2.238496795314772
3.7854753768244236	-0.02687799792255019
1.8942566528290703	1.6047253743239764
2.1144105587724527	6.211615706343752
3.3651753460897877	-5.355593722108724
1.4350998704644136	2.6636082572630837
2.695710706392336	1.5313743147583714
1.6222801829887028	1.2298715225144141
2.863594998369738	4.414394168757449
2.7324255169425684	1.2999936787016075
1.2186910085748988	1.2039114817150665
2.3677959438118465	0.7643908658582945
0.2786327753281872	2.537835889208373
2.4675631864074523	6.707421136594643
3.047158028164053	0.027385009289197182
2.6630280762280134	5.935419949220423
1.110476208206649	1.5282569731027507
1.5655052979936954	1.3312458099688333
2.863929275472811	-0.2419460789817447
2.6728160047172222	8.381136748300587
1.1689074295759918	4.28146527063209
2.749176998951176	-1.3237984236155387
1.2338333476795331	2.661673123153699
1.3913829219800813	2.9405854009409644
3.143499760956332	-3.521690240117879
1.7816486442900716	7.528092060231215
0.5342708084601044	-0.6915445561802209
1.6867628126287657	3.7884654714176254
1.4986135082663072	3.3647837767118123
0.9157180003236933	7.790954428761942
2.7275213195868595	-3.417307148725653
1.3006641117803066	5.945311497938898
3.210919534788392	1.0042736179880865
2.78099210874008	1.1106076704003844
1.9093477347646708	-0.03851053894798273
1.9208402398662217	0.6170778770159948
2.0426906258933766	-4.046710935172588
2.8674689466642693	5.531790633500377
2.598714981135703	5.976201137067373
2.9563202543228875	-0.5313184289740236
0.6971304018788087	7.261678089829706
1.9490155780838085	-2.7322333898339686
1.1264077675676747	7.072206241943624
2.4614357687582804	0.0026666607043446255
3.945819400814764	6.917954496914702
0.41427085475970804	2.1419565918031775
0.36395920994121767	4.736803047205709
0.5559291326157971	0.515991022569324
0.4726654999998652	4.384132226300408
2.7347915576763606	2.4045775336977
2.742431263542859	2.2360937097133897
4.206776689284782	6.280094763449665
2.8862222505627617	2.225356118274895
2.3274556643212025	5.131450146198836
2.977716304323832	0.9834634409564826
2.7370677746110075	5.058632026033729
2.445857566079103	2.564552890049373
1.9559867309911074	3.845848619787999
1.9159374768988404	-0.5497285925969839
1.8666430662975593	2.7725044250804407
3.134194200938728	-0.8570854632590779
-0.537181432206872	8.034988506812443
2.866347833080644	0.7516284671594031
3.896600828987702	7.087646517455035
4.825553426288032	3.9612681737704056
1.5416409440302439	-1.544749315009931
2.966448034170076	3.440197563263624
1.3639797039125323	6.504963360854095
1.6758645490231223	3.2357540925098824
3.119072251260177	0.8835167667504995
1.963086815842392	-4.847179500326902
3.431403328524252	4.148253616839136
0.9659027099824784	3.1384682691468653
3.090149277877912	-0.027578113703930818
2.236379907724595	2.733828622008252
2.5677960754694884	0.5212030008238786
1.460750006911601	9.294347891717141
3.03177971166506	-0.30400424745943777
1.780368992867602	1.0352443955785187
2.0492001843064154	7.715871121443436
1.7086183002416906	0.021800771135980668
0.2911906703380167	0.36640497958748997
2.2679289976875587	2.3273074268389946
1.575771609373419	-0.5637300221616068
1.651637354115915	0.640622066404342
0.9771225292910017	6.925484022232004
1.6381943647034427	4.053949673319299
1.5810191397342095	2.477331708878798
2.049484189139649	2.621914176188117
0.9358875897231171	4.534825327883454
2.32749484678547	3.8941524490657495
3.039088935647112	1.6930743661867969
0.9963044071572189	-0.7754694302980147
2.218337570730338	4.272367759907704
1.9875596323679008	4.846821474065431
3.0447942703331505	3.7901081483608836
3.24176127394475	3.7055867013452333
0.7364010550848401	-2.350597655161909
1.8872775936926958	-5.240331047736034
0.6836189425635231	1.8108184217004357
3.284251538599669	4.01082710748496
1.5585739963059528	-0.5604438287933156
2.9556763301675972	-4.5444340260646054
2.8677392424382564	4.859944349831524
2.885188478083775	3.271764987253504
2.118435936808736	-2.4240717564350014
2.434822760936356	2.7835860946269033
2.555317242126011	6.898117593997385
0.49778303805393453	2.318651050886344
2.5317719216771852	-3.3478976988567757
2.956846206095449	3.686640608929075
1.9079408908012414	0.9299708833752718
2.1283120582111557	2.397310990757372
2.913856066955311	0.6698318752099324
2.6851693877566363	2.6369679281684055
0.9386870639536642	4.229144981391578
2.5592786897461175	4.867213773838246
2.741077570914089	-3.3274500454297113
2.5977080045429837	3.4007898317530603
2.184490813800606	1.3255834113958813
1.2781620667229157	2.138549217217527
2.656264206203019	-2.851762838139943
2.15353327884983	-2.5666170378616187
2.872027212423679	10.628210318766733
3.6589282111904375	3.488877090656186
2.747537225606508	4.059623589864335
1.6816355134505314	2.7218218998099037
3.250778833401416	-0.45013886299209016
2.1376384164922384	4.398979535657692
0.732370654894831	5.971445072402381
1.1157543268710923	0.20535629216264373
1.5009986278873066	0.50711508038081
2.031979112161797	-0.909793560777
2.2630686934531	1.6566579330092153
1.6096204715205924	0.22762028195667394
2.9780302082727745	-1.400882818112816
1.7109141016205367	0.991564214722934
0.32123021623193426	1.8808207829742356
1.7369665257565212	-1.1430553529368424
0.6009619591583271	8.979844733762173
3.282748328963514	2.639294793045096
1.388928179065898	-3.7134494544808216
2.523973806672873	6.303887153799934
2.720995131376628	-0.5775502561604955
0.8580086723743905	-2.4183861894295244
3.4739863898616585	3.680796550932294
0.5431402323126873	-0.3925625856319397
2.49806220248872	-0.7982953862960209
2.5613136457458623	1.010146991752927
0.7276702311483545	-0.508149718992541
0.29018537679104717	1.334146582454331
0.7495649695532751	5.7792987066157195
1.4657812666769092	0.7360215026268895
1.0331438365438745	-0.8253666695020327
3.8976691372133345	6.4070077328753055
1.2972118417197283	-0.7776457653521267
1.7684402175803933	-1.7895425069976856
1.1349816639545265	-1.2936872640140669
2.371875651632072	-2.010197124899144
1.5820460751852377	-0.1458288624997479
3.232452145454081	0.998991042129149
3.645196672759993	3.225574378429213
2.215669812475385	1.1658055067680717
2.493803298369338	2.4501059847135216
2.9233970825943287	4.2896311291958025
1.8251575347361928	3.451250578825672
3.5034568649162985	6.280775686450548
2.25194714139127	2.525650021445716
-0.14197837713278094	-1.5259813980194963
3.4960170067455687	2.6221870706729566
3.4240881770121927	1.1662198178363519
0.846529475998204	-1.180453372424835
3.4194080260468525	3.5161601049864677
4.791852838694838	5.225651770295012
0.9099842414006785	-0.010627329690299003
2.517092081568497	3.6467624254148348
1.9077976875721891	-2.0244047552099573
2.4293773124874187	3.498305036920315
2.0335800558182426	4.2123790273519734
4.492901896192435	-0.13891770534717818
0.7926235135313051	7.241818682547892
2.2987579622725027	0.7848486448436713
3.4597031216816427	-1.0974379541954824
2.361352621634084	1.155831858015898
1.3144157909210086	4.881799976890795
3.4878687040485676	7.999785405848284
3.108819280094863	4.513202224634278
3.2097179479268805	0.8072614461988614
3.357789752521776	0.6498933680277212
1.743777597539253	0.48306329737530374
2.184439836434956	3.7236143965744795
1.4576961178519818	1.258869447357715
0.06971924640287397	3.21735756172313
1.8267651999609191	1.0776006992465286
2.214440445552472	2.5486560157061486
2.3987786681403227	-0.3599271872501353
2.8174099460282442	5.73224713359088
1.5596723662459668	1.5707748756697113
2.7079662384258762	0.5711341731886088
1.689974091492902	4.032042942431477
1.7465259888911118	-1.1079776448372343
3.3680398777720812	1.5047048513819834
0.9627990968418225	4.297323866885994
1.963902840739166	-0.2529532478719485
1.6965877971085241	6.108305378052129
3.2928676933635352	1.39606651303267
2.4233515632153684	7.117955018955121
2.4660625923841932	2.837874008474957
3.530803502507627	3.8687875495128834
2.6847696661756486	5.393269974563752
1.6889407299439474	-0.4858870868227463
2.310928504438185	0.8048292933698313
3.5164938958951812	0.05647270049391051
2.4182952972579144	3.8299948686077596
0.7558459335073067	3.7812510270118453
1.1975838213955659	3.9424957528621887
2.6257687955007056	-0.837773259332923
1.4264829362598237	7.784478212648841
2.2576785969954947	2.359152949850805
0.9465278513844531	3.531591901707128
2.4912757950317315	3.6208447925381915
2.073797232710691	2.1098053940447867
0.9059749779930868	4.715982625863937
1.3763358842723297	0.5530021311609863
2.4598340953076727	4.501982259031396
0.37693276288108124	2.7260306736879727
2.8063062626374764	-0.5451192208219315
2.227362806526642	3.1309934870441394
1.0000487464858954	3.343471489232498
2.849429672883457	-2.861087576452503
2.68446211461268	-3.4937107699266985
1.856014798944515	-4.714838387255133
2.753312349663936	0.3844752302928143
0.7485532742045313	2.7918296116303027
1.782373163132276	-1.3239244752536314
2.440837754516497	0.9468451513138048
2.933619636774666	-1.160781298983558
1.5156436183976485	0.42768839754700827
1.1891285150428215	-1.6902290615337874
2.680247760353338	6.264069611346532
1.4884515692831743	-2.2019969159011783
0.9817071577152117	-1.1126608556644353
0.312936186183435	0.3761548112039592
2.352830730500441	6.08538526710838
0.19275026965975983	-0.6612474955191323
0.7323462653515536	-0.974229709851921
0.795036372903736	-2.325287006016554
2.2811062624554164	9.043332636294728
