42.805798	-59.570007
-45.28876	37.462906
-11.758149	-74.803635
-58.966137	-0.7873662
6.71276	65.07923
61.911694	56.71745
-8.562072	-39.220226
-22.058947	66.28542
-41.07977	27.15333
-58.426044	-38.050003
-22.679388	67.353485
43.44204	-56.306477
-14.402754	32.190804
42.572014	-59.62257
-61.813393	-1.5498893
31.702057	19.64466
31.742153	-0.21795851
-22.083885	-24.085535
-20.719429	-25.290504
-37.47385	-2.624062
-6.5052166	73.22824
15.318655	-6.2701855
-35.63978	0.9735172
-47.85331	35.5421
-37.882065	45.66063
44.41157	-55.32458
-12.583499	-16.175453
-4.524397	5.0663247
-22.055742	67.25738
-26.773163	65.22489
33.305676	23.393545
-32.003353	-53.561436
-8.812397	-50.58919
-29.617313	-32.703217
-22.227137	-23.966434
-77.676704	31.208307
42.02638	39.856667
34.31935	9.462322
-44.091187	47.325226
-5.650326	-17.657518
41.384815	46.264465
35.47923	11.125007
19.742586	24.370218
56.9908	52.725056
-57.560974	-38.14367
29.928495	-57.175007
-8.843167	82.68959
6.6613393	-50.68177
50.544666	45.13368
-35.212387	-56.057076
53.676937	24.755312
37.50775	58.945847
53.250637	25.07451
64.04267	55.26946
-19.101522	-40.75964
80.93126	6.7097354
78.20663	8.66059
24.74642	70.87525
37.78644	59.471695
-22.227135	-23.966433
12.660976	85.642944
-3.3242073	-11.079499
5.8501763	-39.93437
-43.060673	44.94362
-42.356228	49.50385
-5.033019	-56.91958
6.344301	-53.765636
26.565083	7.526392
10.430288	46.323654
-40.95616	27.195404
42.296654	-60.46344
-6.377465	-15.187955
-5.5423613	74.31837
-47.8384	-48.37125
-22.440687	67.95151
-12.209676	-67.08016
52.836033	-3.44973
-30.735939	-57.78711
29.558517	20.770342
-36.60582	-46.436165
-61.46147	-25.54002
-18.167204	-42.271896
4.1247396	-59.347042
-23.753204	57.167286
21.565329	17.484663
32.376778	3.7134943
-1.0879662	-51.73209
32.69477	19.738735
56.88091	-10.518786
-26.285294	-68.93737
30.773636	1.4920247
44.718338	13.557763
-11.663257	49.464222
-15.902763	-75.48374
31.3737	20.277405
-13.40983	-17.251108
15.208134	24.885763
-57.09672	-35.602776
33.709415	25.049664
45.841064	-52.67833
-33.446476	-58.00113
20.775415	17.277275
35.884655	0.8658638
40.574215	30.947178
-37.282047	49.61601
39.876842	30.268158
-17.09407	-49.46916
-12.787535	-17.846489
42.80251	7.462785
28.928907	1.8130002
45.230827	21.511875
3.9080224	-59.598896
-5.361907	13.920222
49.408043	33.42648
-36.10925	-55.64493
31.043398	-0.4689819
71.15743	42.527115
-34.558086	-52.247707
28.947838	15.643922
-15.650796	-70.630936
-3.5526602	-40.565716
48.709614	57.99662
39.585686	30.24104
-6.6623764	-15.655044
49.572094	33.083252
48.56769	21.474783
29.273209	-55.633766
-2.403009	-45.79373
-28.164297	61.29257
-3.5662258	18.99455
29.477613	49.216732
14.118099	28.623898
0.08745834	82.00313
-37.315155	19.82359
-43.246304	-67.20662
-11.745178	-13.69503
81.924515	15.062209
-67.427795	40.36079
-16.695127	-47.74734
-41.750694	48.05168
-33.985146	64.62329
-18.864857	-69.92579
61.978977	55.665302
-19.690979	-30.2388
-54.4514	5.1267095
81.922516	15.060033
77.09362	5.465574
10.897298	-58.442814
43.89948	-55.315094
44.921005	21.511232
-21.864365	67.81781
-28.745941	-55.07189
42.01608	39.867207
52.39894	33.543045
-26.327435	41.55841
-54.92382	7.7952666
-34.595882	-56.649
69.12358	-0.3679306
-0.9764254	-45.001804
37.01418	59.23494
37.137047	-43.023743
32.870945	23.540648
44.394184	8.267768
-11.301712	49.16695
-42.819405	-23.519497
-2.5699036	-11.331729
-2.0505214	-42.992943
-24.872202	3.2122176
8.8687315	57.29579
29.5011	49.375427
-13.325091	-16.56533
6.5772204	-37.746624
-19.906727	-39.947826
-41.13098	42.815
-6.8906484	-47.624073
37.03591	60.657215
52.053078	10.829056
1.6747533	58.960754
47.3828	-56.977936
51.559536	33.775036
49.9206	34.425537
-1.6731329	-45.766026
41.756573	39.523445
-41.58083	46.44247
-3.1875997	-11.865037
-11.664254	49.471024
56.958447	-10.808623
15.92245	24.82138
41.6442	41.574574
-1.2502497	-48.574493
-17.936068	-47.14674
79.088974	7.2245145
29.940216	44.288967
-19.06321	-17.973263
38.661892	59.901314
37.401245	59.41598
15.40721	50.57806
-42.392498	47.76262
-16.613176	-46.965794
12.511277	-40.740868
-16.613714	-13.435047
62.026207	54.741802
-30.859522	-37.220825
52.306576	12.468639
0.08845106	82.00431
31.06576	0.4238508
-27.172445	68.67351
-50.124138	46.862785
6.3252816	-39.36546
21.144417	16.519178
34.648174	9.275862
47.259888	-56.91559
1.3749152	-32.73172
40.797905	44.108894
7.205451	-53.45285
40.05995	29.934538
22.574766	14.665451
49.55251	-4.4807296
-35.68897	-57.915062
-13.676451	-17.882925
-34.577904	-55.673805
32.25699	0.5787479
71.12561	42.837513
-6.6815414	-14.528356
36.824078	58.391075
-43.871296	48.28895
-1.9898986	-29.030373
43.125095	-55.470608
-18.036896	-18.08225
-35.895126	63.505062
-47.86815	-51.28512
62.349705	52.375027
-11.446054	49.951416
14.85569	23.826824
-3.5593128	-43.28198
41.721874	47.94712
-6.3232646	-15.283894
-34.560326	-52.41555
-16.279213	-13.280415
16.054737	50.707493
-35.035023	-60.3736
-58.039474	-37.613297
-30.148367	-32.526325
56.642063	-45.959206
-25.89603	-69.1798
-14.472752	31.903383
-0.6466362	-43.65895
-46.915104	37.587463
41.218983	31.572666
-47.895164	38.468266
-58.500553	-0.6656665
-17.913157	-28.872837
1.6069441	-48.870785
5.691133	59.806473
10.489523	-48.79139
23.55114	46.698532
-5.1763725	-56.156322
11.279923	-82.65605
-33.22678	-33.592155
39.554832	24.016792
66.41837	-33.3995
-16.889296	-41.260147
-37.10972	19.563122
47.426556	-67.01843
60.61695	53.551586
48.704994	57.991314
-65.921585	-5.2419825
62.974716	55.951538
-36.17071	-26.413671
-7.979268	-44.870083
-35.14452	-54.847145
41.83948	44.120834
-65.72576	-3.6101296
28.275808	-0.8616175
12.781594	87.42977
-4.605764	-50.45095
11.212739	57.339176
30.632896	46.5281
-54.67868	5.8085847
-15.644936	75.96419
-5.9871078	-14.671835
8.525175	64.21533
-45.606693	37.484005
56.123135	-53.21638
16.334574	66.30885
-2.738049	-44.155888
57.589226	-42.188656
6.222351	60.226685
-4.554385	-44.32118
14.963038	25.541441
-4.9747157	-57.247314
-47.775322	35.71479
5.1986694	81.486435
-58.570156	-37.1178
28.345612	15.895814
14.294042	27.9677
34.678448	54.861347
-57.095287	-35.554993
-2.6143532	-45.063786
42.420197	-59.437355
30.452868	-56.953213
-19.395237	-18.00349
-40.28727	46.00619
-59.03097	-38.805885
-37.11087	19.561945
9.805862	9.502169
60.077137	54.988087
4.6545787	-58.74689
44.713882	7.5289617
-3.6256332	-12.235783
-42.241894	50.789043
-6.4782763	13.566465
36.046284	59.07949
-30.935663	-37.536537
-10.933733	7.9597406
15.102717	24.846466
28.730255	1.9398699
10.910933	-59.175114
41.330147	44.1207
-33.280403	73.49107
1.1804948	59.606297
77.067894	5.2660484
-34.581303	38.134438
-13.816315	75.82139
-1.9383556	-45.160515
10.974482	-60.07445
-36.361538	-1.2272856
1.4890469	60.383873
-36.920593	19.31823
5.0633435	-57.827217
29.79134	20.646055
-44.01684	45.97595
49.034378	-43.089058
78.909836	6.4437094
44.446327	72.95664
18.315979	17.204205
69.64466	-31.924173
-57.53537	-37.468975
-16.624323	77.57274
46.111217	-52.224907
32.49854	-58.799854
31.450947	18.801638
-46.578125	50.95461
7.1433845	17.823946
52.21371	12.504958
-36.73104	-1.8053598
-78.154236	32.77926
7.2519736	-52.533585
29.292473	16.13646
89.636925	1.8182725
-18.078915	-17.693739
-8.569309	-50.410877
-5.7704315	-15.338329
-19.104084	-40.738132
-5.2254453	-45.525146
-8.307038	-39.07585
-13.809086	-16.90407
41.791855	41.644787
12.131358	3.254867
-6.93407	73.398964
-7.6592774	84.39365
43.58409	-54.59391
62.429474	55.10104
-12.322318	47.802193
49.631798	-4.363577
-42.041965	64.116974
-25.66552	-79.797905
41.01312	47.946835
-41.07977	27.15333
-43.530483	-66.62769
-21.407705	67.43082
-42.039806	64.11218
12.802591	87.7376
-34.128445	64.32377
56.6472	52.602707
-61.22202	-2.6359086
47.3828	-56.977936
-23.4835	56.945805
11.016492	-53.6074
4.083747	17.020996
-78.85685	22.46424
-8.473933	83.189384
10.891127	-53.600773
-26.845407	41.196114
81.423805	-18.089571
21.295918	15.873068
48.318024	35.23588
32.976635	45.830284
-61.37179	-1.7335254
-42.304966	48.53451
30.221334	-56.677513
-4.014819	-45.709545
-6.341421	13.396371
8.846045	64.31158
-56.89041	-34.934063
18.469181	17.166992
15.650957	-8.680341
28.144444	-58.978825
50.518356	-1.4108233
7.2858095	-40.252632
1.7568092	-42.885563
-15.038721	-47.079243
49.782337	34.237167
58.86013	27.352964
-67.326675	-3.3867335
40.91519	-53.748577
-37.166195	-53.40082
30.439014	-2.6056435
32.49854	-58.799854
-19.732243	-47.702618
18.752928	24.630411
-35.27813	0.495455
-28.501045	-55.016186
-55.697727	7.6586123
12.653258	-41.2507
23.76016	-41.909763
26.71749	6.066615
-24.477234	55.17596
-17.98833	-41.751854
-34.905113	1.0187229
45.17331	-55.104958
-17.62177	-47.8354
28.833967	16.213316
-13.374585	-16.973385
-15.189583	-76.343994
32.084682	20.32762
16.30631	-6.8047175
-8.076416	10.87805
26.276861	71.55544
64.03992	-56.678604
20.48774	-25.097403
20.203205	80.839134
-32.75019	-55.81513
-12.911026	-17.012583
59.14978	26.756971
-16.678267	-41.15395
-29.157858	-33.20874
4.9010057	-6.1749043
76.85044	5.4260755
74.1377	-3.3291998
-34.093605	-33.906677
72.30087	-35.810688
22.411955	14.877606
20.508911	16.58538
30.445074	-57.551044
31.418264	0.46855158
11.099497	-57.99496
1.1399325	-32.929707
30.48514	-2.3875425
68.33522	-6.1019583
-62.1242	-2.3122485
10.844463	2.86007
8.891181	21.833935
23.151327	35.266808
-36.445	-40.179935
-6.6514277	73.589355
27.66287	-58.949608
35.797264	11.758778
-15.76949	-13.93638
29.425835	46.84267
-33.75913	-55.909515
62.156124	8.691967
-52.152924	-26.887615
61.840485	54.938725
-18.270376	-42.556313
41.360706	47.703846
8.870971	57.450375
-38.76762	-55.629776
1.4936013	-48.784565
51.351482	13.483477
-21.969833	68.82546
58.514725	27.61477
52.033997	10.622297
-39.69585	52.36745
15.6844225	50.49066
-65.85623	-3.9940782
64.029335	57.86923
39.149776	30.206604
-21.81373	72.703705
35.02499	10.321481
31.060417	0.40830186
-39.234104	13.035322
-43.121513	47.658978
-35.556194	63.500725
-15.212247	31.802177
-11.80195	-13.812081
-42.876163	48.245903
6.883029	60.268124
27.730633	6.6456304
-11.116281	8.809663
62.375378	8.90159
-19.485176	-47.64524
-47.85305	35.542004
50.65439	36.666847
-58.2232	-0.5930283
62.552567	52.048203
-2.7254753	-48.59072
4.775367	-58.8345
46.568577	-51.47128
70.53004	-33.691986
21.477169	16.528362
6.2220826	60.229362
28.40172	16.533943
41.39599	46.210052
62.745853	53.880116
48.129192	-67.53041
11.043312	-48.543224
-57.95494	-37.9448
14.034312	28.934822
49.10923	33.321663
-8.269288	49.77509
22.139217	16.700294
-46.230946	-32.555313
51.543762	45.033306
39.43301	23.79652
6.418234	59.63369
81.10973	6.690335
0.2146069	-44.936222
11.296432	2.5038679
-40.844296	48.194317
11.016492	-53.6074
4.6229863	-53.750298
30.9578	19.421045
-43.63121	54.356594
-22.073982	67.271576
-3.8607364	-11.606394
49.55251	-4.4807296
-9.185073	-73.4881
78.727806	6.9660516
1.3006643	-33.271137
6.7065473	-50.912952
14.327745	27.855581
44.440308	-54.537045
-37.146313	-2.822798
-61.59059	-1.10729
-17.207857	-47.32852
48.71945	58.013744
-26.068163	41.74127
8.335138	-53.735374
42.18808	-60.77993
-34.39297	38.169167
16.231123	65.007805
-43.207363	46.846703
29.511078	45.775852
-62.31507	-0.5668379
-21.413963	-79.20986
-33.892673	-33.688328
-17.30307	-46.827858
-39.627304	52.48441
32.93908	-1.6109539
-2.849252	-46.16571
-43.65416	50.423454
5.1986628	81.48617
-23.114082	56.828484
27.286253	6.2497396
-2.4298654	-12.1143055
52.10123	33.62377
-29.041618	-29.263338
-43.24841	49.086685
16.14202	66.05973
-16.318377	77.06382
44.948807	-55.925667
-0.48914367	-40.637535
37.29709	59.70522
10.849876	-48.9903
59.51684	27.25044
11.287044	-49.12525
-2.1793993	-46.00258
21.12703	16.524193
50.592342	36.50294
-46.68728	51.03533
-4.040748	-47.947754
57.152283	52.48899
81.10973	6.690335
-2.4697669	-45.63232
14.991035	50.708553
41.304577	43.801064
6.7159586	-54.653923
-63.08777	-26.822548
27.810457	6.0124183
-3.581245	-40.43419
-34.53267	63.48755
35.84165	1.2117821
-3.1170955	-45.611286
15.750243	-6.33113
-8.999173	-50.727207
-22.990454	62.41141
-65.81316	36.98543
-20.064919	5.6911726
-60.87792	-1.0927362
-24.336174	65.99221
-37.75362	45.602367
32.379513	-58.68696
-55.302876	8.093685
47.69182	-67.213234
-54.737762	5.870351
27.22568	5.671392
-38.141464	-58.309315
81.42733	-18.091385
-13.281929	51.08426
-5.493887	-18.217018
-41.467453	48.971382
-62.611046	-1.485743
-10.639626	-81.53602
28.474361	-0.76818687
40.33434	-53.41581
63.9284	53.86337
7.5384126	-40.440434
-4.5450015	-50.32426
27.818481	45.537315
51.25497	44.905743
11.154944	56.691742
53.20096	24.549322
-7.095755	-15.135187
-4.715829	-46.841377
-37.276123	-53.26742
14.283848	25.290462
-37.980587	-58.23252
-34.092667	71.99565
-20.851557	66.6831
51.413586	44.634174
14.20782	24.469975
-33.22931	72.498215
-61.5342	-1.469537
-14.80873	56.18233
48.112213	0.01575455
48.526455	31.936934
-15.53269	31.760983
-54.65329	8.437522
63.059086	54.77305
15.880026	50.120457
52.040375	10.621294
49.035755	-43.087208
49.035755	-43.087208
-77.788	31.495235
-43.616856	54.282806
74.467316	-3.1904163
-78.85764	22.465046
53.365673	24.799402
-21.81962	72.56934
7.60637	-53.258198
32.318954	18.869324
62.241432	52.013123
-17.476393	14.551296
78.7361	6.952173
15.724947	25.608992
-49.728065	47.210167
53.29208	63.594402
-23.31969	57.23166
-22.47432	66.85542
26.412506	7.796484
-50.806805	-24.619518
-13.580006	-15.846945
74.15937	-3.6208265
-27.301792	68.70687
51.140663	-0.7198572
12.71864	-40.95335
-67.02753	-3.5106454
-56.03395	8.312796
-37.18313	-2.521755
-13.49731	51.29718
-30.903795	-57.729477
78.29633	8.362915
35.637882	1.0113825
8.39128	56.454227
41.32545	44.386242
47.947018	0.042139832
-41.530838	45.22679
60.612324	56.334145
-34.581154	-58.24236
-13.039177	76.026764
-61.46881	-25.538303
82.4955	-9.489676
-14.780495	-47.074883
51.564465	13.233896
-55.37536	8.848677
48.58392	35.056873
0.77259153	59.57549
-34.695545	0.33185562
-14.340319	-19.791162
40.202045	58.42095
45.451344	-18.14854
-0.53552866	-40.764225
6.295268	-52.812286
6.185477	-39.425587
61.786396	54.458805
35.512394	11.128071
52.99232	-3.6492558
-4.432781	4.8054547
-8.595074	10.272972
58.389175	-18.666063
-37.409225	49.571037
64.126236	58.020123
20.535421	15.790183
-49.635147	46.68895
30.405989	-0.20424137
-8.645843	-39.483063
-15.588175	75.961685
-35.14258	0.66705436
6.505209	-38.0529
35.566383	56.35258
56.9722	53.001034
46.747078	24.151245
10.950824	-59.766525
-2.951323	-47.306183
3.085324	-45.795006
18.724077	24.2197
7.8096533	-54.718197
-3.5280883	-44.793976
-34.590065	1.4823853
-11.429968	-19.280796
1.2342447	59.626778
-5.8176727	-17.075836
47.82728	0.39818162
61.05889	54.490593
28.523907	46.07589
-9.390955	49.677303
78.302315	6.9573007
18.656841	-63.0811
27.70467	44.53795
46.755302	25.193474
30.66157	-56.646828
13.015036	-40.863194
-0.9432057	59.22222
34.600418	9.575914
23.729792	46.644657
11.959638	2.708354
48.68587	32.208805
-36.41414	-26.846773
0.36170837	-46.40114
33.479164	25.145569
7.4479384	63.764908
-3.1287756	-11.804487
-36.447563	-40.180264
37.14696	-43.258392
38.355896	58.918953
-6.1596465	-42.415714
-4.9146514	-55.32004
-14.267284	-19.579279
-57.507282	-35.229202
51.475643	-2.4113598
46.746708	24.063847
-14.8060465	56.181107
-12.713016	76.081566
-61.496323	-25.122107
6.900529	64.800415
-15.588175	75.961685
10.739137	-49.306297
-35.05248	-60.55023
12.408885	2.3524742
-45.668518	43.915886
-16.082783	75.348114
0.71178234	60.297832
46.94261	21.181677
0.9145744	-32.96578
11.230541	-57.745922
-14.43758	-16.392605
40.326126	-6.219479
-43.366158	-66.89598
38.576294	62.102535
-65.469185	-4.0452957
-33.024776	72.38426
-42.54291	47.52283
-16.53068	-12.964991
47.855843	-67.31867
41.02884	-53.820896
28.03037	-59.0443
44.110397	-55.796314
53.301105	63.592636
-16.858845	-46.18206
61.205276	55.361008
-33.024906	72.38434
-39.600906	47.6054
71.136955	42.837315
-36.255047	-56.82429
5.655896	60.602196
10.874715	57.03418
33.07414	23.453094
-6.9218726	73.85904
8.870971	57.450375
33.136646	45.86202
33.091167	-1.779817
-65.99784	-4.0722775
-31.698061	-31.37411
35.3005	55.91063
34.524136	54.59661
-8.10474	-44.84705
50.65439	36.666847
-18.19745	-17.889103
-7.4482803	55.50287
-7.0248895	-47.67764
-16.672195	-41.164852
-5.411326	-56.153187
-45.578182	44.024353
40.057606	-53.2638
6.9804783	-53.164494
-8.828395	-39.00059
-45.34459	48.222786
49.9206	34.425537
-14.353332	-2.4527361
-26.644365	65.27449
-16.790998	-79.01849
32.42626	3.8339925
-17.245237	-47.132805
62.314274	54.439457
-26.101805	-79.97551
-59.347084	-37.71917
62.839222	36.059208
-26.975883	41.087635
46.91793	21.8564
-1.0157713	-52.063126
-16.78163	77.83895
31.933096	19.531569
-46.763214	37.944195
-57.00928	-38.955673
-76.561844	-3.6174667
-36.008533	-0.6745108
6.325324	-39.365276
-3.5522368	-46.58752
28.96253	16.580324
14.966333	24.665915
-12.887294	50.694134
-34.38242	71.83083
-5.8193316	74.13556
-4.835554	-55.07073
1.881931	59.70862
-49.773586	46.92964
-43.63121	54.356594
-23.531933	66.939735
10.890028	2.3794985
45.546963	14.209244
0.93332493	58.86903
-3.0340445	-12.535361
-38.613674	10.151079
15.685011	24.05402
46.41014	-51.731804
-12.07599	49.433025
-36.14258	-26.71108
-32.16076	-60.301346
-56.72677	-37.925842
-24.030079	55.963104
32.763706	22.57888
50.248997	45.233273
18.315979	17.2042
-54.3415	4.8187866
-5.652293	13.763802
-13.784147	75.9031
16.202961	65.32279
-9.317871	49.68242
-57.99657	-38.43258
5.1393056	-57.645382
34.975883	55.360138
10.924654	57.03916
-6.053483	-42.51472
4.3912134	-53.78006
33.52583	24.887012
12.369336	2.8345213
-61.309616	-0.30909944
-2.3648405	-46.57623
5.587914	-39.247364
11.282124	-82.67204
-31.501612	-31.562365
-15.767317	-76.17708
11.12697	1.958639
-42.290077	47.872887
46.206028	17.65501
73.95514	-3.1304414
-0.5463434	-47.39245
7.505795	63.93142
41.440033	41.57723
37.838924	58.044434
61.722317	53.75434
-46.84394	37.34423
-24.324717	55.44233
-19.669268	-40.17879
-20.144094	69.02105
-25.582817	-10.076617
-42.807873	-23.510916
-56.558544	-35.54773
37.83201	60.2668
-0.66669095	59.278294
35.009895	0.93155396
-17.079922	-49.718033
7.4479384	63.764908
-42.81831	-23.51211
39.495235	23.908802
31.656008	1.3003626
42.418976	39.687054
46.750683	24.866669
-47.130276	37.48245
28.020884	-59.434093
-1.4915243	-46.618244
7.4799547	-53.882812
18.854057	24.426071
-12.207792	48.08963
44.39429	-56.581947
59.08732	27.17419
-43.373108	-66.90515
1.8710407	-42.809338
-13.556949	-70.73426
7.0117116	-53.712585
-65.93966	-5.5670524
-17.87314	-46.30507
-38.92705	-55.59606
-11.745178	-13.69503
44.175106	-55.477406
-26.109331	-69.044
38.66486	62.300385
72.83689	-33.371338
-35.83086	-26.882765
-48.128937	38.68525
-0.9628806	-52.300133
-33.301052	73.82426
41.366497	47.683662
-25.905647	-79.89472
-62.96191	-26.733885
11.278616	-82.64814
71.18441	43.17028
41.000355	31.360434
12.741847	86.84065
-58.063324	-39.34784
-8.595153	49.745785
30.768707	0.7464001
-55.32071	8.147302
8.184904	-52.654118
-0.7766334	-46.018295
-44.542942	49.362076
27.186644	6.4171486
