1.0	-0.4
1.0004148400649333	-0.38735442793376273
0.9973883896542005	-0.3731808323581307
0.9990342422977858	-0.36295513310926925
0.9904294157651026	-0.3544322701039264
1.0009670375170159	-0.33203224254050295
0.9987900842558731	-0.32361305470662965
1.0006961520295092	-0.31726802247982244
0.9998838302317424	-0.3055554691840376
0.9982807379360314	-0.2820591446801748
0.9835711600359919	-0.29202498354462497
1.002122233846816	-0.26552901909553905
1.0034023076397154	-0.24243813903816822
1.0092852494983138	-0.22569578384832586
0.9758532196462766	-0.22719083802195245
0.9864131854152427	-0.2052553631054348
0.9820202074070987	-0.20510628429419253
0.9650839568392086	-0.20760494422231854
0.984549493768539	-0.17982342637957585
0.9727873105884538	-0.17154136092729505
0.9991840551491843	-0.14389136320019005
0.9781650126239637	-0.16641911291755332
0.9824181751286704	-0.08206500840286018
0.9537645414087211	-0.1129229157051591
0.977099767452321	-0.14004800247021365
1.0053594213246335	-0.12535668984857795
0.9573212669703651	-0.06909937840298161
0.9825212248856408	-0.05968699181377534
0.9729360049910256	-0.04520641738166293
0.968081542891802	-0.001297316243057997
0.9420045946680478	-0.007563984849369997
0.9549516044385176	-0.0024040681448058397
0.9619564966591092	-0.004899906747739222
0.9634157053570026	-0.014163972170974266
0.9434255129634675	-0.0050488604570086415
0.9303189229220964	0.025124841940910865
0.9552113897147113	0.07736193715440542
0.9612072356076428	0.07111535002205455
0.9835028247007487	0.03521367662515607
0.8764820054837208	0.05335958437097733
0.8913393057879699	0.11811810909292725
0.9442146619799416	0.0656776644207138
0.8621606861063844	0.1589323307184539
0.9546166552954409	0.16250047432081133
0.9775101850823913	0.13022265905308691
0.8740949577310143	0.1281357869755673
0.9311652612204286	0.18474043063880113
0.9051940246566862	0.14785285845886958
0.9454920429458248	0.13348987492058786
0.9219384153370214	0.16309611085259523
0.9610994474911208	0.2493435273391465
0.8513517048296134	0.23649871062029892
0.8930789597783204	0.22808156996388712
0.8364133234199385	0.2740143015520147
0.8724572885239343	0.24423542642662974
0.90566160032873	0.3131169158139657
0.8861957812439974	0.29553230614356163
0.8150744499488437	0.29599905874331345
0.8827128986365808	0.4011724022754143
0.8365439472380436	0.26836034261108754
0.7874184719305446	0.32088366651196365
0.8819104143334678	0.32312621266902947
0.8815440096729358	0.39058048507170245
0.861045423003135	0.31995672340515
0.8490489993481495	0.3439309578603884
0.7804791764669412	0.37792370969381234
0.8513949287726875	0.53032609415978
0.7898186819935441	0.4946647500132427
0.8499231014198616	0.40378932346517904
0.7929927692936767	0.3230931109200967
0.7209020856715805	0.4751100329770557
0.9327226840236461	0.5751770979267183
0.7955220621780137	0.5073877435338057
0.826242627876353	0.5261352756260892
0.7318547636970668	0.45818233979262174
0.8797760414824204	0.5622402007513777
0.864272540555801	0.4976333403695749
0.6595105955198481	0.6205120283216721
0.7476807235674884	0.5951543353712326
0.875331276276965	0.5108639354501137
0.7854510307281489	0.561423818661636
0.6950497504726014	0.49687846837178296
0.8519730702098464	0.5171160383283101
0.7188680635781568	0.6840683866959896
0.6844540362079033	0.6199579329931814
0.774106830798512	0.6505595319445399
0.7269304767690754	0.636568804076972
0.7049239965992601	0.6811354887414334
0.8002417820495885	0.6719561807570462
0.6225107868982571	0.6238561668679166
0.6729632250654792	0.5896942627602466
0.74312933352976	0.7160071139196733
0.6995248768511543	0.6441852873026354
0.5755656218707301	0.7878554405053797
0.6304235356809722	0.7255266456984465
0.6508783239948036	0.7202816200770175
0.6025656849219233	0.7865755106585433
0.451420296308127	0.7518080802228444
0.7206563342513705	0.6290622678518203
0.5816082923313532	0.7938778572449707
0.509585393899957	0.8469455093822972
0.4827480753206826	0.6513685342247423
0.5805250008261198	0.8021302333403711
0.5230448502380384	0.7610119733218823
0.70308970409313	0.7963173307165097
0.7066063317616811	0.8969054850495353
0.5264779251272629	0.7959047928909945
0.7386626558619401	0.7699098362537298
0.5012840634635242	0.8105491379019856
0.4403114122882391	0.811066710995878
0.6284602118027148	0.814678872577033
0.4141047845821912	0.8053651821537163
0.44794470331224534	0.9387426110654492
0.6192274231188323	0.9571895595760128
0.4938760808833865	0.8267883202979498
0.6197592459683717	0.7026863485158343
0.6397218895545214	0.912949813949114
0.48929723678302556	1.0579344312271388
0.572476834051242	1.105839651906067
0.5480180610822312	0.7996200406578902
0.48553752207629114	0.8901198848211561
0.558559953165326	0.8319296653871373
0.45596666110562495	0.8265810140156132
0.34106150939194946	0.9974321239471575
0.513169055460602	0.9453184302854849
0.6341361431561228	0.9911921492651553
0.4684220538220563	1.0448840488827456
0.4106211429452625	0.9983062764168232
0.2813327640331178	0.9414091745205982
0.501170548631964	0.856072736788701
0.24216129019606863	1.2204944568351772
0.3463880423797937	1.3187144166872786
0.22901130053244964	1.0302285725794873
0.2637515612100334	1.191074554654339
0.3362563573796171	0.9954906754242475
0.41298696462246637	1.0174368329896306
0.2984488267975611	1.1335652444523336
0.15379079104963042	1.1077994466229162
0.12402456637927439	1.0389092013488086
0.08043579407144483	0.9084017424210531
0.26540027343074984	1.2746794724732962
0.4200061234345126	1.1213400772137612
0.22114950820039855	1.3304978451671368
0.215718080314129	1.2301896296652108
0.18757869009144856	1.1462098422820701
0.18906842101762394	1.2090964111774987
0.15754090848696972	1.1084769023049912
0.18802418144297406	1.2262823195280197
0.28466362972584214	0.9678766956530256
0.17385708304426534	1.2741058743038014
-0.021293824077003615	1.1537504618297965
0.20587830234239135	1.2882551419614945
0.21706851580232916	1.2272321692461525
0.34226372977158304	1.1109146907875955
0.09471044122943137	1.316951975887426
0.11635655707037203	1.3617295348853102
0.052264739147608645	1.1942967977512824
0.10148316245675501	1.0935463480522565
-0.07107215523974159	1.2359906230750326
-0.0629570834617263	1.1448287026545783
-0.028636713168434663	1.3137096199542015
0.17682655747949289	1.1169639269428266
0.03772859946898173	1.0307248456126235
0.1258310558367361	1.2992206917226812
-0.06577707620530732	1.277944580762941
-0.1465467555908577	1.2808642455333539
-0.3521772697730914	1.3960735059809313
-0.043694035539867004	1.4533235023615363
0.06685320927459404	1.3717261950122115
-0.16497625184144046	1.4644851570586839
-0.09091091935838015	1.2063718235163
0.05895789436755225	1.5182073148708044
0.2568835522336709	1.2812690630899382
-0.18907871289296163	1.298653971152192
-0.1996107116220978	1.4855586110612042
-0.18651357200306554	1.2486629784380747
-0.14697597708725063	1.6891998856096178
-0.20413692693878527	1.3043365925453423
-0.01681143352365705	1.3389411243547011
-0.2507699929581084	1.2839191034599302
-0.24200994223707728	1.4007073733737323
-0.1958717110926828	1.4985790373843448
-0.3257269995468869	1.628138356123773
-0.1707464212545262	1.758048611797515
-0.056262851910958034	1.404673039389959
-0.29785610176108146	1.3406344292900902
0.011534109357958261	1.2721334276379803
-0.06106261563202525	1.4048821204986857
-0.07397076086043106	1.3002204493380434
-0.2903635132545106	1.4760028402240986
-0.29092317068289053	1.6244950760742645
-0.27586935776622584	1.556621165433802
-0.35182858421409935	1.3315689098425987
-0.2380885746170352	1.2910707792494682
-0.17936475623005257	1.2831222771507247
-0.37297776986698933	1.4644770421640698
-0.34814223804773464	1.5163333983873504
-0.40490239127284994	1.5848571153772615
-0.2936458954410006	1.4933953652662786
-0.23870927325518268	1.481038182407556
-0.41781802770467724	1.6580166255168005
-0.5319602347730257	1.7844901489125424
-0.2947101487550372	1.2763015780794202
-0.5404067987254284	1.691360421396323
-0.4558824439051363	1.5425589662434738
-0.1449460018823278	1.6173793313389058
-0.4543464459462752	1.5586046094619184
-0.4927672201369863	1.3401706338414543
-0.44760983277147337	1.169708967840418
-0.4087176447987846	1.6971188882448724
-0.7590020345390194	1.5177895144252025
-0.47798910648975607	1.5501767649989497
-0.42839487747176064	1.3454003629979308
-0.713308386897926	1.7450321112135747
-0.40099060284376326	1.8593603163972756
-0.456005535473469	1.6873617237106233
-0.4877741786956703	1.8189637523552256
-0.37246322225081524	1.805131306494084
-0.5458307779246825	1.6441010914984056
-0.7386717814003794	2.032552980809658
-0.7850786824330206	1.7681652213314831
-0.5955378004518712	1.463075831641863
-0.5424095441559255	1.9477432598945814
-0.610747152325752	1.3896645424156575
-0.6644127764550464	1.7247055400625808
-0.8470155753306768	1.9122365632417377
-0.9281041160450054	1.4726194110921969
-0.7071203601386736	1.5356057066914388
-0.9559306682096609	1.5359829498060122
-0.8569610811207415	1.2271194924675166
-0.7493398567436353	1.7726424502669154
-0.5366579090513497	1.5142376177068768
-0.3368715945244346	1.4690529938150856
-0.9412581849788756	1.5508300837726794
-0.8835403070307098	1.649374201349697
-0.8165686244693564	1.3169360295262862
-0.9080906121556083	1.5661521019375424
-0.7915199816528675	1.5986385141918915
-0.7162390301008554	1.2868354546452105
-0.9822781898854348	1.7655820506494648
-0.5116909866466061	1.631569486878019
-0.9306768562885183	1.6197996589114154
-0.6361160318534946	1.602536796748376
-0.7714559154360433	1.5822514523495572
-0.4012235943182665	1.5451773808523308
-1.0608002692242167	1.4334582103703999
-1.316415788934726	1.6855834234984348
-1.5306589973361815	1.4254318998227433
-0.9317036586161914	1.6550845546907973
-1.4242711762300477	1.5769449670757738
-1.0286536929114385	1.2045289186172443
-1.1364510627146407	1.4613614180504872
-1.1478837802224122	1.568656084307371
-0.8348931235219706	1.754590218501476
-0.7590926605813026	1.6182167830171417
-0.8149950062429347	1.50968680583161
-0.9825484522535444	1.3851424633572438
-1.0286412469765995	1.6425534738666607
-1.4268655953508393	1.422606571443707
-0.9550072915845982	1.8204270796758015
-0.7929182151604034	1.226892986096054
-1.5015736937902884	1.6218010520693307
-1.2255788529976828	1.5991734725868127
-1.3645417317013522	1.4023404329548919
-1.1689681371372416	1.5709683665886143
-0.9422175600263119	1.5858675652927223
-1.1900399570219482	1.127181723066263
-1.4869657955909128	1.4978898937834835
-1.3873027585105335	1.5216153213848622
-0.7482188504567818	1.2658908909889353
-1.4963686912338963	1.5058563217900574
-1.4261126531907986	1.5685923684840677
-1.2841994538088153	1.7721904340851649
-1.6202100647324813	1.7083953038097774
-1.3424544819620563	1.3604083519955763
-1.4757791291942088	1.5885892067838925
-1.1120057547133233	1.5607589714482826
-0.9719328572339727	1.7776933025171728
-1.2528954627385647	1.7470729390944375
-1.0159085959767564	1.6522642807472285
-1.3439310840641654	1.5223820180738337
-1.3842480845652396	1.3578761583306287
-1.460652463686376	1.649102452684087
-1.5117009975530662	1.4854382639712842
-1.2217967023431653	1.636208182879299
-1.5885028742087475	1.53284178358898
-1.688402690704244	1.212224583590186
-1.4146110054596093	1.5779575530610757
-1.5110800964560727	1.1983818420023096
-1.453887685431547	1.4687156611438326
-1.6673774263258792	1.3593358962524782
-1.7392641419031345	1.3367485030810133
-1.7145702829034577	1.6750853514112896
-1.625389564640521	1.6168449015784951
-1.3462453900935336	1.6522263917350715
-1.353345726365994	1.5304664188808168
-1.4673712902035954	1.5467423147819008
-1.5992882961682406	1.3995870026321633
-1.4331513379568026	1.6946518031086186
-1.7074348044674688	1.5538432332981655
-1.6972309336069242	1.64237289350739
-1.8392971291445792	1.3924950064705837
-1.7344496656464123	1.5623180293258638
-1.5856225306073557	1.6708789298174356
-1.5894019424615506	1.6016576440755466
-1.6401740709242254	1.5139660378717794
-1.943141056457108	1.1652888386131248
-1.6682425556643705	1.6922752176565796
-1.873680697427193	1.6118760981656721
-1.781226708770722	1.4780869859105774
-1.9634085037976927	1.2489192907133626
-1.533797827009547	1.7258530662728653
-1.683979937411244	1.5852925578743076
-1.7743016137093897	1.2912421405171493
-1.8953059838536421	1.6485520080071905
-2.0817679995708405	1.5711998633565185
-1.9126470415650416	1.3682310248709635
-1.8120004781230863	1.47441770347773
-1.7770999535461116	1.0685647717717837
-1.9936487560640468	1.6205674550957196
-1.812102047346905	1.5247182096263923
-2.1536400755815626	1.4191615841396135
-1.9016289893338378	1.4492572575864124
-1.562954166966089	1.3900795131842592
-1.9723969237481662	1.501416750873629
-2.0011271819568823	1.4587369672386734
-1.7495365957460451	1.2359399156709294
-2.187722762994869	1.3736533113034537
-1.9528402180791016	1.2343761591422717
-2.098702710704179	1.4014231367967114
-1.8805826220377988	1.1191649011537625
-2.0351799615692117	1.2127105061980257
-1.954738971682907	1.5533856565745585
-1.9058784019064066	1.2448070338664314
-2.11404700398419	1.2683648044167273
-1.9527804706753848	1.518265356872757
-1.8472260113403944	1.1665526764702217
-2.1667202301793664	1.1566353935158618
-1.9478139351242214	1.3581563662326794
-2.188572118866867	1.269902603742315
-2.3134940839005016	1.2209586383544113
-2.2779495850732565	1.5844760915479048
-1.9465003614582956	1.158794149930041
-2.019457817336674	1.2741853570845854
-2.098452081212919	1.2324115609247879
-2.1442504929111577	1.088075909785574
-2.1263994983371064	1.1960686597000008
-2.2213120313941093	1.3128175651929426
-2.1900325573653068	1.332112856985687
-2.1565738636705123	1.5307502305183822
-2.163083826512976	1.082615882707224
-2.189920157533659	1.0755290511794948
-2.1283443837029576	1.2238918906172478
-2.2471093501707284	1.2933981535620735
-2.0985062150526326	1.0756493720171176
-2.4312629339485494	1.3759912594555828
-2.1834345800104904	0.9693460411516498
-2.26644744819244	1.1383051291325013
-2.4258780779879827	0.8890338216718969
-2.436533169447026	1.0377470404337936
-2.3908398703608187	1.0043434374716989
-2.3654849929246886	1.2165239464240185
-2.2715137079681766	1.0644267980386486
-2.3541258261201663	1.0729771241976993
-2.3057265051622586	0.9561774660818365
-2.302126611671005	1.076453287297658
-2.1383415114465434	1.2040121419809673
-2.3744679033104257	1.0061688578012846
-2.5002211298076573	1.2359751815286029
-2.385814606290095	1.0479678262194185
-2.385768739350586	0.9517242050198039
-2.3785444126207778	1.118920366324369
-2.279031423306672	1.0934566061799174
-2.4402469314556043	0.8276235047575725
-2.429055368127961	1.0106183026754656
-2.372521135084717	1.0325554414208518
-2.430146799352019	1.080265517456879
-2.4327755335064634	0.9279469641316657
-2.4348366000630044	1.0050383210310923
-2.3887836443522725	1.1088376432523586
-2.5720737316838873	1.1524552224079148
-2.489873996833018	1.1203515539165636
-2.286248827377995	1.06731357547107
-2.437485936826552	0.9212714154062333
-2.5035029372843307	1.0255479886295338
-2.4633644704237514	1.0352934079069205
-2.650157442846984	1.0212971415754417
-2.513631369013739	0.957081842892548
-2.5301912532684385	0.8995558473322744
-2.603527040667635	0.7845877098518494
-2.4199856818474887	0.9955384530929351
-2.454313706223784	0.8030844503285128
-2.55434138009411	0.8574597892048385
-2.695343448126663	0.9601533113796297
-2.648950989985945	0.9137353978787751
-2.5541032410275086	0.7666747202819273
-2.5673498574949956	0.8317480758955867
-2.599467101224505	0.8318679263819114
-2.617123044752423	0.8296765835099902
-2.606498494407622	0.789375130101032
-2.607851074678278	0.799322517340213
-2.668642690499004	0.8322369653190868
-2.687781465908572	0.8363941721832316
-2.5968688390093364	0.8634642671319639
-2.526307761513918	0.864777988595405
-2.5120952186802876	0.6498838346423701
-2.72182096634765	0.6467356902472249
-2.6639960358901327	0.6623549388292164
-2.6617326194664437	0.7574149645117084
-2.614248285951378	0.7381079461915507
-2.7420109143532025	0.6258443473906204
-2.662425969324845	0.651278659706262
-2.7156481889480317	0.7320038423338275
-2.693361481243911	0.6923426059334206
-2.8646048672668463	0.6535925550914232
-2.8186012738239485	0.6031502585951145
-2.660037693360779	0.6128500550046636
-2.619419747618542	0.5397600962883239
-2.799329188535355	0.5806008804693389
-2.7827942741549547	0.5657023472196203
-2.8865245724996287	0.6053661343777699
-2.8616630877988065	0.44025831201911736
-2.8645981211889193	0.4513099940485771
-2.8242370873261033	0.548030664338142
-2.783660957817081	0.5497726087284048
-2.739704464606325	0.4409770163152345
-2.8125768372607443	0.5158973958617438
-2.755399291068129	0.5461826451871598
-2.8692596993378787	0.4953370588464754
-2.768875791702154	0.38553103021430823
-2.8306457732131203	0.38659464950511985
-2.880455537570143	0.4422770080215492
-2.840120623141549	0.47586483515426875
-2.780488133169657	0.3614996524799154
-2.8025311685837724	0.41234500120772744
-2.813764014247395	0.3256825723697995
-2.8970779192959504	0.366006322669182
-2.7933092877077437	0.3072867981868488
-2.9085227985170126	0.3200199313570192
-2.9075426138561538	0.3340603134290791
-2.8451534020285396	0.3103129778996684
-2.797487545870254	0.40079844671521603
-2.8760911243523206	0.19799686908760075
-2.88201562983539	0.43361909436308543
-2.88042371016876	0.23651436579537433
-2.8886074547172185	0.2775216426198535
-2.912557006621626	0.25285501483692074
-2.927980982962701	0.21059880941539044
-2.9235763040758473	0.2587761651874653
-2.9372580677890903	0.21700081504491836
-2.928298839568755	0.17384967479385238
-2.9245780868768634	0.23344038714996118
-2.9364287354956797	0.2104599592604974
-2.898410094487114	0.17418428458537727
-2.8705876018737757	0.17621455751130374
-2.935351977995209	0.15672664876199852
-2.9755258125709125	0.1564775577043171
-2.9650988297888627	0.17290903202914842
-2.947071375532534	0.09846816141462596
-2.939486308614529	0.0909929842228893
-2.9267563495846187	0.13431919372736278
-2.9394530854465377	0.03968554136307251
-2.958366308418101	0.0902071105968738
-2.936816848614055	0.03938073659329781
-2.923505875827726	0.060763383063074404
-2.9461809337902647	0.03836544699508411
-2.9880388804673315	0.042857513434744116
-2.9776015367490447	0.009242643896383336
-2.982686666932297	-0.031047623656554394
-2.9358009152097644	-0.02441292232595389
-2.9683904312690443	0.033111425358531885
-2.9363735184264597	-0.0161184293248416
-2.9649133128566447	-0.05587154133959603
-2.959435928234276	-0.0710779671553268
-2.9858042988179694	-0.09740768092523662
-2.999464515309143	-0.08524228298610304
-2.9896917780941794	-0.14908595693178245
-2.983506887458927	-0.135273030177694
-2.947680062311436	-0.14392437116375145
-2.9788308696225982	-0.14399597611365456
-2.9714331052452803	-0.14895003324387646
-3.0023874316647166	-0.15611348972889383
-2.982194583875934	-0.18532007875204357
-2.979406033956266	-0.19955573505418756
-2.994460179474057	-0.22018818828883555
-3.0010023363666627	-0.23979095595573985
-2.9854299844643832	-0.23269269960130595
-2.979923275743513	-0.2422438612264505
-3.0121996761156833	-0.2675303054521281
-2.9974160730490427	-0.27506735291033846
-2.9968460297360684	-0.3060930972706859
-2.9960520573956533	-0.3014376432839605
-2.9912555754909773	-0.31425923775110437
-3.000606717429222	-0.3242977182879521
-2.999956007548979	-0.33181198067243756
-2.9986986820267925	-0.3493204431514269
-2.99831976367496	-0.36399312431612424
-2.9976871707265076	-0.37588090305297694
-3.000644529691918	-0.38910395295564526
-3.0	-0.3999999999999998
