10.673057	7.682902
10.754122	7.639958
8.391863	11.3607855
8.384761	11.360109
8.388782	11.362265
8.398542	11.369362
8.2796135	11.287485
8.262799	11.275484
8.096113	11.168499
8.061847	11.144057
8.044108	11.129875
10.455479	8.353104
8.026683	11.105044
10.43309	8.424465
8.039562	11.111079
-2.9846663	5.027743
-2.9314678	5.115736
-2.92138	5.125973
5.438336	8.05164
5.4411488	8.056186
5.3092933	8.056727
-2.987185	5.012167
-3.36778	3.947711
-3.294868	3.3589659
-2.615945	4.3421993
-2.632186	4.3304653
-2.659004	4.3183217
-2.6423292	4.336469
-2.645172	4.335674
-2.6375253	4.3311954
-2.641699	4.336324
1.5684603	9.766336
-2.627137	4.34628
4.3273335	8.557755
4.3703113	8.486739
3.6776943	9.3116865
3.7110238	9.279635
3.6582406	9.176133
1.7078391	1.9831822
4.397931	9.067216
2.0906374	1.7669772
2.160121	1.6674714
2.1195786	1.5853705
2.3403234	1.1218137
11.775363	15.538839
1.6480559	-1.052246
6.959554	14.727405
7.388264	14.666505
7.411911	14.686507
10.756142	13.190765
10.830729	13.115354
10.917642	13.1257925
11.279648	13.140061
10.877973	8.218708
11.831189	17.54746
6.3674107	21.872417
6.384344	21.920307
6.381678	21.920391
5.992423	13.683117
7.5836444	17.477303
7.544698	17.370031
6.0028973	13.736873
6.0051646	13.697581
5.9741893	17.313175
12.177084	18.454607
12.156638	18.500708
12.163548	18.49096
6.1737843	17.44863
12.128551	18.537907
12.137624	18.532467
6.193942	17.470121
6.428135	21.949244
6.432344	21.950722
6.4460926	21.965378
6.4188323	21.936178
6.425178	21.935446
6.4359913	21.951315
6.413427	21.924969
2.708606	24.915365
0.82963556	15.429571
2.9458199	15.619269
8.258438	18.809103
8.217674	18.785366
8.406914	18.728497
2.5869968	6.492374
9.76245	3.5357041
2.639281	16.792837
1.1351229	13.226423
-2.531498	11.221646
-2.5377812	11.239293
-2.7522323	11.330726
-2.6970088	11.370601
-2.748457	11.325242
-2.7467992	11.319624
-0.61946553	5.956715
-1.7402079	2.531843
-1.6919785	2.5225244
-1.6755773	2.4861417
-1.6584691	2.5094998
5.178824	0.12245069
-1.7021381	2.2667825
-1.4177781	2.5365024
-1.6000454	2.363738
-1.362688	2.5426705
-0.6350283	5.9789686
1.9633874	9.012367
1.9809328	9.028067
1.9871061	9.001736
1.9780991	8.986169
1.9599886	9.0066805
1.6180826	9.554826
2.225851	9.04996
1.875516	9.162517
1.6714147	9.394686
1.9456179	3.1714334
2.006607	9.06534
1.8755957	2.3824072
1.8615471	2.4191425
1.8675092	2.3542995
1.8961698	3.081677
1.9391471	3.1126125
1.9528462	3.0896082
2.1774764	1.7275407
2.464975	2.2914014
2.5535705	1.3100529
2.6102016	2.7167735
2.3980963	1.1141679
2.1533756	1.7077832
2.1526408	1.7027
2.175506	1.6744153
2.4275346	1.1248391
2.465201	1.1751976
2.4483113	1.1338804
1.8936989	-0.683199
2.4220533	1.1476622
1.9193002	-0.61381745
2.4316337	1.1670216
1.8939512	-0.71938574
2.4791467	1.010051
2.4262633	1.0664648
2.3511481	1.1270615
11.570912	14.911174
11.220794	14.860648
9.576428	5.2533336
9.607712	5.3518977
9.58852	5.343897
9.606006	5.3362365
9.609785	5.3548374
9.220736	7.228218
9.776024	5.583016
11.116944	8.043788
9.978335	7.1318145
9.465135	6.7692423
9.7917185	7.479738
9.472489	6.73547
10.032164	7.204603
9.503356	6.807721
9.94701	7.1987367
-0.45629668	6.267703
-0.42982513	6.3188696
-0.6054909	5.8172903
-0.618104	5.942207
-0.6101859	5.827039
-0.27603507	6.948794
-0.26155332	6.9513144
-0.41985747	6.415382
-0.24222916	6.1751733
-0.44837973	6.258315
-0.42958108	6.2843623
-0.4294318	6.285582
-0.4600291	6.2684164
-0.44333485	6.243909
-0.41291326	6.299086
-0.43649775	6.271452
-0.81810665	6.8558097
-2.715619	3.5424566
-3.4126644	3.2129507
2.8095145	9.641928
3.2735565	9.640435
3.1844335	9.666996
3.1864355	9.6586685
4.089792	9.514365
4.315815	9.450602
3.1868732	9.663261
3.2312655	9.674339
2.062898	1.8895922
2.0109715	1.8396165
1.9585644	1.8600312
4.26271	9.5338335
4.7744117	10.666939
4.792984	10.6818
4.809427	10.834677
4.8199787	10.860687
4.787966	10.672322
1.685983	-1.0089693
6.0569406	12.70798
6.010312	12.704146
5.0463705	12.308805
17.264309	14.670676
17.204884	14.5890665
17.266087	14.672725
17.201134	14.58573
17.260775	14.667337
17.214767	14.597634
17.208971	14.591989
11.366608	20.183472
11.37054	20.176292
11.368286	20.18174
11.368321	20.180674
11.367361	20.182648
11.762486	19.404076
11.369747	20.179695
3.3188808	15.489342
3.3851411	15.426938
3.406966	15.397455
3.377384	15.414404
9.815665	3.7196915
9.763602	3.559554
7.763694	17.975554
7.7558637	17.97696
7.532549	17.749273
6.6184177	17.660202
6.690767	17.716255
6.6417346	17.677847
6.497176	17.620558
11.367448	20.18416
11.367688	20.182467
6.793339	17.80535
4.4275737	16.651644
4.404363	16.634686
4.4048314	16.656319
9.721833	3.5598118
9.774688	3.5629702
9.821344	3.7058337
9.765688	3.594856
9.764134	3.5677564
9.742283	3.5524368
9.83994	3.5993207
9.836863	3.5615985
0.9468235	15.352566
1.1399676	13.233055
-2.4222107	12.229281
2.7298594	16.889328
10.233833	-2.0269253
10.049376	-1.7709125
9.964155	-2.0140908
9.845345	-2.071936
8.645494	-4.1114073
11.860715	-2.9255826
12.635185	-2.1683953
0.8730707	11.866276
10.880273	-2.5239089
11.731036	-3.5609336
11.710658	-3.68031
11.689276	-3.975493
11.873786	-3.4278383
11.87986	-3.4236631
11.97671	-2.9494443
1.073634	11.314244
12.8737135	-2.9556055
11.992087	-2.9505768
11.972361	-2.9717505
12.0004835	-2.9724658
11.964933	-2.9812052
12.905338	-2.9595037
11.838009	-3.5011225
11.957793	-3.015249
11.972616	-2.9737685
11.91471	-3.2996776
15.870535	-0.753481
3.4724507	-9.354422
3.4772398	-9.351821
3.4222562	-9.4775095
4.311223	-7.985166
3.4704459	-9.358011
4.2863255	-7.9508095
2.95849	-6.1063347
3.2817247	-9.813067
3.2744675	-9.822772
3.0205786	-10.237278
2.8911037	-6.0375333
2.9208221	-6.0596037
2.8738883	-6.018364
2.9212654	-6.0604005
3.0172703	-10.244235
2.9236584	-6.063318
3.2248178	-3.5869434
3.2148256	-3.6102498
3.2404685	-3.5603545
3.2383716	-3.5655842
3.2600615	-3.549135
3.2041512	-3.6769896
3.233015	-3.5872216
3.235281	-3.6005704
2.6408663	-7.326949
3.2108588	-4.025147
4.1900644	-7.7619677
4.1506567	-7.66372
3.220678	-4.06838
3.7152874	-4.6890063
3.7907557	-4.658275
3.8145664	-4.83017
2.3371158	-7.192283
2.3507156	-7.2040844
2.3398802	-7.2010155
2.3429294	-7.1916165
3.048881	-1.9692546
3.0777366	-1.9780275
3.0718029	-1.9977406
3.013477	-1.9592546
2.8628483	-2.0745108
3.1917589	-2.387425
3.1864421	-2.4093816
4.5094404	-5.706627
3.192441	-2.426725
1.489425	-1.838082
1.5091087	-1.8209302
1.5181248	-1.804326
10.430242	8.540333
10.413953	8.567416
10.388951	8.588897
0.114293255	-2.9255433
10.723807	8.358564
-1.5315318	-2.894493
0.09050829	-2.9231517
10.7315645	8.32452
10.725152	8.354608
-1.3196213	-3.3775587
-2.072928	-3.4328346
5.382044	-0.35058644
5.3617797	-0.33180025
5.3838716	-0.3610748
5.3679476	-0.34398472
5.3653326	-0.333309
5.3739667	-0.35683635
5.2664924	0.050031047
5.350071	-0.16386868
9.971776	7.7745023
9.978832	7.771908
5.219815	0.035495296
10.026228	7.7460814
9.97036	7.782491
10.421547	8.457555
-3.8483758	3.126707
10.411047	8.456909
-3.9442773	3.12764
-4.0254326	3.32609
5.1485167	0.09345677
-1.1237383	2.5115018
-1.1708328	2.5713258
-0.7630308	6.8887963
-0.5740258	6.068439
-0.21450335	6.1132956
-0.64967585	3.6681747
-0.6561603	3.6673815
-0.6493905	3.6707332
-1.2108904	2.5261302
-1.6928432	2.5109186
-3.2314308	3.3273113
-2.8431592	3.4889863
-3.3378909	3.3094041
-3.3310003	3.308955
5.446699	8.042535
1.7476261	2.2026606
1.6989696	-0.9842338
4.2760267	8.566416
4.2290635	8.600042
4.109579	8.919997
1.7338774	2.1870894
4.4051824	9.032456
4.3916283	9.028411
5.3523846	8.095521
1.7046634	-1.008419
2.4047	1.1076981
2.32672	1.1596112
10.605579	14.883844
11.661114	15.276044
11.656846	15.289889
11.745548	15.4686
11.774404	15.557511
11.761252	15.530324
7.4211574	14.67608
10.46548	14.873465
10.201004	14.886632
6.778121	14.525373
6.7397633	14.466802
10.736599	13.205024
11.10846	8.337545
11.351412	13.075061
11.056871	13.215305
11.052097	13.214082
11.047342	13.214833
10.743603	13.201402
10.747336	13.205056
11.779262	15.555229
6.6894093	14.447154
2.6872263	24.930943
6.378427	21.922104
6.40131	21.94065
6.385231	21.919277
6.3936195	21.934036
6.382431	21.917719
7.593094	17.651884
11.724147	17.068392
11.688251	16.982294
12.117134	18.553143
6.410493	21.92988
6.423558	21.94523
6.078451	17.403559
6.4073443	21.92491
6.4038577	21.916492
2.698547	24.92454
2.6889553	24.933044
2.6771636	24.947601
2.6979356	24.925154
2.6224267	24.982338
2.6357055	24.967716
2.6369078	24.966835
3.6063244	15.260257
2.863515	15.711983
3.0327725	15.55111
8.259425	18.763971
8.214536	18.808987
8.380945	18.700573
8.358207	18.678917
2.5854554	6.4863806
2.6517506	16.793226
1.1433889	13.22993
2.200396	10.1143465
-1.3730608	10.478671
-1.3618866	10.429416
1.6193633	9.5401125
-1.3803456	10.441112
-1.3686299	10.435253
-3.003962	3.507763
-3.3909152	3.2921026
-3.3627877	3.305368
1.6980989	9.773846
2.6216369	9.886053
2.9514532	9.804675
2.8461661	9.957422
2.9532764	9.900767
1.8324833	8.731594
-0.5695472	5.6752734
-0.56202537	5.722884
-0.5695727	5.865515
-0.5647773	5.756003
-0.56530225	5.7618623
-0.5470745	5.6509137
-2.709655	3.4269829
-0.50258166	5.468586
-0.57683414	5.6885295
-0.5662534	5.6875772
-0.5780607	5.7068176
1.788042	8.680355
1.8702176	8.796819
-0.35116947	5.246693
1.9145894	3.1839776
1.9320158	3.172367
1.4993583	9.8213825
2.578205	2.042504
1.8863556	8.835044
-2.1266015	10.745599
-1.4558227	10.474895
2.603915	2.5291522
4.291277	9.22012
2.2103043	1.8023154
2.1088967	1.799522
2.1700633	1.743711
2.3661706	1.1233964
2.3741577	1.1410649
2.364914	1.1257578
2.4315248	1.1006092
2.3489556	1.111474
10.613078	14.884157
10.606583	14.888504
10.886847	7.7508764
10.808812	7.712038
10.74549	7.802702
10.795581	7.7732763
10.838779	7.69116
10.563918	7.585956
10.897645	7.99295
10.948288	8.032537
9.810626	5.5672526
9.793112	5.706075
9.446653	6.3225765
9.445306	6.422094
9.471987	6.4191217
9.51634	6.0331445
9.528139	6.081486
9.541822	6.0494566
9.540572	6.0569854
9.322837	7.181179
9.288408	7.2753305
9.313899	7.289564
9.436258	7.3780837
9.455338	7.4075675
9.456987	7.4173903
9.444634	7.3855352
9.5642395	8.170803
9.5288105	7.531262
9.557083	7.7708993
9.494798	7.8416677
2.6666784	2.0559394
4.194903	9.532742
4.15156	9.477525
4.24153	9.502883
4.6539	9.500103
4.465206	9.465175
4.466299	9.449562
3.155116	9.681901
3.2428093	9.657401
3.18424	9.666031
3.2243485	9.6667185
3.2301166	9.662919
5.540249	9.879175
4.460584	9.42074
4.4379187	9.410141
2.657156	2.6122203
-0.58665454	2.2148063
1.7540594	1.9515102
2.5704565	2.010472
4.4916687	9.400427
1.9254762	1.8831357
2.5941384	1.9718609
4.2179513	9.514126
4.841945	10.678724
4.7591105	10.497324
4.7470646	10.470685
4.7611175	10.553354
4.78257	10.679177
4.7842827	10.68217
4.8272977	10.852715
4.753961	10.525583
4.7951536	10.702821
4.853477	10.734278
1.7226554	-0.9634352
4.8359494	10.718672
4.847914	10.719408
5.025754	12.075479
6.9333806	14.734487
5.0170493	12.36732
5.012597	12.376714
17.265604	14.676757
5.0375876	12.353963
5.014523	12.379299
17.25759	14.671471
17.26253	14.672819
11.419048	20.119587
11.346043	20.20382
11.370198	20.17492
6.7050757	17.759123
6.711184	17.766695
6.4814444	17.660812
6.507603	17.637535
7.7470217	17.969194
3.4398072	15.413296
3.4379241	15.495071
6.567057	17.66336
7.496906	17.709688
7.5494013	17.830437
6.7436304	17.795938
6.719039	17.776636
6.5101404	17.639181
6.563583	17.667248
6.597565	17.665548
5.5371323	16.005655
11.36601	20.185394
6.455699	17.598572
11.769605	19.389204
11.600092	13.313191
3.1424618	15.605851
4.4281287	16.657333
9.772152	3.5548599
9.761177	3.545787
9.801728	3.588462
9.785118	3.5773368
9.756368	3.5620115
9.780832	3.5725513
0.9498938	15.344866
0.9930885	15.314352
2.1986728	10.128105
-2.631029	12.018062
1.168595	13.230318
10.090394	-1.8143387
10.286486	-2.0622723
10.050101	-1.7885134
9.859327	-2.0739906
9.881909	-2.0141926
9.888137	-2.045247
0.88694614	11.859325
12.868625	-2.968211
11.622153	-3.42952
11.619577	-3.4277833
11.720825	-3.5526783
11.732529	-3.5859473
11.724387	-3.5684035
11.936841	-2.9145494
12.858496	-2.974656
12.871212	-2.9636252
12.886712	-2.9231057
12.854037	-2.9724708
12.869251	-2.9610038
12.645869	-2.190487
12.6344595	-2.173866
15.878891	-0.7968636
15.878503	-0.80510825
11.764486	-3.5428417
11.77377	-3.544415
11.75693	-3.547131
11.777381	-3.5376122
11.741268	-3.5627685
11.731709	-3.5505893
11.753938	-3.5665214
11.788185	-3.52819
15.864371	-0.7693272
15.878701	-0.79872173
15.864961	-0.8142191
15.867761	-0.8127014
15.872122	-0.80509174
15.860128	-0.82471
2.8912852	-8.922348
2.8403	-8.94952
2.9001453	-8.911934
2.846369	-8.969091
2.87069	-8.98944
2.9559944	-6.1096115
2.8501806	-8.982168
3.2976975	-9.781259
3.286423	-9.807441
3.2654855	-9.832329
3.2299974	-9.868612
4.2875037	-7.9617887
3.2345622	-9.867665
3.2077482	-9.880611
3.318537	-9.7737465
3.0091329	-10.256255
3.0130906	-10.249086
2.8885818	-6.02851
3.0098238	-10.254501
3.0223444	-10.237325
2.887433	-6.053428
2.9555354	-6.037897
3.0140471	-10.247759
3.2469974	-3.588618
3.248839	-3.5485
3.2411833	-3.5689173
3.229708	-3.597173
3.216516	-3.63509
5.2695594	-9.1300535
3.199515	-3.6335955
3.2037797	-3.6455271
2.6424072	-7.353361
4.200822	-7.8338966
4.200397	-7.8076515
3.7825592	-4.678849
3.7038827	-4.702982
3.7383833	-4.649128
3.776109	-4.68071
3.795652	-4.687916
3.7941186	-4.6901646
2.3254156	-7.184727
3.7921915	-4.695909
2.3792546	-7.2302923
3.038516	-1.9791608
3.0454218	-1.9950762
2.8111897	-2.0936654
3.1824098	-2.4008636
3.1806285	-2.406399
3.1153681	-1.9920759
3.0320232	-1.9651403
1.5065211	-1.8022331
1.521355	-1.7938585
1.5136471	-1.8061544
10.409601	8.478991
10.430256	8.561682
1.1580602	-2.2593937
-1.2563729	-3.2968266
-1.5554739	-2.901506
-1.2962116	-3.3603215
0.093721956	-2.8891983
10.403965	8.567338
10.704426	8.328372
10.698237	8.334338
-1.4315109	-3.4018676
-2.1000476	-3.424453
5.378573	-0.34858897
5.3669972	-0.3349247
5.335013	-0.09281032
5.361189	-0.09669126
-4.126073	5.73194
5.3799233	-0.06572298
5.3593616	0.037295673
5.470473	0.13728327
5.4746766	0.12101969
5.4170966	0.14852826
5.4859853	0.18268846
5.459615	0.1295493
5.490948	0.19405279
10.677883	8.136896
10.640374	8.135308
10.659878	8.208437
9.960003	7.777152
10.016145	7.796376
9.952119	7.785324
9.95113	7.798003
-0.22733018	6.9841585
-4.1112976	3.1073542
-4.135735	3.112228
-4.084716	3.2440898
-1.194297	2.6121767
-1.0864965	2.5676033
-4.0218987	3.2844284
-4.0233674	3.2609053
-4.0485706	3.2547808
-4.0630937	3.2337472
-2.6848478	3.469585
-1.1273762	2.5927677
-0.66033113	2.2554002
-0.5938314	2.2211947
-0.60002965	2.1960654
-0.6367995	2.2233474
-0.6119918	2.2036457
-0.61172915	2.2571707
-0.5929634	2.2123811
1.713117	1.9720821
3.9428203	8.937193
4.2816114	8.553776
4.3166857	8.553469
4.2507954	9.230147
3.741381	9.13542
2.0867767	1.759719
4.3694334	9.069847
4.3868685	9.079883
10.015557	14.9873295
1.6216915	-1.0643272
1.6460872	-1.0398911
1.6379673	-1.0625297
10.389361	14.982777
10.367164	14.996299
10.364672	14.991166
6.9559336	14.716651
10.715969	13.20212
11.138328	13.238228
7.686446	14.669849
11.961642	15.698256
11.906128	16.10127
12.148096	15.886364
12.079059	15.881361
11.92526	16.06005
10.770922	16.34507
11.913629	16.081656
5.810309	21.038212
10.780575	16.328949
5.8127513	21.019276
0.8284342	15.431796
2.5722475	25.034058
2.5898561	25.01574
6.2103066	21.627087
2.6060894	24.99924
2.6961188	24.92722
0.94890743	15.327259
2.9310482	15.620531
9.782309	3.5689297
2.8021781	15.770838
8.361441	18.693949
6.2113447	21.628492
8.408688	18.704199
8.417654	18.660995
2.9209692	15.639276
2.7423398	15.826525
8.720418	18.359207
8.754007	18.344978
2.76606	15.822767
1.513543	14.724864
1.8302478	9.593832
2.0765264	9.569961
1.7913675	9.656883
1.813899	9.598231
2.032792	9.437209
1.7873311	9.629173
2.2052367	9.308274
-2.4402022	11.134116
-2.732532	11.959145
-2.7597852	11.951845
-2.5566592	10.88339
-2.3965425	11.16504
-2.4079664	11.180205
-2.501761	10.863785
-2.5044003	10.847873
-3.926997	12.063626
-3.8559213	12.083793
-2.8938947	11.190683
-3.4209547	11.376003
-2.9071896	11.172697
-2.8432524	11.175088
-2.891064	11.207347
-2.5882206	10.870459
-2.6023717	10.846515
-3.0286708	11.499889
2.3196929	9.180879
2.6782992	2.1256077
2.6958885	2.645957
3.9976194	9.431209
2.6741388	2.1137218
3.9994745	9.3904
2.6916497	2.6276553
3.425608	9.25646
2.075204	2.195557
2.0885718	3.0624697
4.056651	9.437341
1.9696742	3.119999
2.6174579	2.0273438
3.0973532	9.025841
1.484245	9.800715
3.384252	9.18892
3.4259543	9.221492
3.4050226	9.223741
3.397063	9.192244
3.395546	9.235769
3.4376237	9.22336
1.8223081	2.3390832
1.8193786	2.3053515
1.9434369	3.1288936
1.9689184	3.1158693
1.9612589	3.1016953
1.9781451	3.0675988
2.6898582	2.650841
2.2292705	1.8078104
2.315544	1.7923902
2.5766025	1.4577808
2.5847049	1.4672626
2.3623292	1.1347522
4.240603	10.6227045
4.9578195	10.761609
1.6923187	-0.9515254
1.7145237	-0.9704082
1.7235645	-0.9837121
2.4422152	1.1891465
4.2513604	10.621774
11.902521	14.869749
9.945584	5.357902
9.836029	5.540362
9.172737	7.1710167
9.821856	5.550872
9.83383	5.5538845
9.8061075	5.575944
9.314078	7.260307
9.252773	7.253008
9.162757	7.160739
9.473079	6.750249
9.31067	7.2491217
9.1742935	7.142847
9.362688	7.080041
9.467395	6.7472386
9.643151	6.2951865
9.477088	6.761471
9.594056	6.735521
9.564713	6.7324142
9.57013	6.7240887
9.581397	6.7034006
9.50679	8.259523
-3.8972728	3.716246
-3.5423005	3.1597815
-3.7005663	3.1673524
5.5221925	9.865925
-3.7496412	3.1857529
5.531141	9.857583
-3.4201145	3.1977189
11.150195	6.7967525
5.2805967	9.291118
5.5374517	9.855604
4.6844273	9.502629
11.175821	6.78361
4.68149	9.500517
5.2375193	9.373111
5.2343674	9.384481
4.6683583	9.494613
5.2452555	9.381294
5.2568717	9.373857
5.277541	9.306954
5.274287	9.310726
5.2812877	9.284506
-0.55298406	2.2397876
1.841131	1.88254
5.240306	9.405759
5.226396	10.70151
5.231464	10.767024
5.2279425	10.787561
5.2247176	10.770583
5.2105384	10.783306
4.8287683	10.851184
4.8563595	10.867372
6.3071904	12.260861
6.1104026	12.703954
4.6577234	5.202383
6.070982	6.1452565
6.095608	6.190926
6.1145387	6.114586
6.115349	6.134722
5.954654	5.777938
6.02784	5.856613
5.5266047	5.396923
5.592926	5.239291
5.8743277	5.6920342
5.5168085	5.406691
5.526989	5.379003
6.0093584	13.755702
5.52949	16.021513
6.5354996	17.619347
6.735603	17.696663
6.4768443	17.609936
6.538194	17.646364
6.5127954	17.639853
6.51163	17.639929
7.7704177	17.99323
7.724746	17.936586
8.003487	18.31401
7.661795	17.865896
5.9991026	13.737966
6.0214767	13.769722
6.7565594	12.092336
6.7595263	12.086997
9.654717	14.963839
5.9882298	13.740103
7.9469485	11.167476
7.954938	11.1785345
7.958071	18.305899
8.363819	18.659182
3.0404627	15.5575285
2.4944544	16.042322
2.49195	16.043217
2.4846907	16.041155
2.9836838	15.6013
8.121444	18.551819
3.058888	15.540525
8.125949	18.492477
2.6201255	24.983913
1.0059712	15.3153305
1.0434504	13.411623
9.888727	-1.0970892
1.5625491	12.108802
2.7012987	16.702152
9.869462	-1.1602421
9.889424	-1.1886137
9.885053	-1.2086613
9.885415	-1.2013181
9.860222	-1.2038895
10.893596	-2.5226285
-1.6367117	12.411974
12.61601	-2.1559381
10.859022	-2.5298643
10.921031	-2.5684168
0.81646526	11.840504
0.85206896	11.873417
-1.6883456	12.362798
12.878014	-2.949599
12.353298	-1.7899106
12.350563	-1.7895871
12.603388	-2.1390395
12.652451	-2.2255058
12.627103	-2.1629694
12.616381	-2.1641774
12.304114	-1.8484666
12.627549	-2.1678548
12.630634	-2.1687763
12.601466	-2.1260982
1.0973456	11.283574
1.0756522	11.312409
1.0769117	11.311545
1.0966951	11.314153
1.0862787	11.303698
12.710296	2.718496
15.885375	-0.74501467
12.346669	-1.735795
12.329651	-1.7757604
12.294475	-1.7161366
12.736333	2.7458775
2.752001	-7.4848614
3.4507174	-8.710194
3.4024105	-8.662793
3.9359381	-8.751636
4.157089	-8.900793
4.204825	-8.945182
4.181428	-8.923945
3.7883794	-8.59498
3.5332859	-8.434532
2.8072255	-7.7010803
2.7964914	-7.6824183
2.7840378	-7.671441
2.7945979	-7.6875453
2.80245	-7.6963162
2.7848423	-7.664988
3.5596712	-8.421854
3.7256708	-8.229763
3.555687	-8.42719
2.7765899	-7.606671
3.574286	-8.347285
3.572809	-8.352155
3.5482085	-8.459515
3.2691154	-8.734196
2.8642745	-9.018907
3.0904179	-8.936207
2.930249	-9.010976
5.3096037	-9.342554
2.9021454	-8.905653
2.9325073	-8.867429
2.695379	-7.5749974
2.8301582	-8.967692
2.8625686	-8.984061
4.3122387	-7.9763803
4.294877	-7.981502
3.8329873	-6.4947066
3.8164551	-6.4870224
2.8994215	-6.082574
2.9430828	-6.0611563
2.96191	-6.1193604
3.790486	-7.386433
2.7326725	-7.4184217
3.7057655	-8.126568
-0.042949103	-3.8615167
0.08213974	-3.6772249
0.14175913	-3.6414523
3.4890537	-4.5323896
2.342359	-7.1966777
3.781011	-4.6843243
2.3522635	-7.208368
3.7832847	-4.6857476
2.875588	-2.0664425
3.1234462	-2.0454931
3.1111996	-2.032261
3.1492162	-2.0749729
5.995704	-9.333746
5.983121	-9.334006
4.5705066	-5.734866
5.980253	-9.335904
5.974146	-9.328684
4.534251	-5.711955
3.182209	-2.403265
3.2510993	-3.3285031
3.2122293	-2.4381359
3.1768136	-2.39508
1.5074724	-1.8241898
1.521833	-1.7521516
1.3993523	-2.0222285
1.4053618	-2.0082564
-1.1379851	-3.1118443
-1.1121248	-3.0965436
10.389615	8.5559435
10.728489	8.343031
-1.2648948	-3.2957754
-1.3101046	-3.3808165
-1.2835159	-3.3633392
-1.3218793	-3.3805366
-1.2977206	-3.383728
-1.3048452	-3.381261
-1.2769629	-3.313469
-1.4853584	-3.3524795
-1.6199031	-3.3393233
9.964984	7.7820716
5.343927	-0.010651379
-2.2116256	-3.4641795
5.3816867	-0.30561975
5.3442655	0.007500589
5.343819	-0.007719662
5.2305226	0.088631704
5.274973	0.14980172
9.960371	7.752594
9.988331	7.764278
-3.742454	3.1444783
-3.818839	3.0830395
-4.127045	3.0680127
-4.0300236	3.3063948
-4.0295386	3.2904298
-2.686156	3.438522
-4.03954	3.276731
-4.058322	3.3191087
2.9298804	-6.024424
5.1447773	0.07228849
-1.0678889	2.5493908
-1.0621852	2.555116
-1.1278434	2.585079
-1.123682	2.5734267
-0.68546855	6.922232
-0.6684777	6.0287957
-0.58027107	6.0484385
-0.5521889	6.0608544
-0.63263786	3.6968198
-0.6469686	3.6763394
-0.64707696	3.6770623
-0.65061104	3.6795738
-0.6463782	3.67829
-0.6398679	3.6863286
-0.64633465	3.6779306
-1.0416328	2.5262978
-0.6116592	2.2309926
-0.621737	2.1995885
-0.6096648	2.1997192
-3.3279626	3.3322244
-3.2711265	3.3119001
-3.3155859	3.3267357
-3.3205404	3.3226855
1.7222857	1.9675071
1.9259785	-0.52306163
4.344959	8.573068
4.2880664	8.527886
4.3387227	8.548941
1.7347188	1.9806548
1.7406136	1.9878547
2.0609884	1.7851546
4.378213	9.03431
1.8869824	-0.6032097
10.244159	14.9967575
10.342034	14.998509
10.477511	14.874496
1.6600271	-1.0281336
10.328551	15.00286
11.896381	16.05962
10.751651	13.205922
10.718487	13.199376
10.74065	13.206245
8.871382	9.487538
11.905564	16.072105
11.914322	16.075314
6.706931	14.461757
6.689873	14.457651
6.7063546	14.457455
11.810868	17.508757
11.829307	17.520063
11.838149	17.535152
11.912741	16.17415
11.696896	16.976425
11.70129	16.976454
11.693873	16.98117
6.2142715	21.632174
11.699053	16.977139
6.410807	21.924902
9.83377	3.710137
6.207436	21.61721
2.6312377	24.970903
6.2039084	21.613314
2.629705	24.972775
6.2125983	21.627804
8.243536	18.752554
8.230905	18.769724
8.350874	18.676718
8.25767	18.76488
8.367604	18.69444
8.377241	18.680367
8.228326	18.805634
8.257	18.783836
8.321933	18.625261
2.955448	15.608349
2.9538069	15.604792
2.9704902	15.593291
2.9904106	15.583238
2.971531	15.601747
2.9913728	15.584736
2.94066	15.63103
1.540871	14.715336
-2.3797522	11.159285
-2.4249043	11.127646
-2.4225237	11.1480875
-2.6992147	12.1531925
-2.5876603	10.85873
-2.9843512	11.436669
-2.9509966	11.453243
-2.8734415	11.229995
-2.8904386	11.20907
-2.5854285	10.858948
-2.78019	11.903476
-0.5239254	5.792904
-2.7784452	3.450878
-2.8032897	3.4569728
-2.7951584	3.4572217
-2.7677727	3.4448507
-2.7065654	3.417376
-2.714269	3.4206133
-2.7259598	3.43607
-2.8150392	3.4406257
1.9463918	3.1820502
1.683852	9.58997
1.7303128	9.577042
1.7144041	9.720615
1.7300366	9.636783
1.7158623	9.753036
1.6928234	9.79759
1.9693714	8.99013
1.5143125	9.839571
1.5094341	9.827601
3.3432457	9.259957
3.3419785	9.2601
1.5210283	9.826959
3.3416233	9.2369795
3.368296	9.210289
3.4016397	9.235617
3.373539	9.228719
3.3678257	9.25361
3.3545237	9.20441
1.7906907	2.3213394
1.9826679	3.0945327
1.9581414	3.1029558
2.2168198	1.790591
2.2684474	1.7914389
2.5008082	1.8754462
2.5852304	1.4652827
2.6034517	1.4819026
2.588754	1.4703375
2.6060948	1.4878079
2.6007383	1.5009072
2.4322274	1.1165223
4.268351	10.64902
8.056179	10.97843
2.1356704	1.6341608
2.1561882	1.6347132
4.761691	10.748975
1.6795102	-0.9902751
2.3666432	1.1428859
4.724436	10.728802
4.198554	10.588564
10.643531	14.880167
10.69703	14.87002
9.77424	5.619042
9.786125	5.6312065
9.73937	5.782521
9.718439	5.8554378
9.630067	5.903304
9.632254	5.7470374
9.593069	5.9636
9.70225	5.879277
9.478209	6.7319827
9.46248	6.6922455
10.546913	7.580365
10.570147	7.5583577
9.174482	7.146837
9.488983	6.6842365
9.6510105	6.266449
9.493361	6.696793
9.533773	6.6897283
5.2151647	8.17262
5.214604	8.148396
4.7114687	7.9208374
-3.903133	3.7177753
0.94224733	7.7633514
0.9437539	7.7650037
0.9471971	7.768174
0.9341093	7.755093
0.9663105	7.7923336
0.91493833	7.7366366
-4.196809	2.8935468
0.9709336	7.795819
-4.1887255	2.9252243
-4.203335	2.8966072
-4.2049813	2.89623
-4.185243	2.9288092
-4.1629066	2.9559245
-4.188673	2.9219978
-3.8683507	3.761429
-3.883911	3.724537
-3.9557147	3.0314062
5.5192766	9.866147
-3.7391572	3.1537662
-3.6173584	3.1639051
-3.4402301	3.194239
-3.484262	3.1714418
5.5427246	9.863583
4.499527	9.3993845
4.673573	9.495781
5.5372686	9.866925
5.532442	9.8653555
5.497315	9.857371
1.842232	1.9676387
1.7958877	1.916464
1.7758187	1.9443274
5.1971054	9.429727
5.133251	11.040323
4.8276715	10.85237
5.4178505	9.241977
5.244699	10.681698
4.830565	10.852848
1.6584026	-1.022742
6.1272182	12.106573
6.1124806	12.709764
6.116582	12.699477
6.1246595	12.67616
4.545801	5.126271
5.5992594	5.152496
5.5304174	5.374471
5.5289865	5.3727875
5.514222	5.3922224
5.9248238	5.6612525
5.5369873	5.3984485
6.184623	5.498129
5.9955015	13.761455
7.7492213	17.966856
7.752806	17.967587
7.7631745	17.984818
6.511418	17.635645
6.509245	17.6366
7.723552	17.939556
6.540093	17.645477
6.5089693	17.639168
7.7410955	17.952644
6.610358	17.65869
7.582517	17.747038
6.502706	17.611605
6.5321293	17.643372
7.976611	18.304113
6.0222855	13.741268
8.219913	18.552818
5.9856586	13.730461
8.377121	18.622414
7.9732785	18.325302
8.318365	18.632662
9.766309	3.552123
2.4495316	16.080322
2.5068924	16.097654
2.4841352	16.04877
2.9891388	15.593298
8.114109	18.55085
3.039274	15.554287
2.5601704	15.955617
2.6306217	24.974903
2.5515711	15.996555
1.0073168	15.280139
0.9842376	15.314003
1.1593801	13.265276
9.88838	-1.1144004
9.887692	-1.1831994
9.883366	-1.2089691
9.896905	-1.1951913
9.887677	-1.2083333
10.917079	-2.5387423
-1.6163754	12.398852
10.856026	-2.5159495
10.863489	-2.526725
0.8702516	11.875559
10.90637	-2.5487437
0.86836094	11.878871
0.85515434	11.874873
0.8690682	11.892725
12.868868	-2.9535635
12.820646	-2.9782517
12.618429	-2.1560857
12.871383	-2.9575408
12.62015	-2.1810174
12.624714	-2.1615574
1.0791885	11.301845
12.705794	2.7143602
12.706126	2.7170289
12.350534	-1.7574209
4.1101336	-6.4221272
3.840738	-6.480379
3.8253968	-6.4866033
3.8311386	-6.489073
3.8189487	-6.485856
3.8602676	-6.46648
3.8258877	-6.4838223
3.8245037	-6.4808846
2.90425	-6.0458446
2.8763638	-6.020956
3.836935	-6.4888973
2.9232826	-6.068607
2.9264767	-6.0728827
2.9190261	-6.062569
2.9070203	-6.0493965
2.9167514	-6.0625563
2.9533994	-6.1105185
2.9881032	-6.1257453
3.8526058	-6.455909
2.739733	-7.39763
3.7643552	-7.4405737
4.2160296	-7.858903
3.2222214	-4.0757895
-0.033607267	-3.8949702
3.2208748	-4.0226307
3.3888335	-4.3704524
3.2225876	-4.050409
-0.036125444	-3.880991
3.786393	-4.71289
3.797421	-4.7015924
3.769415	-4.691379
3.8109744	-4.678092
3.054453	-1.9764701
2.8623753	-2.0731707
3.0710738	-1.9987906
3.0929635	-2.0178592
3.0954998	-2.008576
4.5077605	-5.6853247
3.0561686	-1.9842408
3.0590127	-2.0005424
1.5398102	-1.748915
1.5167677	-1.805817
1.517628	-1.8368447
1.5209085	-1.7577145
-1.5849581	-2.909453
-1.6575587	-3.035735
-1.7803801	-3.2540393
-1.7837797	-3.256582
-1.4986187	-3.3163316
-4.1328363	5.768087
-1.6212764	-3.3374975
5.4177914	0.059607152
5.3916874	0.038135152
5.364186	-0.033085443
5.3675036	-0.024554254
5.393766	-0.30955374
5.328315	-0.23266141
5.290988	0.047302283
5.2579117	0.08768536
5.2378783	0.037111033
5.3959966	0.18633652
10.012834	7.7167425
9.960751	7.7968516
-3.813539	3.1190536
-3.7231016	3.147217
-4.075439	3.1457164
-4.030369	3.2071757
-4.068908	3.2226167
-1.0339484	2.5239053
-1.054568	2.5401673
-0.7580572	6.881827
-0.6479707	6.0508456
-0.6575112	6.0383096
-0.6656163	3.641901
-0.6463999	3.678507
-0.63088524	2.2194417
-0.635313	2.2526445
-0.61573684	2.2051232
-3.2841423	3.2975094
-0.61940026	2.197703
-3.323268	3.325933
1.7098322	1.9661099
1.7208511	2.1999497
3.3320143	9.452567
4.32629	8.516103
4.311598	8.573878
1.7347405	2.1668959
3.6370573	9.189744
4.3539643	8.589432
9.703215	14.946919
1.7178305	-0.955242
2.3057556	1.1809994
1.6503911	-1.047992
11.749391	15.48599
10.261736	14.912819
10.129296	15.035077
10.150263	15.044713
10.203273	14.924882
10.7699	14.854344
10.719127	13.203229
11.285713	13.106461
11.292231	13.132191
7.6679554	14.6751
11.959325	15.739344
11.974707	15.708773
11.907902	15.718675
11.910013	16.068394
11.929631	16.073679
11.909109	16.097307
10.768739	16.345331
10.766474	16.346724
10.746218	16.351347
9.787803	3.5659614
2.65002	24.952723
0.93512785	15.353759
3.6503322	15.226544
8.39408	18.674362
8.341483	18.650496
2.9553425	15.618065
8.37471	18.683878
8.375329	18.664162
8.385402	18.693459
8.732435	18.356144
8.374974	18.69244
8.306907	18.766912
8.402979	18.693007
8.742851	18.34111
2.8354113	15.6835165
2.7256837	15.86955
2.7226553	15.895634
2.8508635	15.701667
2.8839185	15.669034
2.7266066	15.852589
2.7032163	15.875373
2.6292925	16.864723
-2.33781	11.188523
-2.3388243	11.181525
-2.3247292	11.219231
-2.7494164	11.948411
-2.56427	10.875456
-2.8713915	11.849866
-2.8894417	11.150823
-2.8372548	11.223491
-2.8903267	11.219237
-2.5698514	10.855827
-2.5657113	10.84141
-2.8219037	3.4619994
-2.82555	11.875806
1.4142106	9.3224745
-1.4075592	10.489167
-1.402086	10.4367695
2.6945896	2.6126957
-1.3877971	10.422609
-1.3767585	10.438716
2.6881175	2.625244
1.3656273	9.848287
1.9693881	3.114277
1.3656477	9.855427
1.3690853	9.84749
1.3678074	9.853778
1.8596699	2.4152892
3.1123872	9.041809
1.3607928	9.855098
3.1347868	9.057122
1.9811054	3.1338782
1.967101	3.0715008
1.9586356	3.0958905
1.9603987	3.0898335
1.9772675	3.088173
2.6653025	2.6629434
2.670151	2.6502647
2.67604	2.6399198
2.5713913	1.9867514
4.0745935	9.39668
4.0825253	9.400497
4.3461776	9.2048025
-2.1302345	10.823903
2.1654866	1.7848727
2.4995553	1.2790842
2.507609	1.2800802
2.5186956	1.2803406
2.4433491	1.1327335
2.456157	1.155408
2.141136	1.6935406
4.828012	8.307278
2.1481063	1.6531855
2.137678	1.6686405
2.371917	1.1113068
2.3679469	1.1294062
2.3725972	1.1166329
4.181122	10.5898285
4.071217	10.542902
4.0776796	10.548289
11.899345	14.820998
11.900738	14.817684
11.891803	14.811737
11.618309	15.133666
9.9404	5.388668
9.694083	5.672853
9.637354	5.892197
9.625038	5.912407
9.640886	5.8995857
9.846158	5.585919
9.152244	7.1807613
9.21103	7.1925464
9.174311	7.1547995
9.226085	7.2211804
9.202016	7.1889052
9.498842	6.8058424
9.494913	6.7548647
9.30406	7.2559786
9.429324	6.7989836
9.909957	7.1475916
9.521982	6.72867
9.896918	7.126483
5.2579746	8.16719
8.433564	9.971106
-4.2055936	2.8997052
-4.206208	2.8879538
-4.211423	2.8902173
0.94462883	7.771939
0.95765066	7.7815185
0.9592489	7.7860327
0.97562337	7.8012524
-4.0223536	3.5886285
-4.027998	3.57075
-3.686435	3.1589053
-3.891215	3.0533404
-3.5407076	3.166861
5.275508	9.300339
5.272868	9.299852
-3.434081	3.202467
-3.443408	3.186489
5.2789183	9.313116
11.178216	6.7757964
11.164235	6.794436
5.2905035	9.27567
11.162347	6.7918324
4.4742613	9.43179
4.6636133	9.50001
4.701422	9.509566
5.5334554	9.860553
5.5422044	9.862682
5.525819	9.861425
5.179414	9.744432
2.6333141	2.5621347
1.9960922	1.8393853
1.8170877	1.9189681
5.494135	9.864491
5.2260795	10.672936
4.8392506	10.855758
5.2365665	10.762316
5.2766294	9.471282
5.2265596	10.763449
4.8428345	10.8659935
4.8305674	10.848077
1.7828009	1.9112474
6.3069606	12.340342
6.282791	12.297085
6.126532	12.726464
5.1190577	5.2593036
5.5896506	5.145459
5.6159244	5.0956955
5.597318	5.134248
5.5772867	5.1380835
5.608504	5.1502347
5.586401	5.15506
6.0261087	5.863886
6.0260615	5.851306
6.0836215	5.8517966
6.02394	5.779695
6.015059	5.754174
5.529347	5.391548
5.5205584	5.3601656
5.505957	5.36143
5.524452	5.359957
5.9924655	13.76943
6.0225816	13.786883
5.537909	16.03101
6.007032	13.772781
7.750317	17.972628
7.751724	17.975824
7.566018	17.725275
7.7221155	17.937845
8.16327	18.52295
7.919052	18.25742
8.747005	18.357727
7.951663	18.297287
8.135746	18.532518
8.332201	18.636957
2.5572326	15.973369
2.4846582	16.047825
8.274409	18.599436
8.3035345	18.648373
8.116112	18.54653
3.0341954	15.5616665
2.5533242	15.960799
1.0038496	15.303727
2.4909136	15.955538
0.9992668	15.326145
1.1454457	13.225032
1.6073357	12.058858
9.892007	-1.1223302
9.883685	-1.2231194
9.872836	-1.1958045
9.887318	-1.2093079
9.850003	-1.1918352
10.926702	-2.540126
10.888418	-2.528816
10.922853	-2.5512316
10.838874	-2.5025299
10.866345	-2.5112612
10.935437	-2.5537026
0.9216924	11.931745
10.948971	-2.5487003
5.1442857	-6.246978
12.870969	-2.9481976
12.899383	-2.9265707
12.639274	-2.1822855
10.937485	-2.5451422
1.0893308	11.292462
12.698633	2.7034853
12.705674	2.7162962
12.302352	-1.7163647
12.292294	-1.7290766
12.285017	-1.7031856
12.297631	-1.718121
12.326774	-1.7564329
12.304183	-1.7360628
12.301699	-1.7296567
12.304794	-1.733822
12.302093	-1.6947389
12.2885895	-1.706579
12.282872	-1.7318285
12.295249	-1.708628
12.735966	2.7455764
12.740793	2.7501895
2.910422	-8.895752
2.8250601	-8.964551
2.8143978	-8.960863
2.8016403	-8.99028
2.939224	-8.866497
3.2909741	-9.795055
2.8118935	-8.950895
3.299119	-9.780678
3.2530901	-9.843236
3.249273	-9.8463745
3.306281	-9.775845
3.2929857	-9.792299
3.3025358	-9.815327
3.2869594	-9.810041
3.2861767	-9.81288
4.3023815	-7.941552
3.2812133	-9.819018
3.291178	-9.817475
3.2741656	-9.832754
3.269478	-9.835426
3.256173	-9.849633
3.2139385	-4.0249414
3.2293875	-3.6161687
3.205516	-3.9931326
3.212119	-4.0206814
3.2098997	-3.9970076
3.216805	-4.0398264
2.7310734	-7.4342985
4.186717	-7.7942367
3.215302	-4.0340366
3.2395217	-4.083823
3.7865326	-4.7047834
3.732656	-4.648098
3.794995	-4.676119
3.218117	-4.034857
3.7247865	-4.645692
3.7693446	-4.675418
3.0689588	-1.9896073
3.0572872	-2.0031214
2.3468688	-7.197846
3.0828655	-1.9664096
2.8761072	-2.067121
3.079254	-2.0094993
3.0668862	-1.994221
3.0992692	-2.0202744
3.0870292	-1.9834898
3.0752385	-1.973224
1.5181605	-1.8149554
1.5221814	-1.9074095
1.5286818	-1.794415
10.697921	8.366572
10.410261	8.495654
10.432962	8.555013
-1.3438615	-3.381074
-4.160177	5.750891
-2.137017	-3.4267507
5.379008	-0.35901392
5.376038	-0.3503286
5.348454	-0.18377405
5.373202	-0.07598494
5.318744	-0.01772406
5.2451143	0.08277607
5.2495923	0.079694696
5.264222	0.048262905
5.3453007	0.0004174387
5.249772	0.08190318
5.2481456	0.11305115
5.281504	0.13535964
5.4098215	0.19547494
5.432925	0.19043282
9.9778595	7.783545
9.969809	7.812354
9.957476	7.8012567
9.959072	7.7879777
10.400165	8.4897175
7.958562	11.0191145
-4.1154504	3.12908
-2.7102447	3.4411612
-4.026155	3.2846558
-1.053549	2.544296
-1.0554465	2.5438938
-1.0525552	2.5408294
-1.0513306	2.5393476
-1.0561663	2.5420516
-1.0444789	2.535847
-0.6767879	6.9237747
-0.6436255	6.9366903
-0.76461965	6.8873153
-0.6698083	6.0317516
-0.58829916	6.0417337
-0.23981579	6.1090693
-0.6750936	3.6407135
-0.6773979	3.6349943
-0.6465644	3.6795106
-1.045449	2.5302913
-1.1692829	2.590548
-0.63563454	2.2508888
-0.6111406	2.1987247
-3.3274474	3.3248632
-0.59300786	2.2146502
-3.3316855	3.3228004
-0.58372223	2.2247148
-0.5799145	2.201694
1.7202463	1.9734498
1.9205875	-0.44542643
1.725659	2.1854155
1.73034	2.1815302
1.7113093	2.004588
4.2593427	8.586004
1.6655449	-1.1146754
4.310617	8.54665
4.2359095	8.627702
1.9185627	-0.41215453
1.7300502	2.1539347
4.3552294	8.597175
4.3662405	8.584489
1.8897065	-0.5902721
1.6894194	-0.9652672
10.012865	15.000218
1.6362778	-1.0618275
1.6206571	-1.0735048
1.6586815	-1.0289117
10.163885	15.048964
10.161384	15.049821
10.361091	15.004872
10.727616	13.203079
10.7165	13.221881
11.840689	15.70779
11.785188	15.549263
11.755994	15.535627
11.844145	15.716703
7.3849525	14.678004
3.8215451	15.142832
6.7111354	14.4655
6.699697	14.46308
6.726341	14.446283
6.7103534	14.466482
3.7982852	15.163542
3.8551745	15.115472
11.868721	17.591105
3.8223858	15.143825
10.747476	16.351448
6.2130723	21.628275
11.696373	16.969221
5.985635	13.71646
5.9861417	13.708552
6.002802	13.69922
5.9867315	13.7149
5.973867	13.703097
6.435241	21.926992
6.420511	21.936872
2.6985636	24.925232
2.6198862	25.002445
2.6122358	24.993979
2.599312	25.006603
2.6089475	24.996822
6.2372193	21.649868
6.2120733	21.62887
3.641441	15.230447
8.344739	18.66889
6.212712	21.630573
8.381291	18.684402
9.970115	4.5028763
8.734879	18.357973
2.8843205	15.690367
8.739932	18.345402
8.321718	18.631838
8.374813	18.6869
8.344851	18.685429
2.653003	16.806467
-2.3348591	11.187922
-2.4082143	12.11342
-2.8947227	11.183924
-2.8904362	11.230756
-2.5820813	10.844096
-2.5952427	10.866232
5.2077613	0.101961546
-2.572932	10.844831
-2.5655417	10.841651
-0.20131087	6.1170335
1.5252203	9.819967
-1.4045587	10.440094
1.5758821	9.820017
1.7294945	9.590199
1.5299771	9.818156
3.399828	9.255512
3.3944302	9.255546
1.8129945	2.3201208
3.4538715	9.289435
3.4010906	9.265806
3.6252356	10.29236
3.144258	9.077877
1.3557959	9.859609
1.3672835	9.85507
3.139237	9.05824
1.362513	9.861281
3.1351697	9.046677
3.1320643	9.053947
3.140658	9.056185
3.1375904	9.05838
3.4035833	9.2277775
1.9621358	3.1020896
1.9621572	3.1173728
2.6709197	2.6380553
4.2280345	9.226466
2.524852	1.719283
2.4159384	1.0925213
2.4021728	1.1234479
2.3674345	1.1288536
4.748755	8.413505
8.271069	10.312353
2.431073	1.1297799
2.3957593	1.1118424
2.3391235	1.1789008
4.2270546	10.609186
4.2025504	10.594919
12.135096	10.859623
4.096423	10.554146
4.085775	10.539905
10.844213	7.556589
10.596659	7.630903
10.55575	7.5666184
10.578264	7.599281
10.538239	7.5712156
9.188697	7.138392
7.945849	10.846772
9.479101	6.7269444
9.131758	7.1475663
9.585026	6.732465
10.322276	7.89853
8.405181	9.982956
8.401297	9.989402
-0.27391294	6.9603887
-4.027403	3.5428424
0.9602108	7.7842503
-0.2588216	6.9721255
-4.1519833	2.9153914
0.9676778	7.791975
-4.208695	2.8999949
0.9549513	7.7784543
-0.26984823	6.9684067
-3.9993448	3.5687048
-0.2586042	6.98816
-4.0101256	3.5813816
-4.018056	3.536947
-3.8494818	3.7667499
-3.8910267	3.7400599
-3.5060825	3.1626585
11.119948	6.830909
-3.410734	3.2024057
5.2620583	9.312087
5.2650814	9.311332
5.257729	9.314192
5.2438097	9.315191
5.2298784	9.38668
5.2604704	9.311307
5.308445	9.336089
4.7633305	9.539204
1.7689768	1.9294934
1.8019505	1.9394029
1.8389022	1.9008343
6.791842	12.05869
5.191569	10.929405
5.225809	10.768378
5.233389	10.757821
5.0943494	10.731777
4.814803	10.84587
4.7923436	10.840722
6.2799525	12.313195
6.1081567	12.688153
6.114831	12.714255
6.732713	4.3762035
5.5462546	5.3869076
5.5168896	5.376302
5.5274386	5.374601
5.5586357	5.39406
5.493527	5.402702
5.541989	5.396694
5.9953556	13.764204
6.0080414	13.765939
7.738021	17.954754
9.703479	14.93704
5.9868827	13.776851
7.7316155	17.942804
7.752377	17.976595
7.7656703	18.009125
7.720099	17.933073
7.581535	17.745596
6.0127406	13.745035
7.58703	17.767586
7.6030135	17.776909
7.598216	17.763885
7.571517	17.76039
7.6081223	17.797447
8.0660515	18.453638
6.764479	12.091677
6.7363014	12.112405
6.8293343	12.034728
6.8081284	12.046591
8.099308	18.502626
8.339868	18.652002
2.5317218	16.00104
2.474205	16.0693
2.4735143	16.060698
2.455853	16.083921
8.10825	18.554306
2.557301	15.976118
8.365046	18.686422
2.4721525	17.467339
8.3700485	18.697615
2.7014127	16.68989
9.8880625	-1.0916924
2.6741967	16.67505
9.877898	-1.1156542
9.886767	-1.2098397
9.885638	-1.2043138
9.884845	-1.2037029
9.857605	-1.2011065
10.919157	-2.5328135
10.832617	-2.4959245
0.87189656	11.872877
10.860401	-2.5454087
10.957894	-2.5536845
10.9432335	-2.5424883
10.928698	-2.5476167
0.8601232	11.87966
0.8680209	11.879672
0.85997343	11.876645
12.625411	-2.1637607
12.632548	-2.1788619
12.6321535	-2.1689034
12.621502	-2.1514552
1.0781195	11.3102665
12.38585	-1.84464
12.707726	2.7165043
12.304995	-1.7256503
12.722627	2.7296107
12.734836	2.744629
12.736999	2.7449975
12.712403	2.7221448
3.9416072	-8.729834
3.9189973	-8.734704
4.231824	-8.945779
4.3306594	-8.892569
4.2861505	-8.924872
4.267562	-8.940593
3.8770866	-8.679553
4.286901	-8.929143
4.2560816	-8.946602
4.191934	-8.9296665
4.2020655	-8.943939
4.203341	-8.933147
4.199685	-8.941296
4.2153125	-8.941796
3.8390615	-8.668041
3.851097	-8.672763
3.8353078	-8.67581
3.8113508	-8.648541
3.559966	-8.493911
3.5595708	-8.450029
3.5562851	-8.444037
3.6686182	-8.208351
3.5590131	-8.363537
3.5636072	-8.350426
2.732318	-7.603511
2.8278573	-8.96559
3.1744063	-8.813839
3.2263386	-8.747869
2.9194179	-8.893154
2.8866148	-8.923854
2.9155982	-8.894088
2.8534088	-8.963639
2.8350637	-8.954507
2.9401295	-6.0847425
4.302721	-7.9863586
2.8883708	-6.032236
3.775972	-6.4867625
2.8954484	-6.065969
3.2412248	-3.589374
2.9838686	-6.1017427
2.9842587	-6.1336236
2.9678617	-6.1152163
2.6459813	-7.380316
4.248975	-7.910669
0.1527053	-3.638604
4.191497	-7.79577
3.2555933	-4.1852255
3.25817	-4.145542
3.2212512	-4.1128407
3.2141428	-4.111249
2.3299577	-7.1871758
3.7675145	-4.665693
3.7768471	-4.6846557
3.7772644	-4.6837344
3.7789242	-4.684517
3.0497901	-1.9676781
3.0760221	-2.0019355
3.1832294	-2.415221
3.1823273	-2.3922637
3.060847	-6.130948
4.464918	-5.6506033
3.18421	-2.5432637
3.1466546	-2.4730475
3.1634982	-2.4610176
3.5969665	-6.356419
-4.1413407	3.0656052
-1.0230967	-3.2890565
-1.0234184	-3.2908273
