7.9272537	10.7891245
5.458025	8.043122
4.4098153	8.534536
4.4415007	8.538712
5.487168	8.015249
4.401782	8.568263
4.3925786	8.615763
-3.4632077	5.2320285
-2.962494	5.057892
-2.9222503	5.1446104
-2.9211357	5.134931
5.465641	8.034012
-2.925848	5.1235976
-2.9276385	5.123683
-2.9328344	5.1215563
-2.9215522	5.136068
-2.939609	5.1236644
-2.9371269	5.122536
-2.947195	5.101172
-2.9337747	5.1151214
-2.9112713	5.1382685
-2.9234598	5.122756
5.449699	8.041627
3.4950092	9.337133
-2.9529111	5.066723
-2.976506	5.0304184
5.3068743	8.065717
12.064867	8.494463
16.631739	0.7103895
8.139278	14.643787
8.148363	14.643719
8.124803	14.656118
8.136103	14.644988
8.103177	14.645442
8.147942	14.645211
8.123601	14.645617
8.131456	14.642022
8.156964	14.643371
8.138283	14.645696
12.084794	15.781185
12.545897	16.323212
12.678678	18.284624
12.662474	18.288612
12.668868	18.29018
5.1524363	17.024603
12.533649	18.252638
12.488391	18.23446
5.2482953	17.02695
12.503508	18.241745
12.493351	18.250248
12.388423	18.215904
12.366351	18.174763
12.240411	18.120632
12.376549	18.177065
5.019556	16.674994
5.6023555	16.94376
5.55223	16.850811
5.6181207	16.918615
5.6056685	16.934826
5.5699883	16.850853
5.972099	17.33458
5.977115	17.316801
5.8631215	17.201954
5.929239	17.270718
5.96265	17.304136
5.937233	17.276548
6.008841	17.350302
5.9930906	17.33611
2.6445084	24.960627
2.3689876	15.603658
1.1529373	13.103735
1.130046	13.181458
1.15469	13.107788
1.1466529	13.118894
-1.7911911	11.918738
-1.8005008	11.904929
-1.6790352	12.366785
-1.7302909	12.37938
-1.6180748	12.1682825
-1.6884515	12.35861
-1.7551907	11.9806795
-1.6831218	12.371169
-1.6998441	12.3541975
-1.7052456	12.349381
-2.0852642	11.362252
-1.7524427	12.299769
-2.0848691	12.066536
-2.3554697	12.211228
-2.6435974	12.027439
-2.6141207	12.03628
-2.4256873	12.184155
-2.635762	12.025948
-2.4843438	10.93738
-2.6212637	12.312939
-2.3815067	11.225345
-2.6138906	12.31317
-2.366962	11.242349
-2.4158077	11.17275
-2.6913686	11.16586
-2.7678363	11.222599
-2.7538762	11.184755
-2.723652	11.240783
-3.2678578	11.424483
-2.77243	11.215695
-3.3855236	11.579775
-3.8683121	11.940832
-3.8767543	11.946477
-3.9739785	12.022054
-3.0920033	11.500491
-2.827566	11.3324995
-2.7900662	11.346395
-3.2145278	11.506597
-2.901366	11.536363
-2.7625444	11.342477
-1.7184565	2.5631044
-1.705498	2.562273
-1.7146931	2.5837023
-1.7196714	2.5505955
-1.7184167	2.5518463
-1.7735409	2.1372097
-1.7779949	2.1342556
-1.7913641	2.105784
-1.784258	2.1252337
-1.7965099	2.109884
-1.7751493	2.1323113
-1.7814777	2.131137
-1.7204537	2.5436034
-1.7189412	2.5444436
-1.7310328	2.2304897
-1.73134	2.2158496
-1.6837167	2.5131357
-1.7372469	2.1940844
-1.7311938	2.213922
2.4045389	1.1236013
11.8563385	8.498138
1.6840957	-1.0279224
11.807761	14.887885
11.573135	14.899573
12.447109	8.298768
11.953391	8.4248
11.79357	10.629523
11.828091	10.612051
11.520271	8.983545
1.6843778	-1.0270654
1.6909837	-1.0631679
12.495999	8.311809
12.626754	16.45542
1.6968039	-1.0879407
1.7097358	-1.100185
1.7074581	-1.0972528
1.7213719	-1.1464697
1.7287827	-1.135127
1.741105	-1.1059135
1.7212762	-1.0975406
2.6427617	16.950272
2.6511745	16.929308
10.178424	4.1718383
9.82369	3.6078713
10.335032	9.953371
2.7143574	16.880257
9.80998	5.5121417
9.829347	5.4863505
9.82652	5.481736
9.7855425	5.5463696
9.908164	5.3431115
10.444976	9.9311075
10.526197	9.983091
10.522831	9.951191
10.660365	9.727801
10.917827	9.526114
10.907118	9.553952
10.684796	9.694556
9.904075	4.7725434
10.847513	9.5677805
10.721133	7.825266
9.58534	9.168217
11.112471	8.44506
9.789715	9.217569
9.787079	9.189475
9.512637	9.152253
9.660611	5.295223
9.625369	5.3227468
11.142497	8.4058695
9.666117	5.5260067
11.123884	8.412376
11.129642	8.433436
-0.6961295	6.0413957
-0.7634661	6.1496387
-3.9544995	5.0757346
-4.010913	5.1254077
-4.099746	5.3091707
-4.0917163	5.287908
-4.1199045	5.264721
-4.0967116	5.294835
-4.094326	5.3086557
-4.0788894	5.296983
-4.101066	5.2956276
-3.8643723	5.381965
1.672099	8.419677
1.6750715	8.418281
2.0600595	8.435239
1.6572379	8.440385
1.6874213	8.470507
1.637832	8.491594
1.6752385	8.481781
1.6700339	8.4508095
1.6633887	8.468477
1.9760964	8.482827
1.5199832	9.399255
1.4446301	9.358334
1.358278	9.328735
-2.564981	3.314532
-0.6093478	5.9128003
-0.63516945	5.8491206
-2.6381423	3.4761643
1.6468548	8.440206
16.86458	14.196729
16.92316	14.264146
16.936958	14.281348
16.887283	14.2239895
16.857412	14.1908
16.888515	14.225888
16.906624	14.248218
16.898783	14.240478
16.894178	14.235283
16.882921	14.224978
16.925098	14.267857
16.883698	14.219143
4.8484416	12.59828
4.887058	12.556744
4.882073	12.563392
6.802611	4.321001
6.800529	4.3169775
4.864229	12.580878
4.8589525	12.587695
4.877587	12.568662
4.871234	12.5710125
1.6802741	-1.071624
4.883829	12.560042
6.7393093	17.796007
11.769373	19.37941
11.770118	19.38827
11.772874	19.379328
11.7692175	19.390736
1.6935818	-1.047367
1.6758468	-1.0242946
11.412515	20.124273
4.9143763	12.517835
11.41627	20.126257
11.388143	20.152882
17.11634	14.482386
11.3894415	20.148088
11.392796	20.148252
4.924369	12.505554
11.393806	20.14406
17.14344	14.51797
17.145409	14.517816
17.13278	14.506908
15.870851	-0.816815
15.510357	-1.1021942
15.472894	-1.1389583
15.50891	-1.1035699
15.512616	-1.1002188
15.516906	-1.0961697
15.513326	-1.0991997
15.5119505	-1.1002373
13.54615	-2.7335017
13.6979	-2.6959355
13.603817	-2.7185347
13.701101	-2.6947176
13.63091	-2.7016182
12.996698	-2.9052289
15.589585	-1.0203491
19.755123	-0.90501076
19.756615	-0.9051428
15.937671	-0.6434208
15.95172	-0.64116186
15.90642	-0.7598527
16.621086	0.42826256
16.63492	0.4598954
15.97356	-0.59807307
16.495783	0.37332642
16.308708	9.210813
16.472979	0.39158878
16.481361	0.39366874
16.015537	-0.51917166
16.026041	-0.51345074
16.060461	-0.49479836
16.513222	0.48860347
16.478607	0.5118823
19.95136	-0.76052976
16.609621	0.4323741
19.877165	-0.8028403
16.561184	0.42675155
1.8159883	-0.9634226
16.60078	0.42650643
22.342976	6.8029943
16.490915	9.286499
15.991199	9.049487
22.344137	6.7773685
16.481379	9.301306
16.487274	9.292942
15.968339	9.031613
15.971829	9.035505
16.669727	0.7579127
19.961386	-0.77092487
-8.162653	-4.1180477
-8.117755	-4.0736346
-8.170311	-4.1252766
10.887893	-6.573734
6.1566544	-9.350841
6.1512947	-9.374387
11.9503145	-6.699783
6.2659664	-9.514912
11.895241	-6.6268806
11.958503	-6.705922
8.401921	-4.298402
5.3281345	-7.76675
5.9638314	-9.410955
5.947394	-9.399227
5.9274783	-7.2131443
4.7332916	-5.962673
4.5713596	-6.143869
4.561703	-6.175858
2.5054858	-7.320616
4.9461637	-8.678773
4.994643	-8.740321
4.7864923	-8.188969
4.336789	-8.147577
4.317269	-7.9927115
4.336782	-8.154018
4.3453975	-8.174725
4.52064	-8.510429
4.6193147	-8.548552
4.359734	-8.058723
4.3030367	-8.064672
4.5116987	-8.425982
4.329219	-7.9612827
4.2923136	-7.979201
4.3142815	-7.988642
10.76984	8.358398
0.068854816	-2.1517148
-0.060909517	-2.1761856
0.149466	-2.3711495
-0.014038252	-2.0903049
0.013716867	-2.0672798
-0.025259925	-2.1717803
-0.068920605	-2.1920216
-0.021336094	-2.0873964
0.25784436	-2.3028836
0.12952341	-2.3302686
-0.052515984	-2.1912274
0.14768583	-2.3483603
0.13641897	-2.33298
0.21333303	-2.8960721
0.21823934	-2.8335137
-0.097907946	-2.2356334
0.16649815	-2.361542
10.796733	8.291278
0.056628834	-2.1451974
0.26127842	-2.2861357
0.29204494	-2.2983828
0.2116511	-2.8552847
0.2512815	-2.297424
1.0674658	-2.2832332
0.2409659	-2.274995
0.054389488	-2.1707375
-1.538841	-2.9075146
-1.5226073	-2.9048126
-1.5485412	-2.8770745
-1.5416611	-2.905735
0.12215982	-2.935132
-1.7968496	-3.3471422
-2.202043	-3.4577441
-2.170985	-3.4262908
-2.1813083	-3.441363
-2.210543	-3.452979
-2.1472843	-3.418559
-2.2027276	-3.459944
-2.2054138	-3.4585245
-2.201661	-3.4578502
-2.1842015	-3.4482455
-2.227368	-3.481671
5.353605	-0.39010617
-2.1366594	-3.4191833
5.384315	-0.38401145
5.3814173	-0.38325697
5.3932786	-0.39381388
10.728747	13.219999
11.433259	13.099168
11.428344	13.010541
11.413316	13.044914
11.396306	12.9964285
11.39473	13.0387
11.420514	13.007946
9.878051	3.906673
11.389305	13.101555
11.385292	13.051737
11.283214	13.114531
11.894114	13.471716
11.839035	13.509313
11.259305	8.368264
11.276094	8.377864
11.4916115	13.3867035
11.387139	13.071962
11.593743	13.309416
6.4124913	15.219381
6.3552666	15.282564
6.425333	15.208335
6.4312005	15.205494
6.3496513	15.287285
6.4165654	15.217006
6.4398146	15.194019
6.427137	15.207751
6.4215164	15.212427
6.942763	14.743064
6.9322047	14.706029
6.96988	14.726339
6.9329953	14.711535
6.9431515	14.735345
5.379251	16.399214
5.2453833	16.474283
5.3889146	16.405643
5.292053	16.484316
6.4189653	15.214867
5.407929	16.402353
5.402069	16.426594
5.5724983	16.859404
5.5431285	16.831644
5.419469	16.417437
5.556168	16.845873
5.5871487	16.871077
5.529064	17.0623
5.5859528	16.88248
5.549635	16.863052
5.9681625	17.31066
5.766339	17.082705
5.964136	17.304274
5.9528193	17.29436
5.9749165	17.316319
5.971126	17.311152
5.973294	17.315088
6.041061	17.357407
5.9904003	17.33114
12.152016	18.50056
12.17051	18.485859
1.4540963	11.926785
1.5942186	11.99352
1.5991218	11.997484
1.5969139	11.994429
1.2863235	12.369035
1.0018936	12.101753
0.99886	12.108212
0.9097998	11.882005
1.0120399	12.087118
0.910882	11.905922
1.6233507	12.070633
0.94938606	11.906105
-1.6853268	11.248295
0.90616405	11.870932
-1.6793138	11.2385435
-1.6123886	11.027601
1.094838	11.361634
1.144372	11.555121
1.4049399	11.739932
2.1532295	10.206025
1.5962293	11.992729
1.7900717	9.66666
1.6662037	12.0119
1.9546976	10.0467
1.8901321	10.000721
2.1513343	10.173771
2.0164602	10.0711775
1.9616714	9.990554
2.1215641	10.112534
2.2265034	10.119683
1.980793	10.029832
2.965914	9.884381
2.8812487	9.926778
3.078044	9.977233
2.8100686	9.969052
4.052334	10.5308695
3.0825224	9.739104
3.0438643	9.6342945
3.5908237	10.316935
3.542001	10.286632
3.6763527	10.36731
3.609916	10.321746
3.6611078	10.349011
3.652733	10.343988
3.6817968	10.3683605
1.5980339	9.948065
2.2384114	1.7161963
2.600483	2.7213268
2.683706	2.6441448
2.3718452	1.2696291
2.3723633	1.1784065
12.358256	8.247702
12.379908	8.255244
12.373709	8.266728
12.375676	8.214941
1.8957015	-0.7823531
12.318441	8.202889
11.669031	10.96364
12.334688	8.229954
1.8803447	-0.81940687
11.678371	10.930381
12.480018	8.271365
12.327408	8.23446
12.323567	8.228411
12.348285	8.249721
12.199006	10.833054
17.512938	15.97993
12.287999	8.220167
11.757948	8.206193
15.69083	9.194541
11.727036	8.196979
11.737573	8.193527
11.754248	8.226557
11.741556	8.204459
11.72529	8.234238
9.831883	5.6834297
11.750216	8.189182
17.540167	16.023495
11.519056	8.268863
17.52357	16.014061
12.120846	8.123244
17.545107	16.036943
11.577366	8.378471
11.511498	8.365664
11.419236	8.223818
11.437662	8.202965
11.614482	8.095504
11.613114	8.129345
11.612399	8.125789
11.626762	8.126366
11.353822	8.066721
11.352441	8.053503
11.346819	7.9448643
11.370987	7.930636
10.960534	7.7702146
10.773686	7.7701025
-3.984088	5.7245536
-3.3878524	3.8337095
-3.2766037	4.314143
-3.1118708	4.9024606
2.0389445	9.414579
2.45822	9.609023
3.1145616	9.667178
4.083054	9.445608
3.7816544	9.374487
3.6865823	9.312261
4.1450276	9.369403
4.1830134	9.458529
4.1117215	9.422929
4.53839	9.373105
4.778947	10.676189
4.751741	10.705486
4.5281696	9.378458
4.2211223	9.456319
5.2839775	9.310017
11.160518	6.795495
4.6836843	9.502499
-3.4171627	3.192398
4.654408	9.493674
4.6676173	9.498976
-1.4042612	10.435093
16.912474	14.256641
4.883464	12.56201
16.876474	14.211935
16.884493	14.220428
16.885223	14.221567
16.890812	14.230856
16.87617	14.2167845
17.064453	14.417442
17.0657	14.425204
17.080158	14.437452
17.08222	14.440459
17.08057	14.434406
16.935524	14.276847
17.273376	14.850741
17.556454	15.944914
4.8841953	12.562549
4.8881803	12.556877
4.8877516	12.557141
4.885313	12.564004
4.8676085	12.570519
4.9105706	12.536751
4.907401	12.534183
4.935686	12.504096
4.9040565	12.537091
11.39398	20.146633
11.389636	20.151985
11.769809	19.392551
11.77103	19.394438
17.220968	14.655972
17.25032	14.674087
17.218254	14.652448
17.216516	14.668
17.240038	14.694298
4.945577	12.483482
17.22567	14.659658
13.750308	-2.7072203
13.750769	-2.7036936
12.857957	-2.9700294
13.746864	-2.7041042
13.741151	-2.723343
13.773266	-2.6804173
13.746576	-2.7083457
13.749994	-2.7058375
13.746547	-2.7066426
19.743639	-0.9129323
23.1962	6.1290812
17.61579	-5.2324743
23.044321	6.296059
23.077318	6.2824454
23.196985	6.1178694
23.192312	6.126784
23.179203	6.110306
23.163149	6.1050663
15.867501	-0.81681484
15.868196	-0.8156847
15.867254	-0.8177252
22.78665	6.249475
22.738817	6.1891294
22.732239	6.1564674
22.73293	6.0075617
13.704151	-2.6950514
13.703554	-2.6938477
13.701886	-2.691815
13.704467	-2.694483
15.897657	-0.7838138
22.721853	5.950016
15.985038	-0.58153915
15.945269	-0.63463694
15.971131	-0.5996274
15.934526	-0.64683867
15.921011	-0.6587242
15.983152	-0.58889174
15.940137	-0.6324178
15.9743395	-0.59478354
15.98611	-0.5789954
15.963217	-0.6096049
15.961884	-0.6115043
15.969963	-0.60043454
15.873802	-0.78512174
16.303194	9.217255
16.523905	0.5006426
16.558252	0.5603252
16.582008	0.5273378
16.315062	9.22651
16.484058	9.283147
22.731504	5.9969425
22.374893	6.7583976
22.374437	6.766198
16.133368	9.155293
16.190714	9.186236
15.918366	9.114921
15.967159	9.084433
15.940781	9.083743
11.402819	-6.20095
5.4321623	-7.7363787
5.3030577	-7.785269
4.7800975	-5.640829
2.56355	-7.325857
5.304983	-7.7854733
5.2984424	-7.7943826
5.293289	-7.7948513
5.2477584	-7.828595
8.394794	-4.293784
5.856317	-9.451274
5.019369	-8.756468
4.920752	-8.627213
5.276047	-9.147647
4.9591546	-8.688959
4.969646	-8.705048
3.7466197	-9.033468
3.7631643	-9.030076
3.7223418	-9.051403
4.312181	-8.062303
4.309002	-7.991885
3.4702916	-9.346865
2.863447	-8.975508
10.4221525	8.548108
-0.006939143	-2.1010427
10.550237	8.731377
10.536203	8.760294
10.526213	8.76345
10.5357065	8.765868
0.22576126	-2.2887383
10.449592	8.609819
0.20942813	-2.2581568
0.20879227	-2.2451096
0.20151556	-2.2446547
10.539405	8.759387
10.523783	8.755786
10.531567	8.657514
0.20532694	-2.2545083
10.551011	8.758817
10.55323	8.745131
6.382048	5.0054975
6.4080124	5.056696
0.2883594	-2.284894
0.28270724	-2.2810674
0.29464933	-2.2830164
0.27864763	-2.9942784
-1.1395146	-3.0900366
-1.5082701	-2.8833523
-1.5108385	-2.9204564
-1.5204569	-2.893372
-1.1590842	-3.1014185
-2.0710566	-3.4154377
-2.1916158	-3.4365673
-2.08266	-3.424853
-2.0835238	-3.4250677
-2.127199	-3.4280121
-2.1588736	-3.4333408
-2.160589	-3.4350212
-2.1391358	-3.419771
11.293345	13.127113
11.864089	13.527634
11.602291	13.339483
11.595817	13.298299
11.563736	13.292728
11.569343	13.289188
11.588016	13.286601
11.581797	13.29173
11.572034	13.291187
11.61181	13.302898
12.00575	13.436243
11.617479	13.328299
11.641349	13.332541
11.419692	13.123261
7.489673	14.70471
7.698832	14.671262
7.6533933	14.673051
12.552907	16.335411
11.884218	17.600763
12.681526	18.298063
12.678006	18.304363
12.675163	18.302505
12.659605	18.29768
12.681367	18.301092
12.663478	18.298182
12.675872	18.303576
12.778938	16.749556
12.746605	16.731253
12.760474	16.727764
12.750769	16.72875
12.763755	16.7172
12.762033	16.72448
4.935451	16.883263
4.923794	16.9092
4.9237556	16.907246
4.91088	16.888216
4.9163394	16.904799
12.750706	16.71807
12.752928	16.72266
10.749919	16.352505
5.817437	21.053467
5.8181376	21.0542
1.5008808	14.904697
1.2181944	15.130316
1.1805474	15.130891
1.1793209	15.146317
1.2254179	15.101927
1.4914756	14.9168625
1.507581	14.9383
1.4966239	14.8949795
4.896753	16.892149
0.8426777	15.427008
0.8325698	15.438982
4.925727	16.889782
3.717216	15.193536
9.783934	3.562924
9.800748	3.5897455
9.787601	3.5590632
9.8266945	3.5331156
0.8083273	15.478822
0.83082634	15.436781
0.86224675	15.4074335
1.5363487	14.876565
0.8459423	15.417896
3.6720963	15.215304
0.8146596	15.447826
0.8121089	15.449282
3.6470752	15.22946
2.6334133	24.969845
0.7990008	15.464356
0.8308068	15.426026
2.284399	5.7421393
1.010372	15.268753
2.2740362	10.122642
2.2380302	10.1043625
2.2405748	10.131022
2.222693	10.120851
1.6571499	12.051945
2.2391477	10.114634
1.0241989	15.3033905
1.0094755	15.291723
2.368508	17.5903
2.3783777	17.575146
1.6709173	12.058104
1.6561708	12.031219
1.6643387	12.02699
2.3831737	17.564373
1.6596626	12.024667
1.0340129	15.251521
2.00269	9.393619
1.3158633	14.4723
1.0493962	15.206454
1.2312179	14.812868
1.4392064	14.635624
1.399321	14.584574
1.3759012	14.528977
-0.18346635	6.163086
1.8151222	9.574489
2.0681558	9.535982
2.0812948	9.524105
1.8569144	9.553657
2.0096397	9.4324045
-4.008209	12.0434675
-4.035888	12.085304
-4.0477986	12.075546
-3.4520466	11.350509
-3.4210112	11.354804
-3.4613624	11.312862
-3.4509552	11.317378
-2.8820035	11.052297
-2.879909	11.013726
-3.4390485	11.342845
-3.4496403	11.351537
-3.4269547	11.345179
-3.4411206	11.362555
-2.8687818	11.071223
-2.845507	11.048837
-1.3979005	10.431764
2.6897297	2.6360555
2.6889765	2.6242912
2.6798522	2.0994425
2.6999884	2.1267264
2.689733	2.1127803
2.6849213	2.089697
2.7353606	2.1556315
2.7078354	2.1479285
2.7261927	2.548634
2.749467	2.5485327
-1.4406474	10.434288
3.998696	9.432461
-1.455888	10.4335
2.6944509	2.0991938
2.6565702	2.07219
12.15735	10.8749695
10.616719	14.891947
11.888079	14.878094
12.131326	14.971579
12.09935	14.979516
17.572273	16.046913
11.509102	8.988662
11.329591	9.104184
11.84611	10.584192
11.8145685	10.575283
11.503411	9.003574
12.468534	8.292743
11.521962	11.134079
11.520913	11.141958
11.528349	11.134075
11.660105	10.947455
11.468401	10.599523
11.464593	10.560203
10.046291	4.3823624
10.03124	4.369902
10.198115	4.2088547
10.02742	4.335901
10.041165	4.3961434
10.810602	10.706388
10.188382	4.216383
10.81055	10.702031
10.883621	10.895828
10.202703	4.1740746
10.145975	4.389994
10.139043	4.43586
10.188703	4.3570814
10.13196	4.4004474
10.159689	4.3820233
10.914965	10.893034
10.129708	4.453222
10.137031	4.4423246
10.014645	5.2010517
10.016835	5.0074697
10.014724	4.475191
10.007408	5.2100863
9.904251	5.4148455
10.830694	7.6262856
9.773067	5.626949
9.778652	5.5966063
9.815474	5.5778704
9.783755	5.6108627
9.762887	5.6056404
9.790792	5.6292877
10.698355	7.7172713
9.755501	5.61746
9.700112	5.702264
1.6754875	8.413453
1.6961178	8.405898
1.6901643	8.398881
-4.0750914	5.2723393
-0.32586735	6.9760017
-0.33620846	6.9960914
-0.32015842	6.98976
-0.35214794	6.981878
1.4968857	8.324973
1.270247	8.111148
1.2516105	8.094206
1.4960583	8.34314
0.95048994	7.7784653
-4.101705	5.845123
-3.8275108	3.78737
-3.7506127	4.142893
-3.9744291	3.725224
-3.818239	3.9200804
-3.7094288	4.0552163
-4.0611544	5.255477
-3.8649404	3.8789485
-4.1583605	5.819211
-3.8300972	3.778264
-3.8521194	3.75375
-3.8596141	3.770369
6.787411	4.3257866
5.1053143	5.258757
6.1316233	6.118826
6.138266	6.1654887
6.071201	6.1600294
6.1211867	6.122394
4.52002	5.114501
6.7924623	4.3217125
4.5012927	5.094258
4.6451926	5.1820927
6.7846274	4.3273745
6.7555485	4.3603578
6.3760133	5.148278
9.557408	15.002759
9.781122	14.9746895
5.5027375	16.05914
9.668315	14.967059
9.754519	14.975166
9.668566	14.966954
9.696678	14.976648
6.383966	5.002292
9.644148	14.997784
9.541551	15.001792
9.538504	15.003071
6.4171243	5.046121
6.4142246	5.0390797
6.3880014	5.01767
6.382016	5.03167
5.5253925	16.033073
5.5281715	16.028969
6.0947285	12.995084
6.360566	4.899972
5.544475	16.000132
1.6742722	-1.3313167
6.277886	4.798401
6.3731933	5.0010624
5.9619627	5.783343
6.3062115	4.6590595
22.818584	5.444605
22.81331	6.3720207
22.75784	6.428955
22.780897	6.429568
22.745754	6.429656
22.747227	6.4019923
22.824755	5.468972
23.2867	6.288386
22.828043	5.464181
22.769327	6.3832273
22.789198	6.252068
22.799679	6.2227626
19.79807	-0.8525851
22.83063	6.173369
19.7296	-0.92617977
19.753056	-0.90243083
22.765059	6.287579
12.717458	2.725822
22.917896	6.0299406
22.783468	6.2361326
19.735573	-0.91839486
22.795738	6.28724
22.762722	6.022051
12.7226305	2.7304518
19.747976	-0.9172745
19.751	-0.9128789
22.758236	6.157225
19.74724	-0.92023516
19.745724	-0.9218616
19.828478	-0.84553546
20.001472	-0.72917104
20.632486	-0.59210783
20.630775	-0.59221244
19.831953	-0.847209
19.836346	-0.8439144
19.808674	-0.8775104
19.825665	-0.8507721
16.611834	0.4180478
16.615108	0.41665417
19.833786	-0.8434102
19.812304	-0.8669739
16.481062	9.282387
16.493702	9.286607
16.627604	0.40274906
16.151001	9.152526
16.00944	9.087528
15.945936	9.048571
16.020845	9.082223
15.933629	8.996103
15.968413	9.03937
15.981069	9.035246
15.993401	9.047508
15.980136	9.0366535
16.650436	0.7509664
-8.169926	-4.1247296
-8.1179905	-4.07379
-8.170584	-4.1254587
-8.171868	-4.1269426
-8.147729	-4.1074495
-8.147683	-4.1056266
11.4368725	-6.1287932
10.867885	-6.595283
10.789799	-6.6811414
10.971879	-6.5408835
11.954295	-6.7040505
6.2890134	-9.521547
6.3089194	-9.5416765
6.300538	-9.531324
6.2980914	-9.505968
6.224896	-9.481075
11.931051	-6.67517
11.946617	-6.690304
8.482009	-4.2215953
5.3796463	-7.742758
5.39634	-7.750904
4.8501577	-5.5734987
4.7779818	-5.6559014
4.6791573	-6.069823
4.754944	-5.6444063
4.7137933	-5.661631
4.690562	-6.070955
4.661263	-6.058572
4.751114	-5.662122
4.858569	-5.5697474
4.6687512	-6.0462933
4.8363824	-5.613566
4.859735	-5.570611
4.6431227	-6.128424
4.8545856	-5.565721
4.8280544	-5.608661
4.859446	-5.5688186
4.8556747	-5.5711446
4.817542	-5.706949
5.342008	-7.693977
4.8410444	-5.58183
4.779793	-5.64127
4.8587513	-5.5749884
4.873716	-5.565737
4.8205104	-5.6952534
4.779721	-5.6416297
8.415739	-4.2800055
5.94327	-9.401239
5.341497	-7.634363
4.851156	-5.577288
3.7573571	-4.698136
1.4974849	-1.8482267
1.564456	-1.6635587
1.5466832	-1.7235626
1.3460481	-2.032103
1.5455668	-1.7728498
1.533578	-1.7920716
1.0306149	-2.3019435
0.85282254	-2.5868554
1.5221306	-1.695162
0.59096414	-2.3321066
0.5097173	-2.8379247
0.4436363	-2.30849
0.8053507	-2.6396818
0.8194825	-2.618813
1.1507689	-2.2324026
0.8789982	-2.5624435
0.87634474	-2.5742614
0.87109625	-2.5820944
1.2883621	-2.1008658
-1.1287324	-3.1934464
-1.1382968	-3.0954344
-1.155306	-3.0991955
-1.1714464	-3.228656
10.53497	8.747839
3.1767464	-2.38371
11.394598	13.052407
11.923402	13.480476
11.098136	13.21442
11.140769	13.236178
11.421902	13.215092
12.006347	13.472445
11.975852	13.478006
5.112835	16.99397
11.456506	13.266481
11.444633	13.260907
11.158366	13.222576
7.80342	14.67241
7.836766	14.669648
7.821811	14.670457
8.13312	14.645497
8.132313	14.646628
8.119901	14.647389
12.542447	16.321198
12.530368	16.30679
12.664686	18.289646
12.657555	18.286077
12.097122	17.805153
5.5016594	16.787947
5.521913	16.80809
5.5265293	16.78085
5.5042257	16.789433
12.148737	17.901756
11.895065	17.617462
11.881557	17.611168
11.890008	17.618
11.881583	17.60937
11.910294	17.64215
11.900106	17.625961
11.902178	16.206423
11.9069805	16.168337
11.892121	17.623896
11.913427	16.179255
11.890826	17.620579
11.888627	17.613161
11.8866005	17.614584
11.890073	17.61982
11.702159	16.92906
11.933074	16.191605
11.89356	17.622751
11.714326	16.899979
11.856102	17.584162
11.912331	16.184727
11.881672	17.612455
12.008992	16.255959
11.880797	17.602129
11.858814	17.599487
11.853162	17.577204
11.699613	16.921667
6.191066	21.597507
11.699408	16.943687
12.3156805	18.270454
11.703453	16.941786
12.728759	16.774574
12.298768	18.28435
11.707626	16.984205
12.272328	18.296766
6.2102814	21.62542
0.83072144	15.434285
3.6618292	15.221479
9.754684	3.5727198
3.499589	15.370801
3.003125	15.545537
3.478814	15.310265
1.6953243	14.785144
1.8278316	14.75287
3.02923	15.535864
8.240665	18.794744
8.238596	18.784168
8.249257	18.798231
2.3058376	17.648403
2.3117454	17.640196
1.1425768	13.180247
1.1379844	13.194246
1.1332715	13.199987
1.1216882	13.208624
2.3240418	17.642206
2.3296132	17.637465
-1.756723	11.972309
-1.4594259	12.141547
-1.481784	12.162323
-1.7589003	11.988827
-1.7350707	12.004207
-1.7370673	12.00379
-1.7479345	12.055347
-1.7223854	12.062915
-1.8221439	11.919185
2.3088684	17.692762
-2.4127784	12.189982
-2.1176815	11.314453
-2.4467142	12.178762
-2.4362679	12.196418
-2.632783	12.313302
-2.6466813	12.320548
-2.7717426	11.9661875
-2.4363687	12.183552
-2.4174106	12.16979
-2.623385	12.330526
-2.6379423	12.26038
-2.2766728	11.127779
-2.914094	11.120117
-3.4330485	11.359443
-4.045325	12.126147
-4.0038767	12.040534
-4.0225677	12.062213
-4.0033383	12.052547
-3.9725285	12.034687
-4.0442843	12.090824
-4.07515	12.124556
-4.047298	12.093544
-3.9985764	12.041345
-3.9891124	12.051585
-3.9929607	12.033168
-3.9950821	12.039503
-3.4801674	11.362719
-3.4655826	11.374895
-3.4610302	11.339943
-3.450886	11.342295
-2.5934305	10.829453
-2.5784311	10.865279
-3.4085858	11.346325
-2.733457	3.4271476
-2.7339122	3.4341223
-3.034025	3.4012432
1.9199848	3.1865747
1.6571771	9.731467
1.6412741	9.759362
1.6235466	9.5089855
-2.8549287	3.4768965
-0.5642245	5.698199
1.849371	2.3414283
1.7075993	9.742457
1.867318	2.445769
1.9842232	9.186301
2.7132661	2.667563
11.861705	14.834131
11.908361	14.808259
11.8643	14.847382
11.883509	14.834546
11.885261	14.806788
12.149881	10.837264
11.715386	10.648275
11.305799	9.119122
11.340585	9.094249
11.514599	8.977896
11.5249605	11.133004
11.523644	11.138954
11.493982	11.1625595
10.160777	4.377444
10.8236685	10.846763
10.891694	10.391083
10.89076	10.384507
10.813445	10.65281
10.794609	10.631975
10.788396	10.631888
10.81514	10.708063
10.797528	10.629924
10.786636	10.627381
10.231469	4.237246
10.847286	10.320312
10.85926	10.349501
10.207539	4.237763
10.208564	4.2648697
10.7908	10.63044
10.223846	4.215233
10.662173	9.707832
10.661238	9.706583
10.658239	9.699752
10.6880245	9.682962
10.920391	9.495918
10.649435	9.726172
10.831639	10.244874
10.787415	10.547717
8.659437	11.3103
10.695138	7.9185977
10.827178	7.645104
10.830173	7.6291385
9.940875	5.3579698
9.792988	5.584359
10.787244	7.75231
9.721549	5.600453
9.715542	5.5508876
9.711159	5.5915093
5.2876697	8.15754
5.281601	8.16756
5.2912946	8.16338
-2.9802752	4.9734616
-3.0114613	4.9604135
-1.1225091	6.474096
-1.1320876	6.4873595
-1.1300956	6.4791837
-1.1368321	6.486323
-4.057588	5.305413
-3.960882	5.354479
-3.9358609	5.3681326
-3.6555505	4.214041
-4.0752883	5.2907743
1.7100123	8.370873
1.6998849	8.387576
1.7286158	8.360174
1.7147384	8.375938
-4.093289	5.262713
1.698342	8.393534
2.0723872	8.445841
2.0642676	8.426552
2.053659	8.442314
1.6972169	8.369491
2.0206714	8.464502
-4.1456146	5.3649673
-4.1461053	5.241619
-4.116133	5.2411137
-4.1342287	5.242412
-4.1150107	5.2529893
1.7110815	8.403581
-4.148779	5.224424
-4.1453524	5.229793
-4.174406	5.839245
-4.1947227	5.8417373
-4.2388115	5.90083
-3.9008949	3.7483656
-3.906833	3.7094362
5.1228986	5.261728
6.122176	6.13838
4.521491	5.116836
4.6232047	5.22016
4.4804287	5.0760484
4.4800715	5.0770984
4.5150843	5.1126695
4.6285744	5.2150764
4.5001073	5.093647
4.502674	5.094175
4.485057	5.077865
4.527508	5.1127396
4.625319	5.2209835
4.638925	5.2073565
4.660613	5.206368
6.11435	12.945496
6.0890675	12.94745
6.108124	12.916831
5.498392	16.061771
9.784953	14.979695
9.762972	14.975798
9.653663	14.980979
6.4222174	5.0143
5.193686	5.2756114
6.3642383	5.13216
6.412599	5.032644
1.6614597	-1.313233
6.4432387	5.0492315
6.3814383	5.040392
6.340962	4.630023
6.3057737	4.6621537
6.097912	12.998521
6.327284	4.70017
6.3141804	4.6630106
6.2336564	4.6774955
5.5081954	5.351229
5.709809	5.0434184
6.310054	4.683173
6.316399	4.669981
22.799097	5.4289536
22.748526	6.4292884
22.745459	6.4229803
22.757206	6.4366055
22.75906	6.434358
22.817053	5.444218
22.818434	5.4588137
22.815435	5.4417906
22.826427	5.4719567
22.817463	5.77983
22.768417	6.3970585
22.821804	5.51304
22.776436	6.3734984
23.187569	6.1386805
22.811453	5.6527185
22.78371	6.3115535
22.776136	6.288346
12.296988	-1.7164358
19.744755	-0.9131366
22.77934	6.3604336
22.779943	6.2812138
22.77737	6.2435966
12.717268	2.725763
12.723395	2.7312605
12.712825	2.720715
22.724165	6.0264297
19.750126	-0.9124998
22.718416	6.0100713
19.806488	-0.8687896
22.874949	6.922199
19.789703	-0.8819154
19.940977	-0.78732497
20.635044	-0.5941808
20.426521	-0.6465164
20.443878	-0.64248943
19.981176	-0.7551435
19.844341	-0.8358281
19.914938	-0.7749036
19.852802	-0.8325515
19.99732	-0.7450561
16.631748	0.7001837
16.174295	9.165153
16.055609	9.109718
16.059896	9.110108
16.080048	9.127333
16.041496	9.0982685
22.362345	6.792285
16.037525	9.087456
15.9995365	9.028946
16.643774	0.7192804
15.986456	9.032693
15.982943	9.031035
16.003716	9.04217
15.964254	9.019172
22.354015	6.7976832
22.357056	6.7935624
17.612131	-5.225085
17.58006	-5.1896276
17.60364	-5.220058
17.597263	-5.212386
9.565689	-2.196609
9.586826	-2.1927714
-6.0728426	-3.5256388
10.808956	-6.6759086
10.798587	-6.6775904
10.97445	-6.5326734
6.081922	-9.364823
6.029838	-9.334105
6.1122894	-9.355078
6.238093	-9.49702
6.1953263	-9.481777
6.159495	-9.460654
6.238936	-9.499015
6.2533703	-9.50774
6.2932234	-9.525938
6.3051114	-9.538748
6.239749	-9.495308
4.7611294	-5.950853
4.7524734	-6.0814734
4.6062984	-6.0882573
4.5946155	-6.1178336
5.8548927	-9.41279
5.5305576	-9.395581
2.505063	-7.3437104
2.5615444	-7.3595176
4.527068	-8.535921
4.775945	-8.640495
2.936503	-6.085179
4.862494	-8.1398325
4.796114	-8.168127
4.97817	-8.721098
4.983452	-8.716699
4.984306	-8.732397
4.9722257	-8.674871
4.9338956	-7.9953423
1.3720229	-2.02562
0.86883724	-2.5809417
1.1890954	-2.287714
-0.013760563	-2.0922954
10.443811	8.569664
-0.002304237	-2.100002
-0.016806426	-2.0891998
-0.010056399	-2.0905824
-0.043638315	-2.1757572
-0.01982709	-2.0911586
0.0063399896	-2.0940747
0.0036934786	-2.0859244
-1.1456677	-3.0710216
9.997568	7.8708553
-1.148199	-3.0828888
-1.6192054	-2.9538636
-1.5537074	-2.9487798
-1.5436494	-2.8941154
-1.1040137	-3.082221
-1.4962999	-2.8624973
-1.5080365	-2.8813217
-1.5300665	-2.9359283
-1.5151547	-2.8814583
-1.5209221	-2.9041965
-1.1502362	-3.0811894
-1.3503978	-3.350851
-1.5794303	-2.9178298
11.397902	13.046938
11.361605	13.065985
11.409203	13.113983
8.133234	14.645631
11.315273	13.132043
7.502211	14.677912
7.491749	14.678277
11.822109	13.620594
8.131495	14.646162
12.205207	17.806381
12.523805	16.297443
12.550483	16.338015
12.550265	16.34355
12.622052	16.43664
12.5298	16.310593
12.536905	16.328041
12.667116	18.289639
12.701769	16.592894
12.634931	16.453676
7.8298454	14.670094
12.689051	18.312187
12.654162	18.29046
12.663302	18.287163
12.649998	16.69886
12.749296	16.721516
12.749418	16.733824
10.744925	16.353846
12.747135	16.738033
12.7496395	16.738148
4.9123135	16.89376
4.924872	16.890568
4.9266295	16.891302
3.7123656	15.197375
5.804506	21.040483
5.808216	21.041462
3.7063239	15.188997
3.722855	15.190665
4.8772326	16.723839
4.866861	16.812693
9.802656	3.6037931
9.826081	3.5713317
9.781518	3.5544846
9.796988	3.5744116
0.7984401	15.468436
3.6914392	15.20563
0.8316995	15.433162
9.810751	3.5605092
1.5651864	14.867983
0.8346981	15.427654
0.8265875	15.435529
3.6599126	15.243159
3.6396842	15.24035
0.83346665	15.428236
2.234718	10.120113
2.2282434	10.131339
1.6612337	12.03349
2.3093913	17.64079
0.94564354	15.323047
2.3238266	17.657042
2.3887122	15.634482
2.3754559	15.622121
2.3132863	17.657932
-1.4907663	12.152428
-1.5082479	12.142474
-1.7529783	12.002365
-1.7481667	12.002456
-1.8043897	11.899708
-1.8112811	11.904323
-1.8131735	11.919531
-2.36092	11.231758
2.3427877	17.634312
2.4042296	17.51943
-1.8288426	12.029809
2.3058484	17.613258
-2.3760662	12.136683
-2.353607	12.150918
-2.3194666	12.109651
-2.595078	12.301844
-2.618446	12.270317
-2.438359	11.1633
1.3873061	14.510516
-2.2286513	11.178668
-3.3856254	11.356641
-4.0258937	12.077161
-4.0397143	12.085367
-4.0245957	12.080108
-3.9918115	12.050839
-3.9904487	12.045088
-3.9933429	12.038373
-4.01986	12.063053
-4.029903	12.090904
-3.3404036	11.425928
-3.4434433	11.325033
-3.456965	11.372559
-3.454909	11.332651
-3.4537604	11.364596
2.719752	2.0559433
2.6741612	2.087665
2.7023835	2.1327467
2.1751616	2.1618521
2.0915804	3.1030707
2.0641263	3.0842426
2.5847278	1.9576757
1.8463786	2.3173907
2.629032	2.054477
2.631914	2.0493107
2.7276354	2.5480578
2.0649834	3.099547
1.5685028	9.738957
2.072676	3.083841
2.1015413	3.050395
-1.3997817	10.433445
2.6538439	2.648158
1.9757812	3.089744
1.9399903	3.137615
11.843828	14.814677
11.889653	14.822222
11.624217	15.1805725
11.604969	15.124876
11.648387	15.194938
11.903955	14.833346
4.0857735	10.551541
4.082167	10.553546
11.631474	10.873009
11.713067	10.870889
11.705852	10.643572
11.700008	10.6186075
11.302327	9.113136
11.508803	8.993667
11.526962	8.915846
11.788252	10.631979
11.697512	10.64802
11.53192	11.11744
11.544381	11.102952
10.9157095	10.878259
10.891724	10.848936
11.498601	10.602879
9.998812	4.46053
9.997582	4.431462
10.034978	4.4011054
10.194395	4.216118
10.215682	4.1938953
10.81248	10.717666
10.201266	4.1853757
10.815604	10.704923
10.181212	4.230175
10.212356	4.196539
10.214431	4.212921
10.210901	4.23429
10.188469	4.2360425
10.812374	10.870988
10.19965	4.4549785
10.034935	4.952127
10.142613	4.443803
9.977669	5.3371086
9.960792	5.343396
10.668684	7.9321
9.956739	5.314752
9.9438305	5.347626
10.844182	7.607308
10.04305	5.28329
9.9350815	5.3700624
9.927098	5.389146
9.774873	5.6030855
9.77889	5.5976
9.783586	5.6154394
9.710467	5.6812134
9.688679	5.664573
9.719676	5.621672
-3.6803918	5.3116035
-3.7335167	5.388564
-3.7196202	5.394787
-3.757247	5.337902
-3.739958	5.3689837
-3.7447817	5.3806973
-3.7368543	5.3777766
-3.7498972	5.3816757
-3.7590034	5.38775
-4.1577373	5.8171654
-4.1554437	5.812159
-3.8067045	3.7922401
-4.168591	5.8272967
-4.086848	5.7481375
-3.7147074	4.2890205
-4.2209496	5.8030577
-2.7597418	11.30707
-3.8409567	3.9355147
-3.848927	3.8456752
-3.8416564	3.880797
-4.0968676	5.7472463
-3.8393798	3.882641
-4.130386	5.7839227
-4.1595597	5.829923
-0.3853922	7.0166435
-4.1257796	5.781938
-0.2478359	7.0065074
-4.195629	2.925381
-3.991618	3.601511
-4.007733	3.576183
-4.1952415	2.9115977
4.6631217	5.1878095
5.122607	5.2550755
6.0625296	6.1877093
4.6293063	5.2090893
6.0757275	6.1617446
6.067011	6.17843
6.074985	6.1646814
4.513569	5.10535
5.124851	5.2625904
6.1222596	6.1392283
6.0822477	6.1785607
4.535828	5.1367517
4.5618443	5.1717224
4.6438346	5.2071776
4.6702785	5.2270703
4.6556315	5.204717
4.651611	5.204778
6.110217	12.91591
4.6944404	5.2179956
6.1118565	12.929435
4.6854024	5.2008524
6.1069307	12.917259
10.988909	7.200702
5.1364923	5.2690907
6.1394835	6.0594482
6.054508	5.854109
6.030184	5.87163
6.0404944	5.906513
6.0304556	5.9025593
6.035725	5.8719063
6.0286264	5.875404
6.334196	12.275707
6.0305347	5.8586063
6.092117	13.0058155
5.5260377	16.020407
6.2990074	4.6546774
6.3057246	4.6763606
6.111738	5.856397
6.3424134	12.308156
6.1294975	5.8126216
6.3594365	4.714936
6.2945037	4.646957
5.6031113	5.14985
22.957815	7.031525
15.871288	-0.8114419
22.96176	7.0444627
22.961357	6.9919114
22.969524	7.0390415
15.87861	-0.80016303
22.964008	7.0405707
22.976519	7.058071
22.96676	7.0477576
22.832497	5.493517
22.846	5.5245275
22.856497	5.5441833
22.838184	5.5889287
22.761263	6.351535
22.822264	5.666472
23.1926	6.125909
22.809816	5.716184
23.166834	6.114227
23.091745	6.0842338
22.774889	5.869969
22.76727	5.957949
22.776085	5.9918704
22.733572	5.965559
22.728401	6.032257
22.728294	5.982491
22.716139	6.0339437
22.716873	6.0166216
22.715645	6.025873
19.986526	-0.7494838
16.52147	0.49925923
20.639944	-0.5895031
16.498682	0.5100787
16.489578	9.284821
16.502266	0.5076214
16.511742	0.50008166
20.638647	-0.57504934
20.63387	-0.5895892
20.650772	-0.6024068
16.517094	0.50312275
20.61825	-0.58079684
20.632004	-0.5897421
20.633602	-0.5895388
20.634996	-0.5900072
16.506863	0.49474645
20.635082	-0.59195924
16.613834	0.42599842
16.57765	0.41632533
20.635221	-0.59186083
20.635649	-0.590619
20.606117	-0.6098205
16.630503	0.45380586
16.629517	0.46165612
16.59385	0.4267877
16.566635	0.4399249
16.608261	0.43182385
16.660118	0.77980316
16.651348	0.74236137
16.09299	9.132908
16.034668	9.102336
15.952415	9.011843
15.969601	9.0242815
15.986127	9.046338
16.636597	0.71878123
11.806419	-6.641014
11.914313	-6.6442056
5.963546	-7.2064714
4.6444106	-6.1043367
5.3872323	-7.738383
4.859409	-5.574954
5.243457	-7.830877
5.34438	-7.659623
5.3075004	-7.684358
5.3902106	-7.724138
5.2955875	-7.7596955
5.24404	-7.8250637
5.6579475	-9.455286
4.973778	-8.715045
5.294614	-9.18519
4.239623	-7.954177
4.3339443	-8.111798
4.3386674	-8.164996
4.4869	-8.444274
5.334255	-9.3481
3.3985636	-9.692942
5.3212295	-9.358117
5.998205	-10.89385
5.3253555	-9.36502
5.318978	-9.361098
0.20028904	-2.8650942
0.2501489	-2.299371
10.41739	8.470659
-1.1204457	-3.075502
10.412553	8.468437
10.422039	8.45285
10.434077	8.459717
-1.1353325	-3.097175
-0.06631648	-2.1938639
8.070239	11.148129
0.0035566257	-2.1372082
8.037069	11.14158
0.009274692	-2.1194873
8.076246	11.140712
-1.1173313	-3.0623121
-1.1103815	-3.0600965
-1.1288073	-3.0907779
-1.08925	-3.0604262
-1.0143056	-3.1378725
-1.5570669	-2.8961322
-1.5187061	-2.921603
-1.5787307	-2.9110687
-1.5446743	-2.9190185
-1.8970798	-3.3053293
-1.8814956	-3.2879128
-1.7835343	-3.3297598
-1.8766934	-3.3439658
-1.9128932	-3.3666694
10.715645	13.206918
11.108326	13.22815
11.388133	13.111118
11.994893	13.457333
12.00638	13.433395
11.995565	13.463404
11.987209	13.457913
11.988093	13.435742
12.020443	13.436385
11.984782	13.457094
11.896312	13.451098
11.345899	13.076727
11.365526	13.084539
11.35662	13.05994
11.85909	13.537386
8.134969	14.644487
11.358378	13.08166
8.142033	14.641501
12.023881	8.502695
12.009055	8.491216
12.020886	8.494629
11.78215	15.553953
5.247033	17.00526
5.178333	17.012987
5.520487	16.804531
5.170439	16.616777
5.1466446	16.653505
12.107099	17.707272
12.74549	16.73313
5.8157625	21.05364
12.746857	16.736532
10.71893	16.377167
10.752061	16.35093
10.749639	16.352766
10.756778	16.363003
4.8607464	16.72353
6.0824475	21.435488
4.92394	16.889278
4.916115	16.882107
3.738032	15.177366
5.8034654	21.036638
5.815011	21.051302
5.815464	21.050137
3.7094073	15.19629
3.7250178	15.187815
4.875347	16.728077
4.876321	16.706848
4.863143	16.73241
5.2317624	16.484896
5.452818	16.194735
5.452351	16.193342
5.563487	17.081575
9.851011	3.7698634
9.844542	3.7545986
5.5758033	17.088434
5.679598	17.144297
9.840207	3.736136
9.853242	3.7617433
5.9840355	13.719522
1.6166908	12.054517
2.20508	10.102533
2.3049152	17.619278
2.370854	15.609312
2.323278	17.639952
2.32036	17.646994
2.3147483	17.65406
2.3641694	15.61819
2.3645902	15.625502
2.3981266	17.538557
-1.499132	12.148123
-1.509065	12.142578
-1.5091469	12.144317
-1.5497972	12.138846
-1.7060107	12.3505535
-1.8399342	11.94467
-2.0906665	11.372436
-2.4117076	12.176623
-2.364857	12.15355
-2.1107056	12.086804
2.4172173	17.466534
-2.365429	12.12303
-2.3559604	12.121615
-2.3446517	12.142983
-2.3427284	12.163458
-2.0779443	12.141223
-2.3504827	12.135165
-2.5747805	12.04432
-2.3264163	11.20743
-2.3892477	12.127932
-3.4131637	11.3425865
-3.4841557	11.369623
-3.5345237	11.42529
-3.4897852	11.377273
-3.9915705	12.027857
-4.068899	12.115642
-4.0639024	12.10988
-3.4434624	11.351956
-3.4538958	11.332805
-3.4518406	11.345892
-2.770414	11.911779
-2.9887059	11.453256
-2.1042645	10.73708
4.0185604	9.44784
-1.4248124	10.443194
4.0304594	9.419591
-1.4225674	10.442969
-1.3921633	10.473844
1.4247375	9.325327
-1.3495458	10.471553
-1.3857424	10.434737
-2.1050727	10.739021
1.403595	9.335065
1.4318873	9.345546
-1.3969747	10.4304085
1.4211655	9.330813
1.4311577	9.327553
1.4256003	9.3202095
-2.558558	10.784506
-1.4146222	10.422804
2.2799723	9.101244
-1.4229267	10.439845
1.8350075	2.319242
2.7316103	2.1836736
1.8575913	2.3871071
1.8385892	2.368804
1.4968494	9.8168545
1.5087355	9.803948
12.135958	14.984474
12.122705	14.985466
12.10631	14.962879
12.118895	14.975286
10.652629	14.89158
10.673952	14.877434
1.6916858	-1.0749476
10.639532	14.888335
11.866706	14.821636
10.663578	14.892295
17.545637	16.04414
12.15445	10.836187
11.697778	10.879013
11.655077	10.8970175
12.165254	10.820032
12.185703	10.830281
12.116709	10.78473
12.147083	10.822137
12.1202345	10.807404
11.622823	10.977309
11.616257	10.99434
10.896952	10.909431
10.872138	10.886357
10.902679	10.908087
10.891623	10.888393
10.916097	10.891517
10.875902	10.879958
10.879878	10.88908
10.875684	10.897454
10.145129	4.4016685
10.131493	4.460642
10.139715	4.4302764
10.020367	4.466114
10.695032	7.8718286
10.6462	9.714364
10.657674	9.70467
9.945534	5.334181
10.6635	9.664633
10.653793	9.694435
10.912605	9.491053
10.5854225	7.832212
10.651861	9.708123
10.626967	7.8369994
10.660533	7.823438
10.653336	7.825013
10.63472	7.8256063
10.605346	7.801503
11.00923	8.114662
10.668748	7.684532
11.151667	8.9232
11.154928	8.984166
9.67697	6.8046813
-3.9097118	3.2568095
-0.8002379	6.8739676
-0.82962966	6.852545
-0.8133335	6.867732
-0.8376606	6.8463893
-3.750676	5.2365894
-3.6976583	5.2968116
-3.7378125	5.333723
-3.7928238	5.359659
-3.6961951	5.2986126
-3.8385124	5.337652
-3.7452164	5.3908105
-4.1262827	5.811177
-0.33357117	7.004243
-4.147727	5.798939
1.6796806	8.425107
1.7148253	8.382213
1.7248747	8.358893
2.060886	8.430894
2.0390863	8.43305
2.0502777	8.441032
-4.172168	5.743884
-4.1964827	5.7609105
-4.17101	5.8606634
-4.1922874	5.8365135
-0.3394647	7.0033937
-4.210062	5.8694983
-4.1974998	5.853096
-4.207526	5.860641
-4.205947	5.8702574
-0.2421053	6.9392447
-0.26922178	6.9667
-0.25738513	6.9849806
-0.27615294	6.9787016
5.099881	5.2555795
6.135877	6.083146
6.137642	6.1172886
6.041717	6.1983294
4.6057525	5.191223
6.080562	6.152578
4.6047635	5.201115
4.605518	5.1925387
4.6223817	5.2166715
4.482722	5.079204
4.6101227	5.194864
6.7959795	4.315047
6.4235206	5.1008334
6.78937	4.324559
6.370554	4.9599266
6.778002	4.337891
6.1055727	12.915059
6.103616	12.948598
5.489872	16.072666
5.522162	16.043337
9.673208	14.969096
9.650885	14.966971
9.657255	14.956738
6.425555	5.019155
9.540982	15.002896
5.494049	16.064623
5.5050516	16.053608
9.532789	15.004795
6.410236	5.033634
6.417542	5.0336733
6.408562	5.0468044
5.5577245	5.133373
5.538326	16.008432
5.5313487	16.018917
6.009086	13.744011
6.3831143	5.022693
1.6945618	-1.2599767
6.233388	4.7036815
5.601259	5.133606
5.595391	5.136844
6.2668223	5.378319
5.5298142	16.024012
9.662022	14.954871
5.974857	13.785956
5.533328	16.015728
9.674474	14.957782
22.944195	7.0297246
22.827074	5.4597807
22.961456	7.0342975
22.82895	5.4755116
22.963749	7.047074
22.957785	7.0266194
22.838923	5.5002904
22.837503	5.5071964
22.95905	7.030164
22.885359	5.6314955
12.283345	-1.7318114
23.215527	6.1499314
22.853718	6.3264046
22.812937	5.7396135
22.945976	7.0273576
22.803879	5.8090544
22.78348	6.2821198
19.724508	-0.93301827
19.731382	-0.92492735
19.757917	-0.9049913
19.749514	-0.9118982
19.763887	-0.9012763
19.745695	-0.9145924
19.746466	-0.9180859
16.593939	0.65272427
16.631159	0.4466361
19.790274	-0.88379234
16.632141	0.6630359
16.481434	9.276888
20.619802	-0.6160894
20.633274	-0.5911773
20.639938	-0.5801205
16.56456	0.56701374
16.59329	0.62060094
16.585522	0.621036
16.619724	0.4313132
16.63465	0.3987244
16.621883	0.4100556
16.626266	0.70473444
16.489141	9.28597
16.469343	9.276723
16.031193	9.083109
17.600464	-5.2137537
17.595957	-5.211087
17.602821	-5.2156296
16.478292	9.281516
-8.180116	-4.135061
17.59843	-5.2122064
17.608294	-5.2232513
17.614473	-5.2318454
17.588425	-5.215418
17.599796	-5.214419
17.617243	-5.199214
17.608664	-5.2215614
17.58667	-5.2028008
17.601954	-5.216301
17.602058	-5.2190356
9.597112	-2.2163413
9.587137	-2.2173138
9.587551	-2.2271364
9.605185	-2.2420495
9.569858	-2.2001438
11.461447	-6.073885
11.468431	-6.095958
11.474661	-6.0941305
11.750983	-6.4603853
11.7606125	-6.469994
11.939293	-6.6862655
11.758417	-6.4706593
11.940806	-6.6590014
11.915858	-6.659636
8.453382	-4.248239
8.469972	-4.23131
4.774296	-5.647158
4.7492976	-5.6466966
5.8780313	-7.2493334
5.376519	-7.6087217
5.2649903	-7.705871
1.4853917	-2.073369
3.1355543	-2.4590733
1.4675068	-2.0756955
1.4496595	-2.0947185
1.428248	-2.1745641
1.428667	-2.0958476
1.4528868	-2.0775561
3.233076	-6.1739516
3.5567799	-6.340419
3.255862	-6.2022357
3.5796602	-6.3510523
3.6244583	-6.375054
1.4682795	-2.0690582
1.4575765	-2.0805829
1.2282479	-2.2927957
1.2001579	-2.2940073
0.4590926	-3.2693274
0.9130941	-2.5451028
0.77388936	-2.669531
0.7117998	-2.7450738
0.3347869	-2.9793057
0.16520333	-3.522615
0.09310452	-3.3633945
-0.94247174	-3.2893126
-0.9572431	-3.3146768
-1.0005739	-3.278828
-1.0185959	-3.2650745
