218.0	178.0	0.11111111	0.0	0.8333327	0.54772234	1.1111094	0.5443307	59.62963	52.444443	75.22222	51.22222	-21.555555	46.77778	-25.222221	75.22222	0.31899637	-2.0405545
32.0	173.0	0.0	0.0	1.7222217	1.7815932	9.0	6.749488	43.592594	39.555557	52.88889	38.333336	-12.111111	27.88889	-15.777778	52.88889	0.26691392	-1.9988575
61.0	197.0	0.0	0.0	1.4444441	1.5153533	2.6111107	1.9254634	49.592594	44.22222	61.555557	43.0	-16.11111	35.88889	-19.777779	61.555557	0.30292457	-2.0222743
149.0	185.0	0.0	0.0	1.5555553	1.0680546	3.0555553	1.9254627	49.333332	45.333332	59.555557	43.11111	-12.0	30.666666	-18.666666	59.555557	0.2758892	-1.9527698
86.0	197.0	0.11111111	0.11111111	1.611112	1.4516907	1.2777786	1.1038647	63.22222	56.22222	77.77778	55.666668	-21.0	43.666668	-22.666666	77.77778	0.28533262	-2.06802
203.0	182.0	0.0	0.0	3.722222	2.576964	3.6111114	1.705112	54.925926	49.444443	68.111115	47.22222	-16.444445	39.555557	-23.11111	68.111115	0.3067216	-1.9803478
5.0	210.0	0.0	0.11111111	2.1666672	1.6699982	4.444444	2.613356	51.296295	45.444443	64.333336	44.11111	-17.555555	39.11111	-21.555555	64.333336	0.3175664	-2.0208955
63.0	201.0	0.0	0.0	2.1111119	1.7341882	2.5000007	1.656637	61.62963	54.88889	76.44444	53.555557	-20.222221	44.444443	-24.222221	76.44444	0.29921305	-2.0341187
50.0	199.0	0.0	0.0	3.2222226	2.9789395	5.611111	4.6159945	55.666668	49.11111	69.77778	48.11111	-19.666666	42.333332	-22.666666	69.77778	0.31241447	-2.0454311
54.0	176.0	0.0	0.0	2.1111126	0.68853056	2.6666672	2.6915512	50.666668	46.0	62.666668	43.333332	-14.0	36.0	-22.0	62.666668	0.30857325	-1.9514097
215.0	182.0	0.0	0.0	2.5555553	1.4707013	2.7222226	1.9823296	54.185184	48.555557	67.22222	46.77778	-16.88889	39.11111	-22.222221	67.22222	0.30405003	-2.0040817
110.0	182.0	0.0	0.0	2.3888893	1.7940235	2.555556	1.5587274	46.37037	42.666668	56.333332	40.11111	-11.111111	29.88889	-18.777779	56.333332	0.28764573	-1.9300476
235.0	196.0	0.0	0.0	1.6666666	1.333334	2.222222	1.1482682	47.25926	41.77778	58.555557	41.444443	-16.444445	33.88889	-17.444445	58.555557	0.29423782	-2.0746155
4.0	210.0	0.0	0.0	4.7222233	4.018937	5.722222	2.184966	49.74074	44.22222	62.22222	42.77778	-16.555555	37.444443	-20.88889	62.22222	0.3142778	-2.0144343
175.0	188.0	0.0	0.0	2.9999993	2.5733685	2.3333328	1.2995725	55.77778	49.666668	69.111115	48.555557	-18.333334	40.0	-21.666666	69.111115	0.29629385	-2.0396667
153.0	192.0	0.0	0.0	3.3888893	1.7815926	7.444444	4.1347656	53.444443	47.333332	65.0	48.0	-18.333334	34.666668	-16.333334	65.0	0.27272084	-2.1641955
123.0	183.0	0.0	0.0	1.111111	0.6518524	6.333334	36.933327	32.25926	29.444445	39.11111	28.222221	-8.444445	20.555555	-12.111111	39.11111	0.2664361	-1.970772
129.0	184.0	0.11111111	0.0	2.222222	0.91084087	3.6111114	1.8186271	45.22222	41.77778	54.444443	39.444443	-10.333333	27.666666	-17.333334	54.444443	0.2758183	-1.9301959
151.0	163.0	0.0	0.0	2.0555556	2.2851863	18.166666	41.988934	40.0	34.555557	48.0	37.444443	-16.333334	24.0	-7.6666665	48.11111	0.2638465	-2.5174901
223.0	175.0	0.0	0.0	3.7777786	3.1245742	7.166668	4.68923	57.851852	50.77778	72.77778	50.0	-21.222221	44.77778	-23.555555	72.77778	0.31283396	-2.05935
93.0	190.0	0.0	0.0	5.5000014	1.8226972	2.6111114	3.234651	53.592594	47.333332	66.88889	46.555557	-18.777779	39.88889	-21.11111	66.88889	0.3036015	-2.052546
205.0	194.0	0.0	0.0	1.6111107	1.2003093	5.388889	3.0435104	41.296295	37.11111	50.444443	36.333336	-12.555555	27.444445	-14.888889	50.444443	0.28055963	-2.0375679
156.0	188.0	0.0	0.0	4.277778	2.3134086	5.0	3.7475924	61.25926	55.11111	75.66667	53.0	-18.444445	43.22222	-24.777779	75.66667	0.3002418	-1.9977459
62.0	200.0	0.0	0.0	2.2777774	2.1335068	3.7777793	1.7847085	61.037037	54.11111	76.44444	52.555557	-20.777779	46.22222	-25.444445	76.44444	0.31254068	-2.0265863
23.0	172.0	0.0	0.0	1.333334	0.8944272	9.166667	5.8566217	42.333332	38.0	51.22222	37.77778	-13.0	26.666666	-13.666667	51.22222	0.26545405	-2.1265585
142.0	182.0	0.0	0.0	2.499999	1.0999985	2.277777	3.618518	34.51852	31.555555	42.22222	29.777779	-8.888889	23.11111	-14.222222	42.22222	0.29320765	-1.9430385
38.0	189.0	0.0	0.0	1.0000006	0.22222213	6.222223	33.3185	29.074074	26.333334	35.22222	25.666666	-8.222222	18.444445	-10.222222	35.22222	0.2712077	-2.0491476
86.0	193.0	0.0	0.0	3.2777793	1.6521593	2.222222	1.8094397	61.407406	53.666668	76.55556	54.0	-23.222221	45.444443	-22.222221	76.55556	0.29957896	-2.1093748
62.0	202.0	0.0	0.0	2.555556	1.7083669	1.4999994	1.1303879	60.48148	53.666668	74.888885	52.88889	-20.444445	43.22222	-22.777779	74.888885	0.2978795	-2.0606136
198.0	183.0	0.0	0.0	1.0555547	1.1816497	3.3888881	1.5974506	54.037037	48.88889	66.55556	46.666668	-15.444445	37.555557	-22.11111	66.55556	0.2986217	-1.9749589
24.0	205.0	0.0	0.0	2.2222226	1.5869851	2.3888893	2.4892375	56.074074	49.77778	69.77778	48.666668	-18.88889	41.11111	-22.222221	69.77778	0.30391166	-2.0382628
13.0	191.0	0.0	0.0	3.5555556	5.4074097	7.777778	40.02962	25.296297	23.555555	29.88889	22.444445	-5.2222223	13.777778	-8.555555	30.11111	0.2371126	-1.8582636
20.0	189.0	0.0	0.0	1.7222229	1.7518526	2.666667	3.822227	34.11111	30.11111	42.77778	29.444445	-12.0	26.0	-14.0	42.77778	0.30988368	-2.0442774
251.0	173.0	0.11111111	0.0	2.1666672	1.8348475	2.3888881	1.2367805	56.77778	49.88889	71.55556	48.88889	-20.666666	44.333332	-23.666666	71.55556	0.3183665	-2.048199
181.0	162.0	0.0	0.0	2.6666653	7.155551	13.388888	9.662939	42.185184	36.444443	51.333332	38.77778	-17.222221	27.444445	-10.222222	51.333332	0.28552282	-2.3274822
85.0	200.0	0.0	0.0	4.4999995	4.3243494	6.0555553	4.327775	58.592594	52.22222	72.66667	50.88889	-19.11111	42.22222	-23.11111	72.66667	0.30018097	-2.02885
202.0	193.0	0.0	0.0	1.111112	0.7503075	3.3888881	2.489236	41.703705	37.88889	50.666668	36.555557	-11.444445	26.88889	-15.444445	50.666668	0.27838665	-1.9929975
64.0	196.0	0.0	0.0	2.6666667	2.3758044	3.4444447	2.2770991	49.88889	44.333332	61.444443	43.88889	-16.666666	34.666668	-18.0	61.444443	0.2899971	-2.0638638
38.0	202.0	0.0	0.0	2.166666	1.0697863	8.333334	2.5121903	57.333332	50.22222	71.55556	50.22222	-21.333334	42.666668	-21.333334	71.55556	0.30251354	-2.0937457
189.0	184.0	0.0	0.11111111	1.666666	0.84327394	2.7777774	2.0073938	50.592594	45.88889	62.333332	43.555557	-14.111111	35.22222	-21.11111	62.333332	0.30094525	-1.9644797
250.0	176.0	0.0	0.11111111	1.611112	1.0628399	3.444444	1.6953092	53.666668	47.11111	67.66667	46.22222	-19.666666	42.0	-22.333334	67.66667	0.3181372	-2.0522583
18.0	204.0	0.0	0.0	2.5555553	1.2049277	2.7777774	1.1482679	57.88889	51.444443	72.0	50.22222	-19.333334	42.333332	-23.0	72.0	0.30252522	-2.0385435
132.0	182.0	0.0	0.0	0.8888893	0.655462	2.1111114	1.7722135	43.51852	40.22222	52.555557	37.77778	-9.888889	27.11111	-17.222221	52.555557	0.2807636	-1.917349
93.0	195.0	0.0	0.0	1.833334	1.2064636	4.0555553	2.1230652	61.592594	54.666668	76.66667	53.444443	-20.777779	45.22222	-24.444445	76.66667	0.30559286	-2.0371156
28.0	204.0	0.0	0.0	2.0000007	1.7638338	3.222222	2.0834446	55.88889	49.77778	69.22222	48.666668	-18.333334	40.0	-21.666666	69.22222	0.29685017	-2.0373702
167.0	189.0	0.0	0.0	3.7777774	2.2377224	3.7777774	1.544405	58.407406	51.333332	72.44444	51.444443	-21.222221	42.11111	-20.88889	72.44444	0.29552308	-2.1013258
106.0	191.0	0.0	0.0	3.166668	3.0313168	2.8333313	2.896358	63.0	55.11111	79.55556	54.333332	-23.666666	49.666668	-26.0	79.55556	0.31752294	-2.0622857
52.0	196.0	0.0	0.0	1.4444447	1.3277662	6.777777	4.1881666	46.074074	40.444443	57.11111	40.666668	-16.88889	33.11111	-16.222221	57.11111	0.29404518	-2.1056774
112.0	197.0	0.0	0.0	4.2222233	2.9938211	4.9444447	3.1227946	50.333332	44.666668	62.22222	44.11111	-17.0	35.666668	-18.666666	62.22222	0.29632849	-2.0712209
185.0	188.0	0.0	0.0	1.7777767	1.1287484	1.9999994	1.2472184	50.185184	45.0	62.11111	43.444443	-15.555555	35.77778	-20.222221	62.11111	0.3004298	-2.0073802
160.0	187.0	0.11111111	0.0	2.6111119	1.9369694	5.1111107	3.5381508	49.48148	44.666668	60.88889	42.88889	-14.444445	34.22222	-19.777779	60.88889	0.2973408	-1.9906267
190.0	162.0	0.0	0.0	2.1111107	3.9851823	13.944444	155.12964	41.333332	35.0	51.11111	37.88889	-19.0	29.333334	-10.333333	51.333332	0.2984709	-2.4946074
166.0	182.0	0.0	0.0	3.0555553	4.213295	3.9999993	2.3664315	58.407406	52.555557	72.55556	50.11111	-17.555555	42.444443	-24.88889	72.55556	0.3112005	-1.9784946
191.0	180.0	0.11111111	0.0	3.555556	1.186343	2.222222	1.1088873	60.074074	53.22222	75.44444	51.555557	-20.555555	46.11111	-25.555555	75.44444	0.31801003	-2.0221484
133.0	181.0	0.0	0.0	2.3888893	2.1645303	4.777777	2.8648567	41.25926	37.77778	49.555557	36.444443	-10.444445	24.88889	-14.444445	49.555557	0.2656194	-1.9983681
151.0	163.0	0.0	0.0	2.0555556	2.2851863	18.166666	41.988934	40.0	34.555557	48.0	37.444443	-16.333334	24.0	-7.6666665	48.11111	0.2638465	-2.5174901
170.0	189.0	0.0	0.0	2.277778	1.3235757	2.4444447	1.7847092	51.11111	45.77778	63.333332	44.22222	-16.0	36.666668	-20.666666	63.333332	0.30134642	-2.0089307
42.0	201.0	0.0	0.0	2.1111107	2.0184336	4.333332	4.7234635	59.333332	52.555557	74.0	51.444443	-20.333334	44.0	-23.666666	74.0	0.3066086	-2.042514
129.0	188.0	0.0	0.0	3.6666667	2.0110817	4.6111107	2.4075518	61.074074	53.77778	76.0	53.444443	-21.88889	44.77778	-22.88889	76.0	0.30013013	-2.0790954
70.0	177.0	0.0	0.0	2.166666	1.0697887	1.666666	1.173788	49.444443	45.0	61.0	42.333336	-13.333333	34.666668	-21.333334	61.0	0.30596185	-1.9426625
181.0	186.0	0.11111111	0.0	2.9444454	2.7114286	2.0555553	1.6788442	48.814816	44.11111	60.444443	41.88889	-14.111111	34.88889	-20.777779	60.444443	0.30702683	-1.9685109
118.0	182.0	0.11111111	0.0	1.777778	1.293861	2.500002	1.42595	45.0	41.666668	54.333332	39.0	-10.0	28.0	-18.0	54.333332	0.28187475	-1.9106771
236.0	193.0	0.0	0.0	2.6666653	1.6865476	4.0555553	3.2756124	49.11111	43.333332	61.22222	42.77778	-17.333334	36.333332	-19.0	61.22222	0.30314395	-2.0654206
89.0	195.0	0.11111111	0.0	2.7222226	1.8668653	3.1666667	1.8226969	61.74074	55.11111	76.55556	53.555557	-19.88889	44.444443	-24.555555	76.55556	0.30023456	-2.020938
253.0	192.0	0.0	0.0	2.1666667	2.0083156	2.5555553	1.5444032	47.51852	42.333336	59.22222	41.0	-15.555555	35.11111	-19.555555	59.22222	0.3074729	-2.020234
110.0	196.0	0.0	0.11111111	3.666666	1.8618978	6.888888	4.8610306	52.48148	46.88889	65.0	45.555557	-16.777779	37.555557	-20.777779	65.0	0.29762968	-2.0225987
133.0	182.0	0.0	0.0	2.5000012	5.4555516	8.666666	71.24447	29.777779	27.222221	35.444447	26.666666	-7.6666665	17.0	-9.333333	35.88889	0.25607783	-2.2177355
45.0	188.0	0.0	0.0	2.4444447	2.740741	3.1111116	7.540742	33.333332	29.666666	41.333336	29.0	-11.0	24.0	-13.0	41.333336	0.29986525	-2.0407205
18.0	209.0	0.0	0.11111111	2.6111119	0.7123263	4.555556	2.6722174	48.77778	43.0	60.77778	42.555557	-17.333334	36.0	-18.666666	60.77778	0.30298224	-2.0669804
4.0	201.0	0.0	0.22222222	2.722222	1.6788458	5.2222214	3.1245742	53.703705	47.11111	67.22222	46.77778	-19.777779	40.555557	-20.777779	67.22222	0.30885938	-2.0752265
167.0	190.0	0.0	0.0	3.055556	0.85418355	5.055556	2.784215	51.074074	44.88889	63.22222	45.11111	-18.555555	36.444443	-17.88889	63.22222	0.29895782	-2.1126902
165.0	186.0	0.0	0.0	2.5555546	1.5729187	2.0	1.173788	49.51852	45.11111	61.11111	42.333336	-13.222222	34.77778	-21.555555	61.11111	0.3072572	-1.9408131
195.0	161.0	0.0	0.0	2.1111107	1.8074051	10.499999	91.32222	41.48148	36.0	51.11111	37.333336	-16.444445	28.88889	-12.444445	51.22222	0.29470626	-2.3165061
115.0	195.0	0.0	0.0	3.833334	2.9571006	3.9444447	1.7051116	57.11111	51.333332	70.111115	49.88889	-17.333334	39.0	-21.666666	70.111115	0.28835976	-2.015595
42.0	203.0	0.0	0.0	0.94444466	0.6469296	6.055556	2.4623086	54.51852	48.666668	67.111115	47.77778	-17.555555	37.77778	-20.222221	67.111115	0.28979304	-2.0465353
123.0	187.0	0.0	0.0	2.6666667	1.8499243	3.444444	1.6555183	58.666668	52.555557	72.55556	50.88889	-18.333334	41.666668	-23.333334	72.55556	0.29855335	-2.0135245
161.0	190.0	0.0	0.0	3.7777774	2.0940847	4.5555553	3.7277741	58.11111	51.666668	71.111115	51.555557	-19.333334	39.0	-19.666666	71.111115	0.28591606	-2.102898
107.0	191.0	0.0	0.0	3.722222	2.999382	2.8888874	2.7862093	62.037037	54.444443	78.111115	53.555557	-22.777779	48.22222	-25.444445	78.111115	0.3146827	-2.0561104
229.0	175.0	0.0	0.0	1.166666	0.52222264	5.666666	26.133337	33.0	29.0	41.0	29.0	-12.0	24.0	-12.0	41.0	0.28683385	-2.091209
88.0	180.0	0.0	0.0	1.4999994	0.93689823	3.833332	2.888675	50.407406	45.22222	62.333332	43.666668	-15.555555	35.77778	-20.222221	62.333332	0.3009182	-2.0087192
86.0	193.0	0.0	0.0	3.2777793	1.6521593	2.222222	1.8094397	61.407406	53.666668	76.55556	54.0	-23.222221	45.444443	-22.222221	76.55556	0.29957896	-2.1093748
174.0	181.0	0.0	0.0	3.2777786	3.1511326	4.1666675	2.786875	59.074074	52.333332	74.22222	50.666668	-20.222221	45.444443	-25.222221	74.22222	0.31734532	-2.0208647
244.0	194.0	0.0	0.0	1.722222	1.14342	2.277778	2.03761	49.74074	44.444443	61.666668	43.11111	-15.888889	35.77778	-19.88889	61.666668	0.30085307	-2.0218375
190.0	186.0	0.0	0.11111111	2.722222	2.2451591	6.0555553	2.8159592	50.074074	45.666668	60.22222	44.333332	-13.222222	30.444445	-17.222221	60.22222	0.26619545	-2.0288115
102.0	179.0	0.11111111	0.0	1.8333334	1.5311582	2.4444447	1.8816848	49.185184	44.88889	59.77778	42.88889	-12.888889	31.777779	-18.88889	59.77778	0.28268683	-1.970398
225.0	181.0	0.0	0.0	1.1666666	0.86281204	1.8333327	1.3291602	55.333332	49.0	68.77778	48.22222	-19.0	40.333332	-21.333334	68.77778	0.30000642	-2.0531886
176.0	187.0	0.0	0.0	1.7777773	1.6009252	2.333334	2.0221	54.77778	49.0	68.0	47.333332	-17.333334	39.666668	-22.333334	68.0	0.30412614	-2.0096147
25.0	208.0	0.0	0.0	5.7222233	4.841564	6.3333344	3.5527778	55.62963	48.22222	70.333336	48.333332	-22.222221	44.11111	-21.88889	70.333336	0.32059526	-2.0945847
201.0	161.0	0.0	0.0	2.555556	0.5185191	11.500001	96.65553	41.814816	35.77778	51.444443	38.22222	-18.11111	28.88889	-10.777778	51.444443	0.30298296	-2.338974
28.0	188.0	0.0	0.0	1.4444441	1.4962955	5.111111	19.007412	29.962963	26.88889	36.444443	26.555555	-9.222222	19.444445	-10.222222	36.444443	0.2758629	-2.083566
180.0	162.0	0.0	0.0	3.1111095	5.762963	12.944446	9.396256	41.48148	35.666668	50.555557	38.22222	-17.444445	27.222221	-9.777778	50.555557	0.29110643	-2.3353713
252.0	195.0	0.0	0.0	2.6111119	2.091428	3.722222	2.2052138	47.666668	42.444443	58.77778	41.77778	-15.666667	33.333332	-17.666666	58.77778	0.28878826	-2.0516715
10.0	190.0	0.0	0.0	2.6666672	6.977775	2.5000007	2.6555543	32.962963	29.333334	41.11111	28.444445	-10.888889	24.444445	-13.555555	41.11111	0.30570525	-2.020042
148.0	192.0	0.11111111	0.0	4.0000005	2.1807232	4.944445	3.866763	58.11111	51.77778	72.0	50.555557	-19.0	41.666668	-22.666666	72.0	0.2993077	-2.0340476
204.0	194.0	0.0	0.0	2.6111114	1.9254627	5.1111107	3.4167333	41.037037	37.0	49.77778	36.333336	-12.111111	26.222221	-14.111111	49.77778	0.27541482	-2.0452008
140.0	188.0	0.0	0.0	2.0	2.1081848	3.0555546	2.4981472	61.666668	54.444443	76.55556	54.0	-21.666666	44.666668	-23.0	76.55556	0.29562417	-2.074028
180.0	179.0	0.0	0.0	2.2777784	2.5074108	4.555556	7.274074	35.48148	31.333334	44.11111	31.0	-12.444445	25.88889	-13.444445	44.11111	0.30116582	-2.0752
182.0	186.0	0.11111111	0.0	3.666666	2.0439608	1.7777767	1.2412661	48.444443	43.77778	59.88889	41.666668	-14.0	34.333332	-20.333334	59.88889	0.30452195	-1.9730555
172.0	183.0	0.0	0.0	2.8888893	1.6821506	4.0555553	3.0725813	56.333332	50.444443	70.0	48.555557	-17.666666	41.0	-23.333334	70.0	0.30547154	-1.9975766
163.0	180.0	0.0	0.0	1.777778	1.1851858	9.166667	63.944435	30.37037	27.444445	36.333336	27.333334	-8.777778	17.88889	-9.111111	36.333336	0.23849043	-2.2170947
147.0	193.0	0.0	0.0	6.6111126	3.6050377	7.055556	5.4095254	51.74074	46.555557	63.0	45.666668	-15.555555	33.77778	-18.222221	63.0	0.27526647	-2.0801742
186.0	162.0	0.0	0.0	1.6111122	0.59629595	12.388888	66.818535	44.074074	37.444443	54.666668	40.11111	-19.88889	31.777779	-11.888889	54.666668	0.3015076	-2.3866708
235.0	196.0	0.0	0.0	1.6666666	1.333334	2.222222	1.1482682	47.25926	41.77778	58.555557	41.444443	-16.444445	33.88889	-17.444445	58.555557	0.29423782	-2.0746155
239.0	160.0	0.0	0.0	1.8333334	0.9222209	5.944443	4.5962973	45.148148	37.88889	58.333332	39.22222	-21.777779	39.555557	-17.777779	58.333332	0.35212588	-2.1629994
100.0	194.0	0.0	0.0	1.722222	2.5941534	3.2222233	1.5006163	61.555557	54.77778	76.22222	53.666668	-20.333334	44.0	-23.666666	76.22222	0.29590768	-2.0427177
71.0	197.0	0.0	0.0	2.7222233	1.8549237	4.555556	2.1464868	55.444443	49.11111	69.55556	47.666668	-19.0	42.333332	-23.333334	69.55556	0.31473875	-2.0243213
118.0	180.0	0.0	0.0	1.9444447	1.4819913	3.1111114	1.0886629	48.555557	44.11111	59.0	42.555557	-13.333333	31.333334	-18.0	59.0	0.27882218	-1.9960423
192.0	162.0	0.0	0.0	2.3888886	2.1962967	14.944444	219.57411	40.444443	34.444447	49.444443	37.444443	-18.0	27.0	-9.0	50.333332	0.30781415	-2.5736349
214.0	161.0	0.0	0.0	3.7222223	0.72963357	11.5	18.922234	40.444443	35.333336	49.666668	36.333336	-15.333333	27.666666	-12.333333	49.666668	0.29805613	-2.198939
179.0	162.0	0.0	0.0	1.9444447	1.3074076	14.055556	5.929622	40.296295	34.666668	49.22222	37.0	-16.88889	26.777779	-9.888889	49.22222	0.28965172	-2.3411982
252.0	201.0	0.0	0.0	4.6111107	5.495115	5.5555553	5.795274	40.296295	35.77778	49.0	36.11111	-13.555555	26.11111	-12.555555	49.0	0.2753682	-2.1758256
93.0	190.0	0.0	0.0	5.5000014	1.8226972	2.6111114	3.234651	53.592594	47.333332	66.88889	46.555557	-18.777779	39.88889	-21.11111	66.88889	0.3036015	-2.052546
223.0	161.0	0.0	0.0	1.3888893	3.040736	8.999999	31.022234	42.037037	36.0	52.22222	37.88889	-18.11111	30.555555	-12.444445	52.22222	0.30841646	-2.282295
234.0	194.0	0.0	0.22222222	1.4444453	1.9512585	3.8333333	3.0894084	48.62963	43.0	60.333332	42.555557	-16.88889	35.11111	-18.222221	60.333332	0.29836866	-2.0718758
76.0	200.0	0.0	0.0	2.7777786	0.77936363	4.3333325	2.8828998	56.37037	50.444443	69.66667	49.0	-17.777779	39.88889	-22.11111	69.66667	0.29683578	-2.0211716
142.0	182.0	0.0	0.0	2.499999	1.0999985	2.277777	3.618518	34.51852	31.555555	42.22222	29.777779	-8.888889	23.11111	-14.222222	42.22222	0.29320765	-1.9430385
105.0	193.0	0.0	0.0	3.222222	1.9051597	2.8888893	2.1773255	60.11111	53.11111	75.111115	52.11111	-21.0	45.0	-24.0	75.111115	0.30846536	-2.047766
205.0	190.0	0.0	0.0	1.2777773	0.9981452	1.6111107	1.1238158	49.48148	44.77778	60.666668	43.0	-14.111111	33.555557	-19.444445	60.666668	0.29078844	-1.9875989
47.0	189.0	0.0	0.0	2.2777774	4.5518537	5.8888893	14.6074095	29.62963	26.777779	36.555557	25.555555	-8.555555	20.777779	-12.222222	36.555557	0.29741284	-1.9545742
62.0	177.0	0.0	0.0	1.2777786	0.8798145	1.6666673	0.9428091	51.074074	46.333332	63.11111	43.77778	-14.222222	36.11111	-21.88889	63.11111	0.30621472	-1.9560046
134.0	187.0	0.0	0.0	1.8888887	1.5153537	2.1111114	1.7847083	59.37037	52.666668	74.111115	51.333332	-20.11111	44.22222	-24.11111	74.111115	0.30745777	-2.03348
23.0	188.0	0.0	0.0	1.6666673	0.4888878	7.38889	37.218513	30.592592	27.444445	37.77778	26.555555	-9.444445	21.555555	-12.111111	37.77778	0.28414816	-2.0145087
168.0	187.0	0.0	0.0	3.5	2.1679482	2.8333333	1.602082	58.0	52.555557	71.44444	50.0	-16.333334	40.333332	-24.0	71.44444	0.29964966	-1.9666711
56.0	196.0	0.0	0.0	2.38889	1.4207458	4.444445	4.3902254	50.074074	44.333332	62.22222	43.666668	-17.222221	36.444443	-19.222221	62.22222	0.2979628	-2.0547533
142.0	183.0	0.11111111	0.0	1.0	0.8692275	1.5555553	1.4857352	43.185184	40.22222	52.0	37.333336	-8.888889	26.444445	-17.555555	52.0	0.28154	-1.8877307
67.0	194.0	0.0	0.0	3.7222207	1.4969094	6.4444447	3.9646575	58.814816	51.77778	72.55556	52.11111	-21.11111	41.22222	-20.11111	72.55556	0.28679082	-2.112941
144.0	187.0	0.0	0.0	1.9444441	2.0484867	6.222222	3.512938	56.148148	49.88889	69.66667	48.88889	-18.777779	40.555557	-21.777779	69.66667	0.29995137	-2.0438795
178.0	185.0	0.0	0.0	2.6111119	1.8063676	3.1111114	2.2771008	49.037037	44.0	60.666668	42.444443	-15.111111	34.88889	-19.777779	60.666668	0.30003616	-2.006186
27.0	189.0	0.0	0.0	0.9999997	0.31111082	2.6111114	2.5074077	32.77778	29.0	40.666668	28.666666	-11.333333	23.666666	-12.333333	40.666668	0.29784104	-2.0642734
16.0	190.0	0.0	0.0	3.7777774	6.8740745	8.555555	73.674065	29.62963	26.11111	36.88889	25.88889	-10.555555	21.777779	-11.222222	36.88889	0.30038968	-2.1606584
231.0	160.0	0.0	0.0	2.611111	8.240739	13.166667	139.85553	40.88889	34.11111	51.77778	36.77778	-20.333334	32.666668	-12.333333	51.77778	0.33961803	-2.335837
119.0	191.0	0.0	0.0	3.11111	2.9489486	5.2222233	3.4297178	59.592594	52.333332	75.22222	51.22222	-21.777779	46.88889	-25.11111	75.22222	0.31901047	-2.047053
53.0	198.0	0.0	0.0	1.7222233	1.8549244	5.111111	1.6009259	51.666668	45.555557	64.22222	45.22222	-18.333334	37.666668	-19.333334	64.22222	0.29970714	-2.0726159
87.0	196.0	0.11111111	0.0	1.3333321	0.8692278	2.222222	1.6688869	61.592594	55.0	75.66667	54.11111	-19.777779	42.22222	-22.444445	75.66667	0.28752622	-2.0487363
35.0	189.0	0.0	0.0	2.5555544	2.8740702	4.5	15.366663	31.925926	29.0	38.555557	28.222221	-8.777778	19.88889	-11.111111	38.555557	0.26298115	-2.0222268
224.0	190.0	0.0	0.0	2.8888886	2.1361103	3.0000007	1.8499246	47.48148	42.444443	58.666668	41.333336	-15.111111	33.555557	-18.444445	58.666668	0.2956214	-2.025942
116.0	192.0	0.11111111	0.0	6.055556	2.8238401	4.3333335	3.062316	57.074074	50.333332	72.111115	48.77778	-20.222221	45.11111	-24.88889	72.111115	0.32401717	-2.024748
114.0	184.0	0.0	0.0	0.7222226	0.32962984	9.388888	28.951855	31.185184	28.444445	37.11111	28.0	-8.222222	17.777779	-9.555555	37.11111	0.23234288	-2.1603296
187.0	162.0	0.0	0.0	1.500001	1.1444442	11.666667	73.1111	43.22222	36.77778	53.666668	39.22222	-19.333334	31.333334	-12.0	53.666668	0.30018225	-2.3916814
77.0	185.0	0.0	0.0	2.944445	7.6629586	6.2222214	32.118523	32.555557	29.222221	39.666668	28.777779	-10.0	21.333334	-11.333333	39.666668	0.27036038	-2.0852716
15.0	189.0	0.0	0.0	1.499999	0.9222211	2.0	2.8888876	32.11111	28.333334	40.333336	27.666666	-11.333333	24.666666	-13.333333	40.333336	0.31536263	-2.0379822
73.0	194.0	0.0	0.0	3.222222	2.3349202	4.611112	3.3560352	60.77778	53.444443	76.111115	52.77778	-22.0	46.0	-24.0	76.111115	0.30925295	-2.0605488
37.0	165.0	0.0	0.0	2.388889	8.1074	16.444445	23.89629	35.814816	30.777779	42.88889	33.77778	-15.111111	21.222221	-6.111111	42.88889	0.2736466	-2.470153
134.0	187.0	0.0	0.0	1.8888887	1.5153537	2.1111114	1.7847083	59.37037	52.666668	74.111115	51.333332	-20.11111	44.22222	-24.11111	74.111115	0.30745777	-2.03348
162.0	190.0	0.0	0.0	3.0555553	1.0628418	6.1111107	5.2182016	57.333332	51.0	70.0	51.0	-19.0	38.0	-19.0	70.0	0.27956137	-2.1120865
236.0	194.0	0.0	0.0	2.666666	1.9321826	2.4444435	1.7971164	50.11111	44.22222	62.444443	43.666668	-17.666666	37.0	-19.333334	62.444443	0.30066735	-2.0642767
105.0	193.0	0.0	0.0	3.222222	1.9051597	2.8888893	2.1773255	60.11111	53.11111	75.111115	52.11111	-21.0	45.0	-24.0	75.111115	0.30846536	-2.047766
24.0	172.0	0.0	0.0	1.166667	0.9128703	9.777778	5.455545	42.037037	38.0	50.333332	37.77778	-12.111111	24.88889	-12.777778	50.333332	0.24983571	-2.143718
95.0	191.0	0.0	0.11111111	3.1666667	2.786874	6.0000014	5.1854515	60.25926	52.444443	76.22222	52.11111	-23.444445	47.88889	-24.444445	76.22222	0.3208649	-2.0776508
36.0	207.0	0.0	0.0	2.722222	3.1792145	6.444444	2.8021147	56.814816	50.444443	70.111115	49.88889	-19.11111	39.88889	-20.777779	70.111115	0.2906682	-2.0627244
178.0	185.0	0.0	0.0	2.6111119	1.8063676	3.1111114	2.2771008	49.037037	44.0	60.666668	42.444443	-15.111111	34.88889	-19.777779	60.666668	0.30003616	-2.006186
167.0	189.0	0.0	0.0	3.7777774	2.2377224	3.7777774	1.544405	58.407406	51.333332	72.44444	51.444443	-21.222221	42.11111	-20.88889	72.44444	0.29552308	-2.1013258
121.0	192.0	0.11111111	0.0	3.3888886	2.059307	5.9444447	2.489237	60.814816	53.444443	76.44444	52.555557	-22.11111	46.88889	-24.777779	76.44444	0.3126096	-2.055457
53.0	176.0	0.0	0.0	1.9444453	0.8798155	1.5555559	1.9962938	50.296295	45.444443	62.11111	43.333332	-14.555555	35.444443	-20.88889	62.11111	0.3024212	-1.9775702
254.0	159.0	0.0	0.0	3.5555553	7.54074	14.833333	152.7	36.62963	31.333334	46.22222	32.333336	-15.888889	28.777779	-12.888889	46.22222	0.29484537	-2.316872
116.0	184.0	0.0	0.0	2.2222226	2.118519	10.611111	45.085182	31.703703	28.777779	38.0	28.333334	-8.777778	18.88889	-10.111111	38.333336	0.25072145	-2.2154639
177.0	190.0	0.0	0.0	0.94444466	0.82775986	1.3888893	0.9525794	52.407406	47.333332	64.55556	45.333332	-15.222222	36.444443	-21.222221	64.55556	0.29773334	-1.9858987
60.0	196.0	0.0	0.0	1.4444447	1.0470428	4.444444	1.9962916	51.148148	45.333332	63.333332	44.77778	-17.444445	36.555557	-19.11111	63.333332	0.2976887	-2.059262
214.0	194.0	0.0	0.0	1.222222	1.0255985	3.2222226	1.6953099	45.074074	40.22222	55.444443	39.555557	-14.555555	31.11111	-16.555555	55.444443	0.29197225	-2.0469983
145.0	185.0	0.11111111	0.0	2.7777767	2.257497	2.2222214	1.9512575	56.25926	49.88889	69.88889	49.0	-19.11111	40.88889	-21.777779	69.88889	0.30228263	-2.0510557
237.0	192.0	0.11111111	0.0	0.8333333	0.54772305	4.3888893	3.5239923	46.37037	41.11111	57.666668	40.333336	-15.777778	33.88889	-18.11111	57.666668	0.3026748	-2.047243
139.0	187.0	0.0	0.0	2.055556	1.1238163	1.8333334	1.0697875	60.444443	53.666668	74.77778	52.88889	-20.333334	43.0	-22.666666	74.77778	0.29269224	-2.0582106
4.0	189.0	0.0	0.0	2.0555565	3.8851852	11.722221	114.59634	26.444445	23.444445	33.0	22.88889	-9.0	19.666666	-10.666667	33.0	0.27147257	-2.1010017
209.0	191.0	0.0	0.11111111	3.0555553	2.3037815	5.722222	6.071487	48.22222	43.88889	58.666668	42.11111	-13.0	31.333334	-18.333334	58.666668	0.27976418	-1.964901
32.0	206.0	0.0	0.11111111	2.8333328	1.7732568	5.611111	2.8080564	57.62963	50.444443	72.111115	50.333332	-21.555555	43.444443	-21.88889	72.111115	0.30568013	-2.0859342
36.0	189.0	0.0	0.0	1.9444441	2.4629607	5.8333335	21.588884	31.37037	28.444445	38.0	27.666666	-8.777778	19.88889	-11.111111	38.0	0.2663022	-2.0203454
134.0	194.0	0.0	0.0	2.6111107	1.218682	5.222222	4.435546	58.962963	52.88889	71.55556	52.444443	-18.222221	37.77778	-19.555555	71.55556	0.27344358	-2.0818913
196.0	161.0	0.0	0.0	2.7777774	5.540735	11.777776	93.98522	41.962963	36.555557	51.22222	38.11111	-16.222221	27.777779	-11.555555	51.333332	0.28212494	-2.38829
235.0	195.0	0.0	0.0	1.8888887	2.0940824	2.9999988	1.7384534	48.333332	42.77778	59.666668	42.555557	-16.666666	34.0	-17.333334	59.666668	0.29058507	-2.0810955
183.0	185.0	0.0	0.0	2.8888881	1.4246495	5.777777	5.556445	44.962963	40.666668	55.0	39.22222	-12.888889	30.11111	-17.222221	55.0	0.28574014	-2.0049882
217.0	195.0	0.0	0.0	4.2222233	3.284081	2.3888893	2.102027	45.074074	39.666668	55.555557	40.0	-16.222221	31.444445	-15.222222	55.555557	0.2929567	-2.1185718
48.0	202.0	0.0	0.11111111	3.3888886	1.6250362	4.8333325	4.091997	58.0	52.0	71.0	51.0	-18.0	39.0	-21.0	71.0	0.2845155	-2.0459433
45.0	205.0	0.0	0.0	1.9444453	2.1951118	3.333334	2.5298228	50.25926	44.88889	61.77778	44.11111	-16.11111	34.555557	-18.444445	61.77778	0.28757253	-2.0446525
173.0	190.0	0.11111111	0.0	2.3333328	2.5647182	1.5555559	1.2049291	50.444443	44.88889	62.333332	44.11111	-16.666666	35.666668	-19.0	62.333332	0.2921254	-2.048697
174.0	188.0	0.0	0.0	2.8888886	2.8803291	3.6111107	2.23524	50.407406	45.444443	62.0	43.77778	-14.888889	34.77778	-19.88889	62.0	0.29399088	-1.9950715
77.0	199.0	0.0	0.0	2.666668	1.8618976	4.666666	3.025815	57.0	50.555557	71.0	49.444443	-19.333334	42.0	-22.666666	71.0	0.30349702	-2.0408664
169.0	186.0	0.0	0.22222222	2.333334	1.659987	5.5000005	2.5188184	49.444443	44.666668	61.11111	42.555557	-14.333333	35.0	-20.666666	61.11111	0.30344796	-1.974394
96.0	193.0	0.0	0.0	1.3333327	1.115547	1.8333327	1.8469193	62.703705	54.77778	78.77778	54.555557	-23.777779	48.22222	-24.444445	78.77778	0.310288	-2.0849354
240.0	192.0	0.0	0.0	2.3888881	0.6469305	4.3888893	2.3796992	45.962963	40.555557	58.11111	39.22222	-16.222221	36.444443	-20.222221	58.11111	0.32560807	-2.0165784
78.0	186.0	0.0	0.0	2.833334	2.1222198	3.5555556	4.2074056	35.296295	31.222221	43.88889	30.777779	-12.222222	25.777779	-13.555555	43.88889	0.30228558	-2.0601218
189.0	187.0	0.0	0.0	1.2222227	1.0036974	3.0555553	2.3890193	48.51852	44.11111	59.88889	41.555557	-13.222222	34.11111	-20.88889	59.88889	0.30575457	-1.9474715
190.0	188.0	0.0	0.0	2.0000007	1.5634717	2.2777774	1.7815938	49.703705	44.666668	61.77778	42.666668	-15.111111	36.22222	-21.11111	61.77778	0.30923617	-1.9845647
169.0	184.0	0.11111111	0.0	1.2222227	0.54433143	2.4999993	1.9293057	56.25926	51.22222	69.0	48.555557	-15.111111	38.22222	-23.11111	69.0	0.2956001	-1.958014
171.0	187.0	0.0	0.11111111	2.9444454	1.7309813	2.6666672	2.4312778	48.37037	43.333332	60.11111	41.666668	-15.111111	35.22222	-20.11111	60.11111	0.3067255	-1.9985466
83.0	198.0	0.0	0.0	2.3888886	1.4969089	4.833334	3.0092454	59.77778	53.11111	74.0	52.22222	-20.0	42.666668	-22.666666	74.0	0.2963139	-2.0505745
185.0	186.0	0.0	0.0	2.1666667	1.8589127	2.9999993	1.3498974	48.22222	44.0	58.88889	41.77778	-12.666667	32.0	-19.333334	58.88889	0.29042712	-1.9560229
249.0	178.0	0.0	0.0	2.277778	1.7690756	5.2222214	4.933632	47.962963	42.666668	58.88889	42.333336	-15.888889	32.77778	-16.88889	58.88889	0.2898632	-2.102536
249.0	200.0	0.0	0.0	2.5555546	2.6218467	2.5	1.2064643	45.296295	40.666668	55.77778	39.444443	-13.888889	31.444445	-17.555555	55.77778	0.29278436	-2.0166461
249.0	173.0	0.11111111	0.0	1.6666654	1.6465437	3.6111107	2.1125717	55.185184	48.555557	69.55556	47.444443	-19.88889	43.11111	-23.222221	69.55556	0.32108474	-2.0417202
114.0	193.0	0.0	0.0	3.166666	2.4653153	4.5	2.5011096	57.814816	51.11111	72.55556	49.77778	-20.11111	44.22222	-24.11111	72.55556	0.3140923	-2.033804
11.0	200.0	0.0	0.0	3.1666667	3.0313182	3.9444447	2.480293	53.555557	46.444443	67.333336	46.88889	-21.333334	41.333332	-20.0	67.333336	0.31303197	-2.1167326
254.0	159.0	0.0	0.0	3.5555553	7.54074	14.833333	152.7	36.62963	31.333334	46.22222	32.333336	-15.888889	28.777779	-12.888889	46.22222	0.29484537	-2.316872
166.0	180.0	0.0	0.0	1.4444437	1.5851855	7.3333325	45.955563	31.444445	28.666666	37.77778	27.88889	-8.333333	19.0	-10.666667	37.77778	0.25295278	-2.0210319
214.0	195.0	0.0	0.0	0.8333333	0.6582802	2.0	0.9660913	46.555557	41.11111	57.333332	41.22222	-16.333334	32.333332	-16.0	57.333332	0.2902986	-2.1013772
180.0	186.0	0.11111111	0.0	1.5000013	1.7981453	1.9444441	1.7815933	49.62963	45.0	61.333332	42.555557	-13.888889	35.11111	-21.222221	61.333332	0.30616122	-1.9580852
99.0	198.0	0.0	0.0	5.055554	6.4339952	5.6666665	5.7927146	58.333332	51.88889	72.333336	50.77778	-19.333334	42.0	-22.666666	72.333336	0.29965425	-2.0358741
137.0	190.0	0.0	0.0	2.055556	0.7428677	2.277778	1.4050181	60.444443	53.444443	75.55556	52.333332	-21.0	45.333332	-24.333334	75.55556	0.30879894	-2.0436168
187.0	180.0	0.0	0.0	4.055556	2.9845276	3.3333333	3.19722	62.074074	54.88889	77.55556	53.77778	-21.555555	46.444443	-24.88889	77.55556	0.30690557	-2.0441787
149.0	163.0	0.0	0.0	2.6111107	12.151846	14.0	48.8889	41.666668	35.444447	51.333332	38.22222	-18.666666	29.0	-10.333333	51.333332	0.29754734	-2.384441
87.0	196.0	0.11111111	0.0	1.3333321	0.8692278	2.222222	1.6688869	61.592594	55.0	75.66667	54.11111	-19.777779	42.22222	-22.444445	75.66667	0.28752622	-2.0487363
228.0	191.0	0.0	0.0	1.4444447	0.6206325	2.3333328	1.1925693	49.22222	44.0	60.555557	43.11111	-15.666667	34.0	-18.333334	60.555557	0.28958246	-2.040515
149.0	182.0	0.11111111	0.0	3.1111126	3.2087827	7.0	5.6489916	39.851852	37.22222	47.333332	35.0	-7.888889	22.444445	-14.555555	47.333332	0.24779001	-1.8682772
247.0	159.0	0.0	0.0	2.5555553	5.05185	15.72222	168.95189	35.77778	30.444445	45.0	31.88889	-16.0	27.666666	-11.666667	45.444443	0.28921792	-2.5493495
248.0	200.0	0.0	0.0	1.388888	0.9525792	1.777778	1.1674607	46.11111	41.333336	56.555557	40.444443	-14.333333	31.333334	-17.0	56.555557	0.28666258	-2.0380163
38.0	200.0	0.0	0.0	3.4444447	2.125681	3.4444454	1.2049289	55.962963	49.0	70.22222	48.666668	-20.88889	42.77778	-21.88889	70.22222	0.3098264	-2.080206
124.0	191.0	0.0	0.0	3.5000007	2.7386136	3.277778	2.8001328	59.74074	52.88889	74.77778	51.555557	-20.555555	45.11111	-24.555555	74.77778	0.31361094	-2.03548
205.0	190.0	0.0	0.0	1.2777773	0.9981452	1.6111107	1.1238158	49.48148	44.77778	60.666668	43.0	-14.111111	33.555557	-19.444445	60.666668	0.29078844	-1.9875989
135.0	185.0	0.11111111	0.0	2.2222214	2.8100352	2.2777793	1.2895584	47.962963	44.11111	57.333332	42.444443	-11.555555	28.11111	-16.555555	57.333332	0.2591888	-1.9820988
223.0	190.0	0.0	0.0	1.9999994	1.0327959	2.055556	1.4669192	46.88889	42.0	57.77778	40.88889	-14.666667	32.666668	-18.0	57.77778	0.29222646	-2.0251334
189.0	187.0	0.0	0.0	1.2222227	1.0036974	3.0555553	2.3890193	48.51852	44.11111	59.88889	41.555557	-13.222222	34.11111	-20.88889	59.88889	0.30575457	-1.9474715
198.0	185.0	0.0	0.0	1.3333346	1.2292717	2.5	1.656637	50.22222	45.444443	61.333332	43.88889	-14.333333	33.333332	-19.0	61.333332	0.28555444	-2.0071752
147.0	182.0	0.0	0.0	2.2777786	1.7051128	2.9444447	1.5974519	43.592594	40.333336	52.555557	37.88889	-9.777778	26.88889	-17.11111	52.555557	0.27866945	-1.9191672
227.0	196.0	0.0	0.0	2.6111114	2.360949	3.5555565	1.6953094	47.185184	42.11111	58.22222	41.22222	-15.222222	33.11111	-17.88889	58.22222	0.2924689	-2.0394914
88.0	180.0	0.0	0.0	1.4999994	0.93689823	3.833332	2.888675	50.407406	45.22222	62.333332	43.666668	-15.555555	35.77778	-20.222221	62.333332	0.3009182	-2.0087192
250.0	196.0	0.0	0.0	1.4999994	1.5018506	2.2777767	1.2186811	47.77778	42.666668	58.77778	41.88889	-15.333333	33.0	-17.666666	58.77778	0.28913772	-2.0459957
226.0	176.0	0.0	0.0	3.0555546	3.2756119	2.3888893	2.870668	56.925926	50.444443	71.44444	48.88889	-19.444445	43.555557	-24.11111	71.44444	0.3158616	-2.0217843
96.0	196.0	0.0	0.0	3.4999988	1.2605116	7.3888893	3.6782641	63.51852	56.0	79.111115	55.444443	-22.555555	46.77778	-24.222221	79.111115	0.30158615	-2.0704408
188.0	182.0	0.0	0.0	1.611112	0.7428682	4.166666	2.1265519	58.0	51.88889	72.44444	49.666668	-18.333334	43.333332	-25.0	72.44444	0.31428084	-1.99159
61.0	202.0	0.0	0.0	2.2777774	1.8787305	1.8888887	1.0036967	61.62963	55.0	76.0	53.88889	-19.88889	43.11111	-23.222221	76.0	0.29352704	-2.0435379
77.0	186.0	0.0	0.0	1.9999996	2.6666656	2.333333	3.5555558	34.962963	31.11111	43.444443	30.333334	-11.555555	25.444445	-13.888889	43.444443	0.3033766	-2.0366416
214.0	161.0	0.0	0.0	3.7222223	0.72963357	11.5	18.922234	40.444443	35.333336	49.666668	36.333336	-15.333333	27.666666	-12.333333	49.666668	0.29805613	-2.198939
145.0	163.0	0.0	0.0	3.1111114	13.496301	18.666666	27.244467	39.444443	34.0	47.77778	36.555557	-16.333334	25.0	-8.666667	48.11111	0.28153613	-2.4253242
37.0	189.0	0.0	0.0	1.3888893	1.4851844	5.722223	23.885176	30.0	27.11111	36.333336	26.555555	-8.666667	19.0	-10.333333	36.333336	0.26524833	-2.050282
143.0	186.0	0.0	0.0	2.3333333	2.3190036	2.7777774	2.5268927	54.962963	49.11111	67.88889	47.88889	-17.555555	38.77778	-21.222221	67.88889	0.2962514	-2.0286176
116.0	184.0	0.0	0.0	2.2222226	2.118519	10.611111	45.085182	31.703703	28.777779	38.0	28.333334	-8.777778	18.88889	-10.111111	38.333336	0.25072145	-2.2154639
202.0	193.0	0.0	0.0	1.111112	0.7503075	3.3888881	2.489236	41.703705	37.88889	50.666668	36.555557	-11.444445	26.88889	-15.444445	50.666668	0.27838665	-1.9929975
2.0	171.0	0.0	0.0	1.9444447	1.2186809	3.6666667	3.1269426	45.77778	41.0	56.333332	40.0	-14.333333	31.666666	-17.333334	56.333332	0.28798285	-2.0329285
154.0	189.0	0.0	0.0	1.5555553	1.0470409	1.4444441	0.8606628	59.925926	53.444443	74.888885	51.444443	-19.444445	44.88889	-25.444445	74.888885	0.3128917	-2.0059564
136.0	193.0	0.0	0.0	2.3888886	1.4516919	2.555556	1.408967	60.703705	54.444443	74.888885	52.77778	-18.777779	42.555557	-23.777779	74.888885	0.29530448	-2.0182114
77.0	185.0	0.0	0.0	2.944445	7.6629586	6.2222214	32.118523	32.555557	29.222221	39.666668	28.777779	-10.0	21.333334	-11.333333	39.666668	0.27036038	-2.0852716
234.0	175.0	0.0	0.0	1.9444441	1.323576	3.4444454	2.2574966	57.77778	50.666668	72.66667	50.0	-21.333334	44.666668	-23.333334	72.66667	0.31203708	-2.0637763
25.0	198.0	0.0	0.0	2.8333328	1.3457742	4.1111107	3.3444247	48.703705	42.77778	61.0	42.333336	-17.777779	36.88889	-19.11111	61.0	0.30964476	-2.070717
173.0	186.0	0.0	0.11111111	3.2222226	2.115201	5.5	3.5071344	53.444443	48.22222	65.88889	46.22222	-15.666667	37.333332	-21.666666	65.88889	0.2983021	-1.9882493
99.0	184.0	0.0	0.0	1.8333327	3.2777793	7.944443	63.35185	31.518518	27.777779	38.77778	28.0	-11.222222	21.777779	-10.555555	38.77778	0.28044972	-2.1831248
24.0	188.0	0.0	0.0	1.7222233	1.2185186	6.611112	38.551857	30.62963	27.333334	38.0	26.555555	-9.888889	22.11111	-12.222222	38.0	0.29079577	-2.0382204
169.0	190.0	0.0	0.0	3.1111114	1.8094412	2.8888893	2.0940847	52.555557	46.88889	65.0	45.77778	-17.0	37.333332	-20.333334	65.0	0.2970586	-2.0348296
247.0	174.0	0.11111111	0.0	3.1111107	2.68052	3.1666667	1.545604	56.185184	49.444443	70.88889	48.22222	-20.222221	44.11111	-23.88889	70.88889	0.3230207	-2.0373507
229.0	195.0	0.0	0.0	4.166666	2.2779152	4.111111	2.2476342	47.703705	42.444443	58.88889	41.77778	-15.777778	33.555557	-17.777779	58.88889	0.29027814	-2.0527046
123.0	186.0	0.0	0.0	3.6111114	3.0288742	9.444444	7.9321184	51.77778	46.555557	63.666668	45.11111	-15.666667	35.666668	-20.0	63.666668	0.2901475	-2.0141015
182.0	186.0	0.11111111	0.0	3.666666	2.0439608	1.7777767	1.2412661	48.444443	43.77778	59.88889	41.666668	-14.0	34.333332	-20.333334	59.88889	0.30452195	-1.9730555
119.0	196.0	0.0	0.0	2.666666	2.1499357	1.3888893	1.35674	53.333332	47.333332	65.66667	47.0	-18.0	37.0	-19.0	65.66667	0.2935857	-2.0791848
191.0	162.0	0.0	0.0	2.6111114	1.8851837	14.166667	210.92223	40.962963	34.88889	50.11111	37.88889	-18.222221	27.444445	-9.222222	50.666668	0.298124	-2.555683
252.0	201.0	0.0	0.0	4.6111107	5.495115	5.5555553	5.795274	40.296295	35.77778	49.0	36.11111	-13.555555	26.11111	-12.555555	49.0	0.2753682	-2.1758256
194.0	183.0	0.0	0.0	0.77777797	0.5837306	2.944444	1.625037	54.74074	49.22222	67.77778	47.22222	-16.555555	39.11111	-22.555555	67.77778	0.30312124	-1.9917008
200.0	193.0	0.0	0.0	2.555556	2.0403337	4.6111107	3.5926886	41.185184	37.444443	50.0	36.11111	-11.222222	26.444445	-15.222222	50.0	0.27987626	-1.9958013
117.0	181.0	0.11111111	0.0	1.8333334	1.2427571	3.0000007	2.054805	46.88889	43.0	56.88889	40.77778	-11.666667	30.0	-18.333334	56.88889	0.28328654	-1.9490879
118.0	180.0	0.0	0.0	1.9444447	1.4819913	3.1111114	1.0886629	48.555557	44.11111	59.0	42.555557	-13.333333	31.333334	-18.0	59.0	0.27882218	-1.9960423
178.0	183.0	0.11111111	0.0	2.7222214	2.398302	4.6666665	3.6998506	55.74074	49.666668	69.66667	47.88889	-18.222221	41.77778	-23.555555	69.66667	0.31236586	-2.0051956
250.0	176.0	0.0	0.11111111	1.611112	1.0628399	3.444444	1.6953092	53.666668	47.11111	67.66667	46.22222	-19.666666	42.0	-22.333334	67.66667	0.3181372	-2.0522583
112.0	197.0	0.0	0.0	4.2222233	2.9938211	4.9444447	3.1227946	50.333332	44.666668	62.22222	44.11111	-17.0	35.666668	-18.666666	62.22222	0.29632849	-2.0712209
2.0	190.0	0.0	0.0	2.555555	1.4518529	2.5	2.9666677	31.666666	28.0	40.11111	26.88889	-11.0	25.333334	-14.333333	40.11111	0.32900727	-2.0083811
103.0	185.0	0.0	0.0	1.8333324	4.655558	9.888888	94.91854	30.88889	27.777779	37.0	27.88889	-9.333333	18.333334	-9.0	37.555557	0.25044397	-2.4505804
124.0	191.0	0.0	0.0	3.5000007	2.7386136	3.277778	2.8001328	59.74074	52.88889	74.77778	51.555557	-20.555555	45.11111	-24.555555	74.77778	0.31361094	-2.03548
9.0	171.0	0.0	0.0	1.4999994	1.0055392	2.7777774	1.64204	45.925926	41.0	57.22222	39.555557	-14.777778	33.88889	-19.11111	57.22222	0.30794257	-2.0107226
166.0	185.0	0.0	0.0	1.9444447	0.250924	2.0	0.21081811	54.22222	48.555557	67.22222	46.88889	-17.0	39.0	-22.0	67.22222	0.30253935	-2.0080075
177.0	181.0	0.0	0.0	4.277778	1.7309828	2.555556	1.4857335	60.62963	53.666668	75.66667	52.555557	-20.88889	45.11111	-24.222221	75.66667	0.3069927	-2.0445633
253.0	201.0	0.0	0.0	2.9999993	2.6915498	2.8333328	2.3357134	43.962963	39.22222	53.88889	38.77778	-14.222222	29.777779	-15.555555	53.88889	0.2808298	-2.0678604
201.0	183.0	0.0	0.0	1.888888	1.9167883	2.333334	1.7888557	52.62963	47.444443	65.111115	45.333332	-15.555555	37.444443	-21.88889	65.111115	0.3037197	-1.9819108
233.0	197.0	0.0	0.11111111	3.8888874	2.78621	2.0	1.2649122	49.74074	44.333332	61.444443	43.444443	-16.222221	35.11111	-18.88889	61.444443	0.29465598	-2.0433986
22.0	200.0	0.0	0.0	2.8888874	2.4098568	4.8333325	2.622552	54.703705	47.88889	69.0	47.22222	-20.444445	42.88889	-22.444445	69.0	0.3173622	-2.0656626
4.0	189.0	0.0	0.0	2.0555565	3.8851852	11.722221	114.59634	26.444445	23.444445	33.0	22.88889	-9.0	19.666666	-10.666667	33.0	0.27147257	-2.1010017
205.0	190.0	0.0	0.0	1.2777773	0.9981452	1.6111107	1.1238158	49.48148	44.77778	60.666668	43.0	-14.111111	33.555557	-19.444445	60.666668	0.29078844	-1.9875989
201.0	191.0	0.0	0.0	1.0000006	0.76011723	2.944444	1.0201671	49.185184	44.666668	59.77778	43.11111	-13.555555	31.777779	-18.222221	59.77778	0.2788862	-1.9989927
137.0	182.0	0.0	0.0	1.8333334	3.8555553	3.6111107	9.218522	34.925926	31.444445	42.88889	30.444445	-10.444445	23.88889	-13.444445	42.88889	0.28575617	-2.0011246
68.0	198.0	0.0	0.11111111	2.8888886	2.8803296	3.0555553	2.8706684	58.074074	51.444443	71.888885	50.88889	-19.88889	41.444443	-21.555555	71.888885	0.29130092	-2.0648882
57.0	199.0	0.0	0.0	3.833334	2.647851	6.3888893	3.4667745	54.962963	47.88889	69.22222	47.77778	-21.222221	42.77778	-21.555555	69.22222	0.31700587	-2.0847538
86.0	197.0	0.11111111	0.11111111	1.611112	1.4516907	1.2777786	1.1038647	63.22222	56.22222	77.77778	55.666668	-21.0	43.666668	-22.666666	77.77778	0.28533262	-2.06802
137.0	163.0	0.0	0.0	1.4444441	0.78518575	18.888887	5.5407553	39.296295	33.77778	47.555557	36.555557	-16.555555	24.777779	-8.222222	47.555557	0.28481323	-2.3952131
194.0	178.0	0.0	0.0	1.222222	1.0518546	8.0	12.577775	33.666668	29.666666	41.88889	29.444445	-12.0	24.666666	-12.666667	41.88889	0.29696295	-2.103758
229.0	195.0	0.0	0.0	4.166666	2.2779152	4.111111	2.2476342	47.703705	42.444443	58.88889	41.77778	-15.777778	33.555557	-17.777779	58.88889	0.29027814	-2.0527046
130.0	189.0	0.11111111	0.0	2.4999993	0.9831926	2.1111114	2.8100357	58.62963	51.77778	73.333336	50.77778	-20.555555	44.11111	-23.555555	73.333336	0.30798513	-2.0480576
168.0	184.0	0.0	0.0	4.6666665	1.5202329	5.8333325	1.8104627	48.25926	43.88889	58.666668	42.22222	-13.111111	31.222221	-18.11111	58.666668	0.2781955	-1.9867758
138.0	185.0	0.0	0.0	3.0555546	2.977074	1.9444441	2.1542377	57.074074	50.11111	71.111115	50.0	-20.88889	42.11111	-21.222221	71.111115	0.29802468	-2.0888546
134.0	191.0	0.0	0.0	1.3888893	1.3066788	1.4444447	1.0886624	61.666668	54.77778	76.66667	53.555557	-20.666666	45.0	-24.333334	76.66667	0.30299366	-2.0412767
142.0	163.0	0.0	0.0	1.4999994	0.87777835	17.666666	3.2444987	40.444443	35.0	48.555557	37.77778	-16.333334	24.333334	-8.0	48.555557	0.2689782	-2.3927407
1.0	189.0	0.0	0.0	1.3888875	0.4629626	12.388889	84.59629	23.592592	21.11111	29.333334	20.333334	-7.4444447	17.222221	-9.777778	29.333334	0.23309669	-2.0197496
86.0	179.0	0.0	0.0	2.0	1.2823589	3.555556	3.0743864	50.555557	45.77778	62.11111	43.77778	-14.333333	34.666668	-20.333334	62.11111	0.29654688	-1.9786568
219.0	176.0	0.0	0.11111111	2.1111119	1.857917	5.111111	2.8414931	60.296295	53.333332	75.66667	51.88889	-20.88889	46.11111	-25.222221	75.66667	0.31446242	-2.0306482
252.0	176.0	0.0	0.11111111	1.8888887	1.1482687	5.0555553	2.855145	52.925926	46.333332	67.0	45.444443	-19.777779	42.22222	-22.444445	67.0	0.32042044	-2.0516355
200.0	189.0	0.0	0.0	1.1111113	1.0886619	3.1666667	1.0055408	49.666668	45.11111	60.88889	43.0	-13.666667	33.666668	-20.0	60.88889	0.2938097	-1.9732205
104.0	191.0	0.0	0.0	3.222222	1.9739053	3.777778	2.9033842	63.074074	55.333332	79.22222	54.666668	-23.222221	48.444443	-25.222221	79.22222	0.31158692	-2.0659478
186.0	188.0	0.0	0.0	1.8333321	1.2605107	1.9444433	1.2546208	49.962963	45.11111	61.444443	43.333332	-14.555555	34.444443	-19.88889	61.444443	0.29477406	-1.9934397
10.0	172.0	0.0	0.0	4.277777	4.38896	6.6666656	7.360555	44.77778	40.333336	54.666668	39.333336	-13.333333	29.666666	-16.333334	54.666668	0.27804413	-2.0524528
188.0	190.0	0.0	0.0	1.9444447	0.9756285	2.055556	1.103865	48.88889	44.22222	60.0	42.444443	-14.0	33.333332	-19.333334	60.0	0.29230747	-1.9863075
138.0	188.0	0.0	0.0	2.0555565	1.3567389	1.1111113	0.75030893	60.333332	53.555557	74.888885	52.555557	-20.333334	43.666668	-23.333334	74.888885	0.29951125	-2.047211
195.0	161.0	0.0	0.0	2.1111107	1.8074051	10.499999	91.32222	41.48148	36.0	51.11111	37.333336	-16.444445	28.88889	-12.444445	51.22222	0.29470626	-2.3165061
28.0	188.0	0.0	0.0	1.4444441	1.4962955	5.111111	19.007412	29.962963	26.88889	36.444443	26.555555	-9.222222	19.444445	-10.222222	36.444443	0.2758629	-2.083566
64.0	176.0	0.0	0.0	2.3333328	0.91893756	1.0000006	0.91893756	50.77778	46.0	62.333332	44.0	-14.333333	34.666668	-20.333334	62.333332	0.29405567	-1.9808797
5.0	210.0	0.0	0.11111111	2.1666672	1.6699982	4.444444	2.613356	51.296295	45.444443	64.333336	44.11111	-17.555555	39.11111	-21.555555	64.333336	0.3175664	-2.0208955
137.0	182.0	0.0	0.0	1.8333334	3.8555553	3.6111107	9.218522	34.925926	31.444445	42.88889	30.444445	-10.444445	23.88889	-13.444445	42.88889	0.28575617	-2.0011246
119.0	192.0	0.11111111	0.0	2.4999993	2.0843334	6.1666675	2.3261807	59.555557	52.555557	74.77778	51.333332	-21.0	45.666668	-24.666666	74.77778	0.31279564	-2.0381765
240.0	195.0	0.0	0.0	1.8888887	1.1674597	1.8333346	1.709451	48.851852	43.22222	60.666668	42.666668	-16.88889	35.444443	-18.555555	60.666668	0.3003628	-2.0630436
64.0	186.0	0.0	0.0	2.166667	1.9444438	6.833334	53.58887	30.777779	27.555555	37.88889	26.88889	-9.666667	21.333334	-11.666667	37.88889	0.27672648	-2.0463068
219.0	176.0	0.0	0.11111111	2.1111119	1.857917	5.111111	2.8414931	60.296295	53.333332	75.66667	51.88889	-20.88889	46.11111	-25.222221	75.66667	0.31446242	-2.0306482
77.0	177.0	0.0	0.0	1.3333327	1.3333344	2.1666672	1.9748423	48.407406	44.22222	59.333332	41.666668	-12.555555	32.77778	-20.222221	59.333332	0.29743084	-1.9404231
10.0	207.0	0.0	0.0	2.61111	1.3066788	3.1111119	3.0086293	52.11111	46.0	64.88889	45.444443	-18.333334	38.333332	-20.0	64.88889	0.29928485	-2.0633535
244.0	194.0	0.0	0.0	1.722222	1.14342	2.277778	2.03761	49.74074	44.444443	61.666668	43.11111	-15.888889	35.77778	-19.88889	61.666668	0.30085307	-2.0218375
123.0	194.0	0.0	0.0	2.555556	1.7847078	9.111109	7.7133846	60.814816	54.333332	74.888885	53.22222	-19.444445	42.22222	-22.777779	74.888885	0.29238248	-2.033605
137.0	182.0	0.0	0.0	1.8333334	3.8555553	3.6111107	9.218522	34.925926	31.444445	42.88889	30.444445	-10.444445	23.88889	-13.444445	42.88889	0.28575617	-2.0011246
197.0	161.0	0.0	0.0	1.9999996	5.5555515	11.5	99.63333	42.37037	36.88889	51.666668	38.555557	-16.444445	27.88889	-11.444445	51.77778	0.27503988	-2.395566
65.0	176.0	0.0	0.0	2.8888886	1.4707015	1.5	1.1690452	49.74074	45.22222	61.0	43.0	-13.555555	33.77778	-20.222221	61.0	0.294787	-1.9657031
141.0	163.0	0.0	0.0	0.7777767	0.42963055	18.777777	1.851823	40.703705	35.22222	48.88889	38.0	-16.444445	24.555555	-8.111111	48.88889	0.27005577	-2.3884537
227.0	195.0	0.11111111	0.0	2.5	2.2385526	3.5000007	2.8886762	47.74074	42.77778	58.555557	41.88889	-14.888889	32.444443	-17.555555	58.555557	0.28449497	-2.038956
142.0	185.0	0.11111111	0.0	2.2777786	1.7690771	3.1111114	1.1674604	47.814816	43.88889	58.22222	41.333336	-11.777778	31.222221	-19.444445	58.22222	0.28914437	-1.937924
205.0	177.0	0.0	0.0	2.8333347	9.633328	8.499999	17.366692	32.444443	28.444445	40.333336	28.555555	-12.0	23.666666	-11.666667	40.333336	0.296365	-2.121237
4.0	201.0	0.0	0.22222222	2.722222	1.6788458	5.2222214	3.1245742	53.703705	47.11111	67.22222	46.77778	-19.777779	40.555557	-20.777779	67.22222	0.30885938	-2.0752265
251.0	195.0	0.0	0.0	2.944444	2.8784	3.833334	2.3546653	47.925926	42.555557	59.22222	42.0	-16.11111	33.88889	-17.777779	59.22222	0.2918749	-2.0567336
139.0	185.0	0.0	0.0	1.9999994	0.63245475	1.222222	1.9051588	59.148148	52.22222	73.44444	51.77778	-20.777779	42.88889	-22.11111	73.44444	0.29643956	-2.0738695
17.0	204.0	0.0	0.0	2.0000007	1.2823583	2.1666667	0.7527733	57.25926	50.88889	71.22222	49.666668	-19.11111	41.88889	-22.777779	71.22222	0.3026711	-2.0373724
202.0	182.0	0.0	0.0	2.5555546	1.8579167	3.0	2.0548048	55.074074	49.555557	68.111115	47.555557	-16.555555	39.11111	-22.555555	68.111115	0.3016008	-1.9892213
78.0	201.0	0.0	0.0	2.8333333	2.6562307	4.9999995	4.071583	56.444443	51.444443	68.66667	49.22222	-15.0	36.666668	-21.666666	68.66667	0.28042978	-1.9694558
63.0	203.0	0.0	0.0	4.277778	3.7913144	3.4444447	4.0368657	58.48148	52.444443	71.66667	51.333332	-18.11111	39.555557	-21.444445	71.66667	0.28710723	-2.0346415
84.0	200.0	0.0	0.0	4.722221	2.7032206	2.5	1.5311577	56.666668	50.666668	70.22222	49.11111	-18.0	40.666668	-22.666666	70.22222	0.30081734	-2.0153737
250.0	160.0	0.0	0.0	2.1111114	1.1851863	1.5555553	2.740741	42.814816	36.444443	55.333332	36.666668	-19.11111	37.555557	-18.444445	55.333332	0.34714225	-2.1023183
248.0	160.0	0.0	0.0	3.0	8.888896	2.166668	3.7666693	43.925926	37.11111	57.11111	37.555557	-20.444445	39.555557	-19.11111	57.11111	0.35403678	-2.1137917
70.0	197.0	0.0	0.11111111	2.7222226	2.0156798	5.277778	3.2756114	54.851852	48.88889	68.0	47.666668	-17.88889	39.444443	-21.555555	68.0	0.29870403	-2.0335052
73.0	201.0	0.0	0.11111111	0.7222226	0.64693	4.444444	2.4555306	58.703705	52.88889	72.22222	51.0	-17.444445	40.555557	-23.11111	72.22222	0.29418743	-1.9977362
42.0	188.0	0.0	0.0	1.833333	1.8111092	1.388889	1.7518508	30.777779	27.555555	38.11111	26.666666	-9.666667	22.0	-12.333333	38.11111	0.3017472	-2.016443
204.0	177.0	0.0	0.0	1.7777786	10.696298	8.333332	27.333357	32.88889	29.0	40.666668	29.0	-11.666667	23.333334	-11.666667	40.666668	0.28108954	-2.1008399
7.0	203.0	0.11111111	0.11111111	3.8888881	2.8570898	5.4444447	2.7460413	54.0	47.666668	67.66667	46.666668	-19.0	41.0	-22.0	67.66667	0.31489635	-2.0400128
121.0	189.0	0.0	0.0	2.277778	2.1951132	4.944445	4.007863	62.074074	54.77778	77.55556	53.88889	-21.88889	46.444443	-24.555555	77.55556	0.30540445	-2.054084
204.0	161.0	0.0	0.0	1.2777799	0.5074075	9.222222	73.0963	44.074074	38.0	54.555557	39.666668	-18.222221	31.444445	-13.222222	54.555557	0.3081043	-2.2382925
142.0	182.0	0.11111111	0.0	1.1111113	0.8344437	2.7777774	2.051197	43.62963	40.333336	52.88889	37.666668	-9.888889	27.777779	-17.88889	52.88889	0.28686288	-1.9049777
183.0	182.0	0.0	0.0	2.8333328	2.0949671	3.5555553	2.561829	58.962963	52.88889	73.333336	50.666668	-18.222221	43.11111	-24.88889	73.333336	0.30882537	-1.992052
239.0	174.0	0.0	0.0	2.0000007	1.4452988	1.3888887	0.85418344	57.851852	50.444443	73.22222	49.88889	-22.222221	46.11111	-23.88889	73.22222	0.32026085	-2.069045
105.0	189.0	0.0	0.0	2.0555553	1.5116827	4.4444447	3.4555368	61.407406	55.0	75.44444	53.77778	-19.222221	42.11111	-22.88889	75.44444	0.28551513	-2.0358937
215.0	193.0	0.0	0.0	1.9999994	0.5163988	4.8333335	1.2952919	45.22222	40.88889	55.333332	39.444443	-13.0	30.333334	-17.333334	55.333332	0.28924206	-2.0001178
198.0	183.0	0.0	0.0	1.0555547	1.1816497	3.3888881	1.5974506	54.037037	48.88889	66.55556	46.666668	-15.444445	37.555557	-22.11111	66.55556	0.2986217	-1.9749589
197.0	182.0	0.0	0.0	2.222222	1.2590424	3.444444	2.8258078	55.851852	50.11111	69.111115	48.333332	-17.222221	39.77778	-22.555555	69.111115	0.30064347	-2.0015576
223.0	161.0	0.0	0.0	1.3888893	3.040736	8.999999	31.022234	42.037037	36.0	52.22222	37.88889	-18.11111	30.555555	-12.444445	52.22222	0.30841646	-2.282295
