-38.459114	-69.84162
-26.584185	3.6715987
-26.66217	3.661014
-36.13483	-29.19829
-36.282177	-29.123068
-38.70792	-54.443707
-38.648445	-54.631374
-38.508484	-54.981148
-48.039005	-31.970865
-48.065525	-31.941038
-7.607842	-28.539612
-6.220446	-26.800255
-0.9679581	-20.206036
-5.392985	-18.842564
-5.709345	-20.986784
-5.7445107	-18.319073
-4.336222	-20.550112
-0.5612109	-20.863594
-4.626322	-18.162975
-28.94538	-60.505585
-40.964363	-74.01316
24.901648	88.286285
-31.550533	94.55002
24.932304	87.833015
4.8929467	-13.228616
6.584512	-13.175652
5.161298	-13.213509
6.5440474	-13.171977
-30.333261	6.0186796
-32.188816	13.878137
-30.139187	11.415753
-32.20385	13.26566
-31.560688	13.103734
-31.786077	11.423919
-31.49661	12.245794
-28.955656	14.680908
-29.280472	15.956052
-28.459904	14.423307
-32.496117	-46.19778
-19.655025	6.396353
-33.513714	8.847064
-33.6488	8.959636
-34.71252	10.411722
-34.714703	10.291633
-35.433853	9.163011
-51.90864	-24.855307
53.300922	46.08865
-35.373882	-23.159563
12.502877	-17.091488
-63.88156	-72.01553
-60.94841	-75.75326
-72.63053	-25.197754
-72.636	-25.208698
55.345547	60.848255
54.86509	60.56656
-59.961826	-23.690102
49.37	42.731453
54.274677	58.476776
47.046787	56.351578
-17.850248	14.486388
-42.9275	-37.962616
55.14761	60.927326
-72.417274	-30.276073
44.940582	40.178974
44.939144	40.177982
-13.241772	-84.654236
-13.010572	-84.41115
-45.32394	-24.73338
-58.48726	-32.620388
-45.22902	-24.687408
-44.988014	-23.829634
-61.010456	-47.42853
58.69908	53.492676
-55.292843	-28.6493
-50.329304	-29.639847
-49.29038	-28.433413
-49.86915	-30.168108
-10.180523	-0.44099092
-10.213603	-0.42331785
-60.166428	-22.23236
-0.43379417	-72.23649
-0.4279491	-72.2313
-47.125805	-27.76144
-9.23724	3.0950458
-64.73732	-37.196873
-22.785074	-3.2535641
-58.645992	-69.84183
-62.52444	-86.92196
-62.906975	-87.499405
-62.56761	-87.20991
-63.033752	-88.03088
-67.164734	-71.10476
-65.51248	-67.47275
-67.230194	-43.518627
-63.864624	-71.8556
-18.144312	91.62616
-15.140925	18.079746
-28.932795	45.943882
-30.218697	-43.364758
-9.82123	55.586277
-13.931346	-51.33891
-32.68177	5.4442735
-33.011734	7.9569926
-18.971682	13.5631075
-23.980461	5.186175
-14.16302	-51.69978
-23.483585	5.6225758
-17.130592	10.605944
-15.817274	13.55169
12.630007	52.342773
9.7835455	-14.207977
10.23187	-13.586124
-18.107998	42.710636
-18.25213	43.251743
-18.335352	43.47218
-21.439342	2.4591463
15.51069	76.7686
-6.319351	-55.174015
-22.10968	5.1488123
-10.302891	-56.926643
-62.093445	-47.726498
-73.20037	-62.24034
-61.821384	-47.43927
-72.772896	-62.185028
-63.399353	-47.881054
52.140358	76.83154
-63.251614	-47.876892
52.097404	77.33709
-74.15524	-59.391113
-73.554016	-59.648537
-73.70608	-61.31764
-73.547165	-59.646164
-73.53396	-61.596886
55.030357	48.156666
54.807796	48.279152
54.33797	49.35014
-40.341175	-12.407753
-62.06676	-46.232906
-41.56653	-13.844012
-53.337845	-30.826775
-59.350212	-23.88157
-66.92336	-31.30625
-56.234978	-33.39519
-65.16827	-29.56616
-64.19527	-58.272915
-62.90121	-61.179947
-62.748016	-60.967808
-55.057007	-24.413158
-20.911972	92.26073
-20.689781	91.75844
-7.8204694	61.361385
-7.9328637	60.75628
-7.8783383	60.31664
-25.312857	96.61593
-7.5558333	49.425297
-24.84506	95.95977
-24.621479	95.91778
-23.674921	-51.227215
-31.247694	41.8154
-25.429094	-56.06295
-32.96785	-13.906407
-32.969986	-13.910859
-11.959545	5.1306453
-11.341989	4.944183
-34.125156	-57.871742
-34.257565	-57.38533
-14.81172	65.58122
-28.968542	41.553543
-29.232674	41.44921
-26.76453	41.31476
-20.885586	12.394283
-31.668425	-47.11134
-18.921963	9.212768
-23.456963	46.94184
-18.416273	8.821728
-20.050959	6.84593
-47.71815	-5.1978793
-8.493758	-55.73943
-29.29798	3.4169717
-46.111813	-4.4664493
-33.005287	-2.602885
-31.571556	-41.463825
-73.157265	-30.774158
46.47441	35.33132
44.427998	39.96369
-72.41452	-30.27723
-54.515247	-57.32363
52.462208	53.548576
-54.560337	-57.291546
52.64255	61.52352
52.045624	60.789585
52.677166	60.643444
-55.575455	-57.068905
52.673603	54.67749
-36.228054	-49.224854
-34.915543	-48.519703
-13.433971	64.306046
-15.932828	63.333286
-13.669302	62.11427
-15.971461	63.37853
-13.843716	64.10479
-34.65206	-48.771793
-33.885166	-49.563858
-27.553717	-53.581158
-28.66112	-60.460476
-22.704401	-43.9861
8.062967	66.279335
-13.19672	13.089978
-27.700617	-52.806904
-31.844515	-52.484253
9.420538	63.63317
-32.84283	-52.4942
-32.794205	-52.436554
-36.418674	-42.348156
-28.92028	-45.14661
-35.65426	-43.5526
9.2936	65.38986
-33.229034	-43.00307
7.6780853	64.49476
8.508811	64.324356
9.305806	65.40024
-27.857088	-46.633194
-28.557407	-47.08723
-28.378147	-47.439102
-35.903637	-44.994488
-29.511917	-53.410442
-32.047924	-49.830536
-29.431438	-53.4367
-31.874073	-49.61145
-31.873936	-49.611103
-30.500494	-52.134857
-13.050704	62.723812
-12.52678	62.80668
23.130482	79.23463
-39.291584	-72.94802
26.075264	87.726585
-35.17499	-54.33195
-13.012096	65.180504
-35.10166	-52.57465
16.403423	76.94693
-16.359577	9.499321
-24.073978	-47.3389
49.956867	49.34413
50.057106	48.988346
49.59709	74.8514
48.95778	72.026695
-43.53407	-47.579567
-42.67471	-48.290085
-32.44524	91.667114
-32.08937	92.2252
-2.4764354	-4.026042
-2.7303257	-4.1367707
3.0614467	-5.540572
-3.571758	-4.5466905
-9.230866	-49.629837
-19.669388	91.08766
-20.537512	90.8849
-20.183342	90.02443
-20.251268	90.390236
-22.09313	51.083115
39.615185	35.873394
-22.950262	-45.684196
-23.655027	-47.19594
7.6876044	61.140644
-26.483727	-48.39361
-8.642679	47.50606
-7.6402555	48.265755
-37.211613	-43.53276
-31.223215	-47.77812
-34.151577	-55.404186
-30.255339	-48.203
-33.98013	-55.1939
-7.279041	62.69981
-12.172452	61.4222
-31.4959	36.238316
-21.086676	11.041477
-27.11018	14.488636
6.0250897	47.402725
7.415919	53.845592
7.277787	58.970512
-60.851444	-69.18651
-59.422924	-75.64018
40.28507	60.77726
40.26569	60.75886
-59.368652	-76.5318
-59.956135	-68.14553
-68.68133	-35.53138
-54.055492	-32.33904
-68.027954	-35.22511
-13.819178	-1.76299
-13.907057	-2.248422
39.38914	85.61322
38.811375	86.16938
-60.833817	-76.9213
-60.265278	-76.97882
38.827198	81.10806
37.332184	83.77236
42.997074	71.80141
-37.901817	100.36564
-58.519848	-73.25987
-38.284416	99.89798
-58.52291	-73.25566
24.351767	76.0663
-69.28408	-42.365402
-56.84378	-75.340744
-62.009903	-70.47027
-59.804966	-76.304054
49.014786	72.24679
-61.27515	-70.87751
-59.849857	-74.14697
43.650066	71.54995
-61.27345	-74.13939
39.12596	86.855995
-60.74396	-74.23972
39.495564	86.658394
-66.8402	-71.84753
-61.752285	-72.882576
-67.500725	-35.453075
-71.093315	-41.966038
-71.09294	-41.96587
-12.497783	2.263774
-68.58347	-42.65358
37.391727	84.210014
38.01996	85.906944
40.107258	81.48893
38.777855	82.44861
39.00213	82.31131
42.963352	72.69523
-68.5835	-42.653484
-69.41394	-43.15672
38.820942	83.9589
-62.381207	-37.785454
41.792217	68.1691
41.868847	68.13093
29.72521	86.507126
30.193865	86.88702
29.816063	85.126144
29.826107	85.86921
-67.99332	-40.748627
-55.518677	-70.59802
34.82727	82.15578
35.04367	81.79616
-55.40708	-69.605515
-56.975433	-74.54804
36.139164	80.646
-57.10411	-73.80897
33.63959	85.51377
33.57486	85.774315
41.19082	70.717575
-55.941643	-67.68967
-12.682647	0.2554768
-55.849255	-63.0716
-33.81256	-42.97285
-42.173954	-49.08303
-41.31052	-49.940838
24.355423	73.13414
24.418978	73.07661
-45.08711	-72.86082
30.849379	85.45578
30.947906	86.19073
-55.90086	-63.37377
31.348492	83.23659
-45.08395	-72.864395
11.006293	67.2587
30.53634	74.43122
-56.875996	-67.18107
-57.735287	-62.4903
-60.289932	-64.52796
-56.710865	-66.5694
-57.614075	-62.856697
-61.709366	-65.91868
-56.33803	-23.894464
-58.67361	-23.216368
-61.68075	-65.878075
40.745144	59.207478
-58.50474	-23.41225
-8.203475	11.940776
-8.197987	11.934746
-38.28505	95.09
7.7499146	63.281525
-26.82633	-4.3367653
-55.77471	-15.496383
-25.998083	9.202957
-12.556808	-48.39149
-26.800636	-4.3467107
-25.19212	-0.6821154
-64.699	-66.780396
38.393986	79.53971
-66.63871	-29.076244
-67.17824	-29.468904
-64.61138	-66.75449
-66.95658	-29.527304
-66.28464	-71.98041
46.32352	71.5767
-68.24917	-23.447262
51.575256	78.23095
-68.27669	-23.447989
51.92204	78.61463
51.94541	78.68045
-71.08632	-23.108377
-71.14557	-23.09858
-63.509388	-75.526855
-65.702576	-73.76074
-63.894512	-73.79839
-63.714424	-75.617035
-60.63957	-39.455063
43.8773	72.68124
45.3033	70.89208
-60.606064	-39.38948
-9.812483	4.9694624
11.438706	67.045685
-39.628407	97.54666
-36.6511	99.773575
32.84246	84.16089
-37.27075	98.047775
-36.580723	99.85561
41.087074	62.727154
-68.40337	-32.617897
39.300346	63.246933
39.553585	63.16485
-71.06072	-62.329823
46.137627	50.00675
-21.193079	-42.76624
-18.004751	91.7736
-13.218805	10.798982
-21.208345	-43.101547
5.9230185	59.803135
-12.705571	10.841916
7.0401163	60.40523
-70.711754	-19.58552
-69.57182	-22.606012
-70.59661	-19.985329
-70.395775	-20.403215
-40.584827	-12.698408
-40.711803	-12.846564
-45.8454	-15.172901
-45.93238	-15.193894
-60.643463	-36.69227
44.787807	70.145164
-40.902138	98.38208
39.312935	78.17384
38.82986	77.932686
39.27595	77.80149
-62.61955	-34.122303
-63.214733	-35.438377
14.445229	68.763435
-62.450706	-33.80768
-16.283762	9.420424
13.829193	66.83919
13.664982	66.87715
13.498867	67.414635
-40.819324	-28.443195
-52.665558	-28.665041
-57.69236	-33.141438
-59.35636	-33.237095
-11.565011	64.117165
-31.133533	94.03451
-11.568371	63.500957
-18.603592	5.8604302
-21.807892	21.04498
-13.638857	-1.3522613
-39.21468	100.308495
-39.246475	100.64547
-38.948593	100.85627
47.413685	74.75255
-64.98585	-73.546
45.95503	76.53355
47.512856	74.08251
47.480556	74.28808
-65.25934	-74.31975
45.85289	76.55922
-59.930298	-40.20988
44.423042	70.4288
-59.650608	-56.54371
-59.650757	-56.604427
-13.959847	-0.29101038
-66.58362	-39.975582
-37.342495	97.481514
-67.08226	-28.360252
-68.14824	-32.532497
42.003326	70.81997
-11.986661	13.182558
-12.534141	13.912694
-14.490595	17.165329
-12.153232	13.431162
-55.667835	-4.2419467
-55.247093	-3.88205
-54.595093	-4.591145
-55.22085	-3.157633
-52.356804	-6.8063364
-19.665474	-43.71121
-56.505756	-5.738376
-54.902588	-5.8805013
-56.455574	-5.5636888
-55.077263	-5.8029284
-52.128326	-6.177643
-52.374245	-6.3871045
-41.660435	-26.35453
-41.512238	-26.47727
-18.143393	11.66795
-18.342087	11.755596
-46.164055	101.65933
-45.692314	101.51934
-46.047432	101.55113
-45.58006	101.26103
49.800316	47.296574
50.078476	47.66701
-71.50696	-62.20566
-44.42696	100.8563
-19.470562	-42.43732
-25.20831	-47.825985
-13.44349	15.050579
-18.291563	-34.848557
-19.267082	10.697049
-19.744343	10.3178005
-27.373482	-48.75638
-10.695061	55.85698
52.564335	46.974007
-66.127266	-10.46739
-66.14011	-10.459569
51.927677	47.885864
-56.901276	-7.7893314
-62.61938	-12.769385
-63.43001	-13.026437
-56.439724	-9.768897
-56.408806	-9.759316
-61.431477	-14.238824
-66.82347	-35.138023
-63.51699	-37.663067
-65.899445	-39.20902
-67.30294	-31.411623
-9.428565	4.996806
-64.168205	-38.65161
-64.319244	-38.579388
-64.446785	-37.932804
-59.566456	-28.393133
52.359135	55.04595
-54.908447	-34.6631
-56.41622	-36.100945
-61.281433	-68.98863
38.207317	78.53123
-60.989834	-68.08588
-60.145252	-64.23797
44.48274	64.36605
42.916176	66.29346
-58.136845	-66.933655
-37.068565	-20.98301
-47.659718	-5.169495
-36.548176	-22.577627
-36.258816	-23.669773
-37.07351	-21.91664
-36.306366	-24.000116
-35.148243	-1.4084084
-25.791046	0.7086845
-26.167913	0.94452417
-8.499891	-55.751003
-31.307339	0.7499787
-7.3636484	-50.960026
-32.33579	0.84095776
-33.028496	0.51999456
-23.858814	2.9805799
-22.90388	3.0292754
-20.27445	9.804231
-22.617994	2.657979
-33.062668	-2.556737
-30.63958	3.170873
-33.814754	-0.84480757
-33.644077	-1.7593181
-33.995956	-0.46838164
-46.031467	-4.4400325
-29.61094	3.3074467
-30.625397	3.1556754
-54.162086	-35.47116
-20.447302	94.51438
-13.848314	59.63841
-13.219711	58.49982
-21.101343	95.047325
-21.423216	94.479706
-20.47877	94.39759
-21.430958	14.859549
-15.144928	59.73119
-14.248012	58.647083
-23.52496	13.850637
-20.469542	96.68248
-20.536247	96.75651
-22.974878	13.028059
-25.432861	10.307545
-25.46541	10.1602125
-23.684486	14.075409
50.92299	67.73563
50.576847	68.06622
50.402145	68.28723
-41.286694	99.93415
-41.45627	100.14448
-41.49996	99.61025
-60.659874	-28.210615
44.704807	52.083164
-60.63231	-27.496296
-60.707565	-27.692574
-60.09559	-31.217535
44.24143	49.49926
44.8665	50.134384
44.360313	49.62097
-51.498928	-28.555912
-55.384655	-28.653002
-49.987072	-29.548655
-51.150352	-28.877855
-10.848579	0.7643616
-48.74846	-26.74608
-48.381336	-27.173689
-49.148376	-27.106718
-60.46118	-17.407825
-44.725945	-30.365713
-58.2505	-36.141884
-59.695747	-18.510994
-59.882595	-18.12783
-40.959396	97.68115
-42.352413	-28.786797
-41.10815	-28.068865
-42.079483	-29.298033
-41.93329	-29.253935
-37.938892	-28.511011
-20.98144	13.818561
-14.507263	65.25583
-21.974812	-24.896816
-22.186512	-25.082201
-53.765533	-32.381214
-65.48334	-29.860804
46.169884	69.34785
-11.498849	2.07711
-60.22642	-36.511497
-59.674038	-60.67129
-10.429728	2.5577588
-10.969486	2.9193509
-10.499188	3.139836
-56.02018	-37.11527
-55.924137	-37.23818
-42.003483	-14.2154455
-13.627585	3.2143252
24.881174	89.21823
25.901432	88.50916
-30.33118	-54.578423
-39.422653	-71.2268
-39.126423	-71.0936
-39.53307	-72.19863
26.416607	88.90835
26.039927	89.14225
-38.75928	-72.22833
-40.165977	-72.50689
-40.174763	-73.00657
-22.000147	-47.978786
-18.44943	13.4428005
0.024500556	53.0332
-0.5871488	53.455147
-0.22022286	53.37548
-0.5193218	52.939472
73.39939	-10.719626
-20.029892	-7.233881
-20.030306	-7.2201457
-20.415186	-5.9812293
-20.3805	-6.032426
-57.04587	-65.95583
41.650517	66.59299
-20.821678	-5.4297357
-46.457687	-15.357395
-21.613228	-4.128592
-59.912613	-58.745663
-58.859703	-67.76521
-59.65708	-15.812126
-59.896473	-14.972972
-60.8515	-16.275547
-63.72374	-13.102104
-60.619987	-15.490396
-60.43273	-14.919627
-52.674503	-33.62964
40.863697	60.044884
-38.77406	-22.21242
-7.304545	-26.574087
-6.9458222	-26.787651
5.752857	53.391087
-7.2334824	-27.747015
-6.496572	-26.955286
-1.2646441	-20.37887
-5.964765	-19.564417
-5.793775	-20.976084
-0.6107186	-20.921532
-4.741565	-21.654892
-4.211473	-20.718681
-5.1163354	-21.893124
-3.773576	-18.204178
-44.12718	-56.77551
-44.12668	-56.775585
-30.701818	95.21002
-15.136507	0.11281002
27.013813	83.89701
11.751621	46.889183
15.019336	65.49655
-4.99504	62.344856
22.176737	78.76321
-34.658985	-30.728651
-31.020954	-42.567783
-33.19375	-44.747448
14.235988	43.698486
16.398426	45.65606
15.49914	65.81473
23.8684	73.945076
13.050942	53.715027
23.567396	81.08285
27.894262	85.63445
40.169785	79.416756
39.500797	80.40512
-59.431282	-60.981827
8.742319	59.70316
8.543621	60.3624
10.578843	63.535545
7.5737977	62.178932
-24.892622	-50.66335
-25.02467	-50.660595
-12.879315	61.457348
-19.9527	-63.195164
-23.122276	96.21121
29.123348	26.01847
-13.530639	14.681698
28.820795	25.8611
28.917013	25.91156
-34.5926	-39.826756
-35.826935	-41.51259
-19.651045	18.393055
-19.52763	18.333244
-60.05641	-33.41035
43.237183	66.97897
11.047017	-15.772431
10.784727	-12.901622
10.960013	-15.930497
11.119985	-17.288641
11.195999	-17.276945
27.297375	77.613434
27.897377	78.708115
29.767097	82.95433
27.23742	77.48486
-35.37207	98.08255
-32.484703	92.989265
-32.807632	93.24961
-32.85944	92.825905
-31.763803	-41.854786
-30.942219	-50.211178
-11.161782	6.4238133
10.013725	67.2091
20.968771	41.70562
9.138059	61.7932
-32.902184	94.503685
-17.12321	5.2721562
-67.90509	-41.61988
37.35301	82.286064
-57.212376	-67.841225
-70.72877	-42.97925
31.352694	84.356606
-42.356277	-74.99857
-42.365944	-74.989235
-42.716805	-73.13048
17.40257	77.16515
-41.880165	-74.51867
17.649584	77.23863
29.1482	75.559074
28.481459	75.117294
28.428778	74.80405
28.087011	74.66149
24.222776	77.302734
23.988562	77.77037
25.04895	77.100174
24.414167	78.12142
-35.875034	98.276024
26.320665	74.189
-36.235996	-48.78834
-35.427776	-49.13364
-35.580257	-44.903202
-36.0424	-45.666447
-29.260725	-53.642544
-35.362366	-45.72182
-35.173206	-45.504173
-8.457313	-67.897484
-8.273236	-68.23316
-8.209504	-68.34033
48.627068	64.77258
48.723164	64.88591
-57.45941	-81.60927
-57.45871	-81.6091
-57.678135	-82.73723
73.11154	47.73516
71.700966	49.41716
70.81862	48.231903
6.4336543	-73.253784
6.280957	-72.57035
-63.564487	-63.468624
-67.2363	-65.86856
-67.23628	-65.868
-47.766117	-90.8438
-58.847454	-86.20471
-56.52979	-87.72134
-48.85831	-90.85764
-49.764393	-90.83801
-47.918133	-90.95643
5.3067822	-74.34996
5.738444	-74.18865
5.6987123	-74.19283
-63.843864	-80.121666
-63.90757	-80.00699
-62.959305	-82.23299
-63.10433	-82.033165
-60.973988	-83.95368
-60.91645	-84.026276
-60.331455	-85.67368
-60.2449	-86.23306
-61.646866	-90.66356
-51.648888	-90.5476
-51.544167	-91.00112
-58.015556	-87.53095
-52.800842	-90.077126
-51.992336	-90.75442
-52.27539	-91.3889
-51.917274	-89.84462
-58.72803	-86.18959
16.176958	-37.202686
15.34044	-36.73508
15.949893	-38.236786
16.054852	-37.844604
-47.644634	-71.35608
-47.746025	-71.32516
-48.484123	-71.07995
-48.35808	-70.42816
-47.768673	-70.421646
24.26635	61.01844
24.288694	60.92371
-3.9546454	-84.85549
-3.5241795	-84.63366
-3.5491326	-85.270164
-2.870595	-85.35063
-2.8331206	-85.09624
32.851665	48.198574
33.54866	48.430683
32.353977	48.014866
24.050388	59.28707
-47.54752	-69.16895
45.133774	61.31979
45.360714	59.54618
46.26453	59.36877
-16.430965	-81.136955
-16.629368	-80.96202
-16.113722	-81.25373
63.250385	52.482414
-4.470274	-83.26135
69.12218	53.361774
62.655426	52.65995
47.71021	56.285976
63.32681	52.494907
69.08369	53.36288
-3.4369164	-90.168846
15.036629	43.92765
16.283554	49.283443
20.585869	49.131588
20.979494	49.448803
22.48784	49.345154
23.298222	49.70578
24.685944	49.642776
24.945795	49.439934
26.574118	48.4104
27.528276	47.857903
30.710785	46.498913
-1.3698766	-84.98492
-21.727356	-67.21224
8.416529	50.82509
22.260508	50.497513
22.666067	51.176147
24.134983	59.92358
-37.110657	89.1167
34.485855	49.695637
34.750725	50.101437
-37.23595	89.15335
-37.516068	88.922104
34.58006	50.435066
26.918491	59.666157
46.207336	60.213383
47.367844	59.811916
47.739235	59.582104
-14.857004	-81.75149
-14.061091	-81.92918
59.08378	36.49787
60.057423	34.57393
59.546627	34.770573
58.6482	34.46164
-7.000618	-80.0705
-47.241215	-37.583164
-46.52438	-38.138348
-15.017756	-74.31312
49.062557	34.395508
-14.854567	-76.14217
55.919415	29.30595
61.217426	34.277042
9.572801	-73.07636
8.66705	-72.997955
60.375572	34.25019
-25.721378	-60.162212
-24.911442	-60.08368
-31.706831	45.234566
-35.49948	31.634813
-35.53879	32.309982
-21.54631	-59.595776
-9.039522	38.806942
-6.8726254	31.69234
18.929571	-84.78071
-35.499306	31.76513
-31.78948	45.32778
14.8403635	-84.48353
-21.308044	42.372585
-22.9564	46.242596
-19.840254	40.796284
-19.48748	40.528767
14.825435	-84.478325
14.255941	-85.15725
18.8693	-83.61825
-8.181528	34.026516
-21.471205	42.651188
-19.64683	-49.74057
-16.490479	-54.57691
-24.137646	-66.0314
-24.334911	-66.26204
-24.341066	-66.28055
-3.000543	-44.16106
32.017776	82.584335
24.587206	53.14212
24.650291	51.888454
-16.432737	-84.59469
16.794804	-63.974945
-45.922073	-38.91134
-47.103962	-38.533722
-60.04311	-54.1594
-6.483448	-84.61446
-6.05176	-80.149796
-10.363617	-80.18993
-19.80751	-33.149326
-2.5129945	-59.202503
5.4907074	-67.43868
5.517608	-66.11179
6.3462157	-67.677864
7.4309115	-67.66947
5.5590067	-66.70247
-11.256925	-41.717285
-11.2451725	-41.723198
-34.533695	-32.23979
1.9693569	-62.94225
1.9034173	-62.967117
7.7689233	-64.63506
9.050979	-63.228195
10.181627	-63.479485
10.160104	-63.50199
-35.08825	-32.497627
-35.280933	-32.924347
-18.866896	-67.9427
0.5008068	-50.170547
0.60030335	-50.356148
0.22293967	-51.2169
-3.2382803	-55.494358
0.84558296	-50.81605
-1.7588334	-56.785667
-1.9412308	-56.514866
22.139612	-37.612392
21.684172	-37.028694
-1.075146	-57.4154
-2.0391424	-58.93201
4.506494	52.944332
4.5684886	53.10453
5.3682957	52.247963
-1.6412437	45.984734
-1.6593769	45.915302
39.87391	21.084986
-12.4762	-36.154198
40.308933	19.348297
5.347661	23.495508
5.2268248	23.635014
40.243244	20.801094
-12.521977	-36.125584
-2.3846138	51.338505
-2.1472163	52.840385
-2.3527865	44.820827
3.7227397	29.034445
3.7415733	28.985577
38.89674	20.882416
38.602318	20.668962
-5.24527	-76.19595
-5.4374557	-75.62696
38.006733	21.107761
37.642693	21.263409
-33.911247	5.4191957
-34.295303	5.325796
-34.733387	5.2909603
-25.432775	49.19328
-35.182396	4.8397226
-41.312305	94.94928
9.403324	49.872982
-41.09395	94.09037
-41.00812	94.23813
-41.59699	92.8732
-41.69005	92.88416
13.786954	-68.56238
31.489866	46.01167
46.26792	57.206017
8.497828	48.143986
8.3784685	48.344864
-6.897814	-43.723198
10.968864	53.571323
-6.8034635	-44.0852
-6.427382	-45.03047
-6.735221	-44.80133
-6.043117	-46.64954
40.033623	11.516252
40.086796	11.565276
5.842554	26.52571
4.9780493	-80.137184
40.03234	18.83368
40.380566	18.19026
5.8485503	26.374779
4.8092194	-79.98167
-25.738989	-59.28495
-6.9514556	61.507366
-6.9503784	60.44978
-5.8605886	58.105568
-5.9794106	57.516335
-20.180841	-60.819473
-20.903196	-60.8875
-21.331594	-61.151325
-20.264736	-61.080746
-20.784878	-60.543396
-5.774874	41.786232
-6.2374406	41.7606
-22.199272	105.55939
-22.487844	105.94004
3.85922	24.24479
3.8732169	24.241077
-23.180124	94.411804
-23.822174	94.289764
-18.65161	10.082237
-23.301842	93.74458
-39.449974	16.596571
-39.645916	16.656656
-43.311485	15.358716
-42.794155	15.838038
6.0312877	13.67058
6.0147	13.6766815
-23.869284	93.7168
-8.062795	55.853123
-42.05374	17.098763
-41.943142	17.201017
37.191612	27.360172
-54.48477	-17.172659
-54.595215	-17.181719
-55.51737	-18.699306
8.0797205	6.709042
7.9781604	6.831006
14.281574	6.442759
-2.1755102	-64.925476
0.40842673	-77.38182
0.7637572	-77.61883
5.420739	-68.69637
8.435577	12.310802
3.8572085	-67.34905
-2.172824	-64.93156
14.384413	6.416529
7.8122315	7.1165795
-44.93285	-38.807213
-43.866123	-38.35516
-43.748318	-38.308937
-24.998287	50.605145
-24.416159	50.554794
-24.320215	51.328377
-29.848522	50.6489
-29.270203	50.82952
-7.0648746	30.235956
-6.4061775	28.193487
-21.19804	105.41071
-7.7118807	30.592411
1.0464795	39.3167
0.5643433	39.670742
1.1522925	39.504005
0.45473033	39.75811
-24.131859	49.90318
-24.637709	51.979214
-23.38108	49.347557
-26.633703	52.80927
-31.402197	48.397285
-27.017227	53.290993
-32.043465	48.20617
-5.506865	25.973127
-10.1996765	28.31761
-13.868386	-55.02177
-9.850155	27.794352
-9.711983	27.598309
-23.57585	49.16638
-28.422842	45.12864
-24.675182	55.78162
-25.277239	55.407238
-24.550404	55.085926
-25.307076	54.988155
-24.84091	54.774185
-11.272191	40.405106
-10.679549	40.132885
-10.217861	32.306255
-9.098868	31.596075
-11.448294	40.851284
-10.761783	40.226402
-9.328789	31.541096
-8.958167	28.731028
-20.300127	48.508377
-20.150513	49.27911
-19.802845	49.128548
-26.19911	-59.622036
-29.522993	50.19338
-29.24364	50.176117
-42.12718	14.2604265
-42.562485	14.171681
-43.68012	13.305895
-43.52289	12.587772
-42.837936	13.5505
-42.427982	13.385156
-21.036303	45.575447
-24.83021	-58.797466
-25.131802	-58.521477
-13.692424	56.99647
-12.851834	-56.782352
-12.817403	-56.757477
16.265835	-83.41014
16.338076	-83.56711
-35.917324	36.865425
-36.05746	36.73307
20.859888	-81.83475
17.579487	-84.93314
17.188227	-85.08565
-25.327736	-54.09002
-24.95894	-53.915745
-13.505878	-47.39133
21.700905	-80.67572
26.979204	-9.92298
26.970352	-9.916429
5.7665343	13.828694
-15.334969	18.525734
-13.483256	-47.39476
19.465212	-36.589687
35.02174	26.76194
37.43965	26.396849
36.041817	26.813555
39.507034	35.74365
38.323742	26.194708
-21.260252	-80.00341
-0.1352783	47.80109
-0.3309744	47.68823
-6.5481615	56.188362
-20.821352	-62.516537
-21.597233	105.899666
-6.5644503	29.702034
-6.3838	56.09168
-22.934244	105.25092
-4.9280906	33.419598
-4.1851425	32.769924
-3.2998605	47.856182
-13.155168	56.48183
-3.329803	46.578823
-3.6348348	46.511925
8.44771	40.611713
-4.347112	45.024773
-4.3571935	45.018314
-5.0945773	44.302094
-26.552288	-64.4396
-26.481743	-63.988888
-26.441816	-63.2264
14.077129	-80.39208
-8.30003	37.386543
-8.419732	37.582157
14.242752	51.231342
13.222702	52.074078
11.883228	44.797745
13.639582	53.843983
-4.937378	-79.20357
27.75396	43.157238
49.548695	15.804731
60.773666	30.252527
-20.745127	-67.63722
-22.856432	-68.88855
46.10191	43.119427
46.32272	41.95351
47.40083	43.25501
50.43996	56.40945
60.293907	42.53337
60.26885	42.54634
69.913605	54.014675
15.422592	50.155933
17.125061	46.285896
15.199808	50.376324
12.692282	54.264847
-38.436085	89.43763
26.604782	63.23581
28.596786	59.50344
28.2814	59.07425
29.011267	59.11187
29.389748	58.746258
-1.3541368	-89.450455
29.95528	58.325367
-1.3460659	-88.927505
-0.7070405	-85.43891
29.779757	47.655178
30.16353	47.046967
13.264183	43.596867
17.16409	43.10594
16.096476	46.3687
8.005669	51.919647
-4.6295767	61.048088
-4.5152125	61.159214
-24.931692	95.18468
-8.605492	59.047226
-7.273549	40.933086
-8.421785	40.429123
-5.565045	34.70879
-5.2460585	34.49163
-5.651913	31.917917
-5.3482876	31.74376
-4.868781	30.967266
-4.818577	30.660978
-33.298496	43.374767
-31.460272	38.182014
-31.371557	38.638645
-24.95494	37.315987
-33.288067	43.392567
-25.241276	37.055653
-17.754475	102.084984
-17.153078	103.13409
-18.628967	102.96838
-16.042166	104.30299
-16.036112	104.78511
-16.791155	103.9842
-17.440826	103.92355
-18.370876	103.8267
-18.622688	102.8911
-19.051306	49.40224
-23.037367	45.328922
-28.532654	44.232513
-22.347954	43.88784
-22.199137	45.253212
-34.411873	37.992798
-34.52147	38.05905
-32.831036	42.691097
-32.477497	44.20208
-34.78558	38.597095
18.638035	-82.33869
-9.831485	33.559814
-11.136428	39.006382
-9.400442	32.808716
-7.3986855	26.744383
-8.974183	32.62803
-8.460803	27.88584
-19.947504	105.34861
-19.93062	105.33997
-24.20926	39.099445
-24.503998	40.04468
-24.234865	39.352287
-24.269972	40.700817
-16.341503	102.01796
-18.535326	101.45234
-27.98681	35.22179
-32.515587	46.896526
-39.910408	38.062695
-39.51611	36.77686
-40.223125	38.16756
-39.47745	36.66575
-41.19303	38.659943
19.885342	-85.51907
-8.244676	24.307926
-8.199388	24.51225
-29.002468	34.666405
-18.382282	97.316475
-22.955969	36.62523
-24.306902	44.31165
-31.305475	36.55442
-32.184258	42.050747
-30.226868	33.812977
-30.30489	33.72343
1.037327	3.2501528
1.2019848	2.449039
0.87942106	2.9859343
-0.18588379	3.55696
21.76695	-1.5050925
26.5632	-39.39374
43.48048	37.17706
43.620876	37.881237
-15.646437	-72.8343
-15.60854	-72.86578
15.474877	6.311806
-14.442475	-73.36931
15.910348	5.9847107
16.42556	5.669862
9.226021	-1.9563432
-10.462814	15.488112
-10.8021	15.374442
8.950508	-2.191302
18.19192	-36.72801
2.8537345	-4.366266
2.70602	-4.1142364
2.8627636	-4.002716
2.1507943	-3.6255262
8.676098	-0.17264469
8.309406	0.10610818
8.286695	-1.5481116
4.4591312	-2.3409102
24.933853	-38.003204
4.7804904	-1.782476
25.155306	-38.43416
3.923033	-1.6035255
22.906055	1.0902927
0.62473774	-58.76253
21.83613	0.69843763
20.340265	1.1619424
19.750763	0.77922356
19.402748	0.62283415
8.960948	-1.5310508
8.305429	1.3832247
8.224897	-1.1614093
4.3886676	-2.668557
24.83471	-38.40605
3.8294833	-1.4926865
24.910795	-38.710632
0.6369933	-58.78356
21.875523	0.75104576
20.460543	2.0535052
21.713768	-0.9360839
19.715445	3.0958006
62.071087	-38.75117
-19.498528	-49.45454
-9.360188	-50.90571
-6.8653255	-47.132782
6.402268	52.15598
-7.295549	-45.544216
-6.4052596	-46.878666
12.933844	-38.068417
13.30233	-37.94674
39.69872	10.039497
26.541018	43.838024
39.488182	9.98485
39.278355	9.793944
12.906956	-67.36393
13.513531	-66.69388
13.2709875	-66.731064
-1.14364	-83.11107
14.005702	-67.3945
14.270948	-66.9121
15.139872	-66.03358
15.209959	-65.938385
-26.068296	-84.78085
46.63042	64.21352
-7.479586	49.526737
-7.9649906	47.555164
-20.44377	42.194714
-22.379635	36.679806
18.847324	-80.729324
19.352112	-80.91141
-19.01374	39.580727
54.048126	-14.201287
56.491722	-13.306876
56.49053	-13.306787
53.711258	-14.329728
20.743069	-82.569275
15.727454	-81.43876
20.731627	-82.58873
14.529476	-82.22388
2.5120406	24.710735
13.978124	-82.67934
13.720371	-83.68908
46.349422	64.19939
45.037487	64.61036
68.06902	48.33707
68.28852	48.382927
69.79961	48.419353
70.14436	48.43959
13.328297	-48.112648
13.487987	-47.3583
13.602949	-47.018024
14.1537485	-46.819138
13.030687	-46.051098
9.32565	11.615584
-63.809795	-60.115288
-63.502964	-59.869446
52.27095	57.106503
52.261116	56.821693
-9.074721	-84.86268
58.19679	52.02161
-8.907532	-86.35896
63.654507	31.320684
-8.288377	-87.960976
-8.08619	-88.36738
-63.547844	-58.600296
-62.337563	-59.479507
54.23861	28.33825
52.768578	31.220015
52.75247	28.71867
49.246597	56.403206
54.642082	28.387257
-9.826321	-84.5558
-7.935114	-86.40288
-42.628185	92.760376
61.155956	31.783741
61.51387	30.92101
46.997925	36.064167
-65.55228	-28.210915
50.66535	38.568935
54.331757	53.428154
61.211563	45.055565
60.77372	45.40596
60.938812	44.747498
60.506775	45.486294
59.250576	27.770359
60.719524	28.747562
59.610043	27.85207
62.154217	29.005962
49.20805	40.01919
48.305614	41.227318
49.542522	39.675327
46.48228	41.61623
52.3406	32.61311
52.54303	32.147224
71.35429	41.699974
70.65455	41.23099
72.94019	44.20167
73.80242	44.37727
73.03308	43.322273
74.27654	42.98785
72.99277	42.503307
61.833683	28.775023
50.465263	41.461044
51.132057	59.8696
51.43179	41.655415
54.026157	42.661915
52.5482	41.71081
54.54345	42.75047
-12.213676	-83.866905
57.473656	52.56213
57.474934	52.562366
-59.83816	-90.35152
-12.679629	-82.577774
-60.639774	-91.07801
-60.864197	-90.90526
-60.91893	-91.239136
74.50132	44.79938
74.65052	44.212845
74.74015	43.649654
47.816143	38.91465
47.613136	38.799587
51.71705	41.412697
53.93818	56.256065
63.708595	45.18701
55.97804	52.573658
64.8511	45.368
64.90845	45.383385
-13.733429	-90.4283
2.1609006	-73.53096
-13.55129	-90.313614
1.8465185	-73.43946
-12.629634	-88.7666
-12.528501	-88.37404
10.697352	45.77979
-22.53153	-66.689255
-22.039982	-66.3161
8.617007	40.722916
-6.7724924	-75.13401
22.83626	-35.696896
21.547977	-36.477535
-73.4342	24.898335
23.242792	-35.14009
-0.93970215	30.203407
32.59978	20.844643
-1.4731821	28.183529
-4.797495	-78.150856
32.63075	20.844227
-0.84670985	32.08579
-1.256008	28.38448
1.9187148	-79.94252
2.5186267	-78.56191
12.306297	42.947357
-3.1078959	61.809113
10.697527	39.62297
-17.130713	-53.690346
26.980223	55.324303
-47.14524	-68.497475
10.708913	39.631256
27.01873	55.41854
26.039955	58.13671
1.6673391	31.78225
0.32862267	31.236282
1.7814691	31.831024
-1.7402794	27.84404
-2.7984526	26.613169
-2.9098065	26.574999
28.929808	44.982353
35.67103	49.547062
8.680548	46.035004
7.9321904	46.06198
7.16054	45.628433
-21.395409	-65.586
-17.900038	-70.15376
-20.099201	-70.467995
3.2861547	43.664234
-19.110838	-68.55975
-2.3104572	-88.38492
-2.915073	-90.16102
-2.1877863	-87.84975
-2.4166777	-83.596664
-2.3469262	-83.44946
27.192833	43.884018
10.558271	46.125736
7.248775	52.433956
-25.25537	-82.6431
11.520243	53.616344
27.916138	60.642883
27.742687	60.585167
-1.4386071	-77.44971
34.009777	46.725563
-1.4637892	-77.45533
45.724045	44.207687
45.77399	60.41978
11.013201	-19.107372
10.639311	-20.62484
72.98838	48.667023
-60.35442	-83.96922
72.57181	48.695454
71.30605	47.3644
70.47835	46.17686
71.003174	46.68934
-54.22836	-58.413216
51.524284	39.484146
54.091103	59.049576
51.64889	37.16729
51.46674	37.47178
51.999065	36.57459
61.888386	35.772682
61.526955	35.30213
-12.342045	-81.63851
-11.231717	-85.21461
-11.351228	-85.25537
-10.8713255	-86.2238
-10.809818	-80.723625
62.75722	28.853533
-12.233283	-87.23939
5.82283	-32.21578
35.376007	26.90985
7.0734053	4.2311544
7.0668936	4.2256045
5.8255744	-32.212902
80.23238	-21.92092
-4.5056806	-45.80586
-9.038012	-50.7395
-5.94456	-53.75341
-5.986927	-53.94826
-4.197835	-46.251675
-16.087807	-54.83995
5.472818	-65.11364
-36.280655	-31.805191
7.026407	-65.38563
8.734071	-61.40914
5.8869133	-65.08036
-9.982977	-78.86494
11.665912	-65.201485
11.502192	-64.35935
-2.075469	-51.88778
-6.0202937	-52.62969
-2.1333742	-51.84889
-2.7912185	-55.82323
-1.7769856	-49.470135
-41.480835	18.107946
15.3553505	-8.869213
-4.82348	-48.03255
15.356851	-8.861002
6.607354	44.840073
-10.445066	-52.462524
-7.193458	-74.99067
-21.276888	-80.09487
64.395	37.181793
-20.145126	-70.82602
64.50368	36.91987
64.74562	36.218685
32.048836	50.67331
67.34656	54.88678
19.600555	15.522795
38.095238	-65.52509
-40.80638	84.14808
32.216763	-53.25638
19.535238	16.13596
-40.77557	84.12364
38.203968	-65.48809
19.346264	16.326284
19.938353	26.802486
17.08083	-21.57525
18.950417	-24.808437
19.27198	-25.382599
18.990276	-24.880676
18.173084	-23.37508
16.706356	-20.926882
16.756271	-21.01703
37.852703	-55.329403
32.71215	13.762276
32.74521	13.737271
33.811	13.156566
-19.779032	-37.80637
-18.76425	-38.202732
-18.465683	-37.926025
34.543594	12.798473
-18.955412	-37.994663
38.20919	0.3929617
38.132725	0.4836665
41.85488	-1.4929086
22.602667	-58.44568
42.709892	-0.07786628
42.800014	0.083497554
32.185944	27.96396
-17.124037	-34.85817
22.973625	6.246183
22.943825	6.284649
23.185738	4.564862
22.812447	4.393342
23.930056	4.6890645
29.026989	4.2890286
25.697308	2.9511933
26.037062	2.8965404
30.2094	9.891694
33.15541	-25.381952
33.105286	-24.518694
33.160583	-24.56778
32.158577	-23.623198
33.919872	-23.74642
-47.63828	49.472446
-48.479134	49.526237
-48.00217	48.766197
-48.62996	49.16169
-47.891922	49.131252
-45.97473	47.51761
-12.119354	100.92506
-47.49677	45.02381
-15.090069	-6.925123
-47.912617	44.108654
-47.959072	44.656548
-47.209427	44.360332
-12.585541	102.53071
-11.530572	99.214
-12.16907	98.98481
-11.908892	99.20011
-11.689965	99.98962
-46.997623	47.790085
-11.511977	102.19342
-11.046694	101.536934
-10.989246	101.670784
78.1456	-2.2804885
35.480118	-8.408281
78.36262	-2.4536216
78.92445	-2.0507262
78.69665	-1.5972489
79.153206	-1.2270793
79.20987	-1.0413567
-21.167131	-19.28612
-21.183693	-19.265163
-19.74086	-23.414846
-21.15639	-23.416822
-21.16559	-22.53899
-20.874607	-21.63072
-20.346418	-23.384562
-20.794096	-21.65701
-19.195007	-21.580742
-18.71619	-22.053907
4.9622755	-40.524494
5.9895973	-40.46683
7.4093513	-41.197197
4.7299356	-40.490562
5.5540504	-40.768276
7.2272935	-41.249317
48.069107	22.617496
49.043747	18.16184
49.44365	17.472195
49.99978	17.459105
48.893124	17.296223
20.312763	12.57067
21.136982	14.327326
21.862644	25.376444
20.78745	26.076485
20.63844	26.186758
-15.607209	-35.02631
-15.231917	-35.01206
-15.107465	-35.796444
-14.252084	-34.79529
-13.737041	-34.62454
-14.14293	-35.099285
46.699257	17.109077
47.014328	17.068459
46.09898	16.356382
38.141987	-56.78636
21.224611	13.425018
37.895237	-56.17142
34.90763	-43.59675
5.8329954	-36.91549
6.216891	-37.757893
5.722626	-37.138092
30.068619	5.242511
29.978706	5.2076287
28.684029	5.209556
28.835169	4.711284
3.9196696	-78.22463
8.094113	-49.370502
7.8748727	-48.777172
7.74547	-48.555584
45.38436	15.617952
8.132606	-49.957844
22.931736	7.7851863
29.242233	9.118866
29.067644	8.995125
28.620928	8.62321
28.324833	8.481122
3.3003192	-37.179703
3.5806131	-37.687416
3.6315274	-37.647926
53.268105	46.73799
34.615685	-14.603697
34.44973	-14.650853
35.40289	-13.922216
35.37901	-12.403171
35.439228	-12.558733
35.435272	-11.74885
-21.6656	24.650059
-21.643784	22.354057
-21.641945	22.300297
-21.755219	24.772627
-21.303167	24.517319
36.16358	-11.144622
36.05656	-9.52643
38.048496	-9.813274
38.610214	-9.900209
39.87698	-13.310107
-59.95893	-28.89895
20.573801	19.79799
20.565125	19.810316
67.15559	62.290874
67.62089	62.048145
67.181015	62.85415
68.08194	62.996265
68.51633	62.24851
68.927055	63.050858
69.30304	63.949314
69.78131	63.39556
70.094406	62.887947
70.26361	63.844788
70.781204	63.09334
69.949356	61.736557
-10.016281	-94.12622
70.44822	61.870323
-10.0009575	-94.1173
-10.228521	-94.25521
33.839855	33.724533
34.898003	34.752586
34.63269	34.531567
33.857758	33.892998
33.376602	33.74539
23.581629	17.33938
-24.864985	-85.17057
-25.291275	-85.11266
21.708004	-58.43989
21.1503	-56.81826
30.078928	-50.373726
29.379084	-49.360405
29.258394	-50.484516
29.94183	-51.028324
30.460787	-52.48513
29.292332	-50.933933
28.767567	-51.236763
28.682978	-52.06239
29.557497	-53.19675
29.372986	-53.55675
30.178982	-53.746292
30.68142	-53.62748
27.916237	-53.141224
27.59336	-52.29337
17.695063	-56.05187
19.951942	-55.322575
18.342237	-56.588104
19.769156	-53.173065
20.21719	-58.59962
20.262281	-58.2136
19.926813	-57.852947
18.452972	-57.91402
18.011177	-57.99196
18.923843	-58.571175
-56.470898	-22.060333
-56.82325	-22.186031
-21.505817	-31.621243
-21.14819	-30.264097
-20.913172	-30.905653
-20.794939	-30.189922
-20.62762	-30.566927
54.891987	21.858267
54.32459	22.228716
54.86078	20.981256
55.39072	21.33832
54.73055	20.515694
54.228218	21.480253
41.855766	12.423618
55.31882	19.721313
-17.148378	-29.013912
-17.095436	-29.023045
-17.022549	-29.03754
10.202192	-40.16587
10.205363	-40.297302
10.85803	-41.693527
10.975569	-41.7407
18.039787	-51.59032
19.464159	-52.436764
20.386562	-52.367443
20.108543	-51.214058
18.038408	-52.814266
19.234518	-51.77779
20.006054	-50.870007
-23.310911	-84.74373
-21.565199	-85.152725
-21.42792	-85.24602
50.97995	28.36382
50.888626	28.314869
-20.244574	-87.98958
-20.144169	-88.34938
-19.760214	-87.75144
-19.5328	-87.92062
-18.287836	-88.86611
-18.301767	-88.915565
10.264111	-45.264275
10.369658	-45.08695
7.5198326	-45.306877
8.24218	-45.455677
8.849154	-46.286896
7.5146627	-46.03964
6.1823063	-45.21229
5.8906593	-45.205914
-10.074487	-86.91925
32.07691	-20.428667
23.93742	13.623557
23.504759	14.777406
23.540176	15.006081
37.345512	-58.28634
36.80782	-57.574005
37.02994	-58.430164
37.080257	-59.03753
36.45949	-58.141773
36.01915	-57.84649
20.297169	-13.962911
20.316	-14.143055
20.362	-14.43488
20.446903	-15.237012
20.45146	-15.27679
18.794624	-60.48555
18.775074	-60.611332
32.837944	-41.447624
32.43794	-41.307243
20.05992	14.139346
43.89799	-61.897217
43.32083	-62.322838
42.947914	-62.197697
44.374275	-63.49714
42.818386	-63.150955
42.373512	-63.66559
42.428864	-64.121895
42.776356	-64.42882
43.42954	-63.877304
41.54686	-3.6498086
41.92335	-4.4649086
41.952896	-4.9117355
42.16012	-5.022496
43.187153	42.94599
-53.52826	-56.378025
-21.325924	-82.79712
52.92393	24.523125
51.085526	25.690092
50.073265	26.082382
49.415115	25.996838
50.237705	25.370152
49.08533	25.568247
49.061825	25.364368
51.67565	20.632751
51.881325	20.439264
51.153965	20.034624
50.62523	20.244738
49.22924	20.438795
48.18565	20.120703
47.9258	20.6171
47.32131	20.424498
35.43278	42.20129
35.14853	42.631416
34.813473	43.09399
34.64766	43.325043
51.86904	17.154537
18.49056	43.369267
18.082531	43.37238
18.456682	42.890404
19.475046	41.57339
19.561138	41.333633
16.645678	41.83507
45.973415	-57.19925
46.694447	-56.62988
46.14092	-56.819454
46.85196	-57.533855
46.262096	-58.030846
47.625744	-58.281425
47.215748	-58.325783
48.4279	-57.166077
40.47378	-4.758964
46.575413	-58.912262
36.7676	-9.430652
37.19789	-9.841727
38.371628	-11.634374
38.753113	-11.749374
40.242844	-11.332593
41.700718	-11.196674
48.205208	-59.679874
51.35156	-17.19877
50.598583	-18.036848
-27.559385	23.05105
49.846138	-17.950224
50.510315	-16.719889
50.91409	-16.688673
51.64068	-15.522721
50.731422	-14.896954
51.44242	-14.881107
51.077206	-14.830073
48.277027	-13.019202
48.077934	-12.783223
47.934868	-12.6541815
72.81301	-9.599925
72.79087	-9.561462
42.58348	-10.778897
43.085835	-9.632943
43.118847	-9.586649
45.64512	-11.750592
44.912083	-11.366221
44.91805	-11.705306
44.1181	-11.6716
46.007954	-10.804924
15.642565	26.77176
8.619558	68.635864
15.640177	26.771252
-34.942608	86.859825
-34.738506	86.892746
16.962742	85.099754
-34.788822	85.58278
-34.084602	86.2241
-33.645287	85.8278
-34.292023	85.39488
-33.868874	85.17184
16.020315	85.84312
15.888087	85.659836
15.572558	86.16643
15.073592	86.13391
14.725988	86.307014
-34.953068	84.07978
17.860666	37.26641
18.768328	37.27348
19.21061	37.259087
20.283337	37.43995
20.3879	37.46031
18.73647	34.08454
22.010899	34.48405
21.827665	34.167355
19.00493	33.902584
22.61329	34.250175
23.433125	34.174923
23.57656	34.702568
24.138186	34.372925
24.870716	34.544132
24.953281	34.955753
-39.637913	83.81185
-39.28443	83.91351
-38.691654	84.09954
-37.88738	84.265
-37.390858	84.49611
37.387196	1.2710295
-33.31487	88.87701
27.05294	83.63834
-33.42157	88.77669
25.561405	70.60483
25.30926	70.13415
25.093199	69.68822
24.570385	68.5482
24.39689	68.07874
24.557833	67.423874
24.645939	66.93686
-37.916172	87.73787
32.837067	54.953316
28.82661	-66.78056
28.527956	-66.69414
28.744081	-66.09775
28.732327	-66.122375
43.637424	1.0971117
29.119175	68.84792
29.069935	68.861824
-29.701841	-84.69486
-29.694565	-84.23789
40.761814	-64.77278
40.672413	-64.83594
34.44404	-41.765614
34.905323	-41.25904
34.50112	-41.42947
32.854504	54.91352
-1.8435701	-90.66047
35.8371	79.596924
36.92011	78.18045
-28.400776	-84.83083
-28.62808	-85.12576
-28.836262	-85.02394
25.461273	66.259995
70.21705	49.993668
-17.472046	-93.657364
-17.556639	-93.55718
-17.451586	-93.69349
70.5292	54.51203
