26.426931	-93.0162
-29.861776	12.132953
-29.908346	12.132652
-14.387559	-68.84343
-14.315476	-69.03104
-65.611855	1.479109
-65.61644	1.4772025
-33.225357	-86.36287
-33.429703	-86.34438
-33.8103	-86.30975
-3.7092764	-69.496956
-3.686446	-69.462234
-80.97714	-35.02254
-82.24653	-33.182224
-91.16689	-27.584885
-86.58714	-26.551723
-86.26762	-28.699154
-86.20624	-26.032251
-87.66816	-28.258583
-91.61741	-28.223448
-90.426575	-24.409992
-87.34565	-25.843258
-93.117035	1.1761305
-40.421307	-78.07286
30.997484	-91.454765
60.0401	70.26355
-58.28231	75.795876
59.848873	69.83016
-30.848747	4.113103
-32.526566	3.9532392
-31.103296	4.101146
-32.480404	3.9738214
-29.954332	18.380474
-29.696363	26.931126
-28.61632	23.4241
-29.88036	26.342356
-29.29076	25.956144
-29.980581	24.476084
-29.49591	25.112787
-26.58685	26.25043
-26.443127	27.547827
-26.22848	25.818924
-24.07389	-81.15574
-21.609934	16.992252
-32.61285	23.177164
-32.72144	23.327623
-33.32022	25.053694
-33.359634	24.932821
-34.421513	24.040918
6.0639033	-56.606827
67.04292	6.142623
-9.218928	-65.37446
-35.836372	-1.4806334
43.336994	-68.40241
45.7803	-73.19313
-2.3385923	-57.527767
-2.3449593	-57.54081
72.072815	30.45308
71.497505	30.430334
8.253182	-53.73056
60.77826	20.10493
69.98957	28.814857
62.726963	29.671358
-5.6669536	17.533068
-12.586616	-55.639687
71.921844	30.640392
21.40653	-54.644257
55.993874	21.17112
55.994186	21.171669
32.814064	-38.836662
32.443104	-38.859303
4.788384	-60.8416
8.749273	-61.954002
4.6029563	-60.75228
4.3015766	-59.92365
19.660793	-63.619293
70.55655	22.632597
2.8543887	-64.72567
-1.3251865	-66.88923
-2.1162937	-65.428955
-1.7773684	-67.47394
-15.1982565	6.855393
-15.152966	6.8409147
-3.019411	-63.25278
-12.284738	10.928697
11.878014	-70.7774
-18.945335	3.5751681
46.285954	-64.1137
57.46745	-69.423744
58.131252	-69.64169
57.78173	-69.321526
58.686745	-69.60094
44.2549	-65.4199
39.227898	-63.486595
18.465832	-73.393036
43.178223	-68.331
-60.449104	65.43837
-13.090858	26.013308
-10.608616	66.94494
-22.818102	-77.12069
10.082099	62.812836
-34.33046	-60.822342
-32.060757	19.586252
-32.37782	22.184254
-18.03207	23.05897
-26.706806	17.90406
-34.43511	-61.20661
-26.046553	18.17768
-17.467487	19.482819
-15.379699	22.498077
31.027039	46.53429
-35.16592	2.5006495
-35.7248	2.9940274
-36.045994	19.25925
-4.018375	57.702007
-3.7299252	58.21106
-3.6396778	58.43735
-24.628368	14.865652
-15.488851	32.440983
-38.11351	-51.462822
-24.592113	17.284376
-39.272537	-56.384487
20.786148	-63.36103
44.791622	-56.45155
20.424412	-63.261368
44.35418	-56.30259
21.998755	-63.755817
77.602875	48.22059
21.858345	-63.725086
77.70089	48.722485
46.082943	-53.669575
45.456165	-53.907864
45.41618	-55.582676
45.45024	-53.905087
45.21073	-55.8497
69.25574	6.0049467
69.15412	6.251499
69.42957	7.325607
-4.907546	-8.720946
20.18184	-62.051353
-6.401807	-9.855539
1.4429908	-68.89248
7.8181443	-53.386063
5.167163	-69.79811
7.093287	-63.48356
7.490907	-66.70365
33.34746	-61.04095
33.675404	-63.617256
33.504414	-63.66539
-62.94779	64.96337
-62.85432	64.26403
17.06122	64.16588
16.372242	63.9906
16.003162	63.723606
-68.05444	68.9256
10.844089	47.151268
-67.31852	68.52438
-67.18823	68.33035
-33.933556	-74.894394
-16.50301	64.83213
-35.5161	-75.31691
-13.01803	-5.9691815
-13.018603	-5.974319
-9.384707	10.715822
-10.19246	10.5440035
-28.844587	-89.096436
-28.449905	-88.81762
15.539024	71.38944
-15.099882	62.616615
-15.283082	62.509453
-19.049568	28.942024
-20.104755	22.997213
-25.35072	-81.06663
-19.704582	19.213001
-5.2473187	64.59025
-19.360355	18.652094
-21.785799	17.568043
-38.03201	-54.010944
-30.43737	15.902128
-37.628853	13.58297
-20.536957	-77.10098
22.27248	-54.168213
61.761562	14.422501
55.6678	21.619757
21.407427	-54.647064
39.435287	-53.01774
67.49561	25.381243
39.49775	-53.030228
69.8727	32.24312
68.98709	31.772995
69.53738	31.42002
40.323772	-53.99157
66.88569	26.134302
-24.248526	-85.81456
-24.550037	-84.300995
15.143446	69.796844
13.1740465	70.988
13.66432	68.38783
13.185133	71.04519
14.864497	69.37976
-24.932049	-84.23664
-26.086737	-84.14076
-32.90179	-78.72309
-40.368927	-77.80223
-30.838776	-71.24325
36.08019	59.999058
-13.332619	20.759743
-32.15322	-78.64391
-30.10314	-81.0064
35.542446	57.04341
-29.999329	-81.97225
-29.969233	-81.94961
-18.47942	-81.96585
-25.09584	-77.378654
-19.93587	-81.87756
36.53631	58.50464
-20.957352	-79.47113
34.71143	58.843983
35.253994	58.178936
36.55207	58.50564
-26.9271	-77.27106
-26.983057	-78.08914
-27.39348	-78.07759
-20.910992	-83.04414
-32.111565	-80.52881
-27.534409	-83.13842
-32.178555	-80.474724
-27.49415	-82.85176
-27.493864	-82.85204
-30.319242	-79.9388
14.552962	68.16002
15.035504	67.84722
54.376247	62.840675
29.585846	-92.79332
60.823837	69.19451
-26.540792	-87.77043
16.123743	69.94167
-24.832012	-88.5441
48.42028	63.233475
-17.303305	18.051138
-29.385643	-74.133125
66.669624	11.537815
66.53721	11.197238
71.65977	45.42446
70.49123	43.25914
5.228594	-77.608955
4.083536	-77.84453
-55.40268	76.464386
-56.01547	76.24047
-35.571323	8.726158
-35.29761	8.634094
-41.63799	3.8786812
-34.453518	8.142257
-33.06295	-51.16036
-61.521027	64.28401
-62.167492	63.725666
-61.501698	63.0526
-61.72633	63.363495
-1.8633802	67.13616
49.80712	22.524027
-30.1224	-72.444534
-29.605751	-73.64961
32.553436	56.29685
-29.225344	-76.618515
12.228889	45.098946
11.585944	46.419476
-18.988733	-83.3022
-26.17065	-81.15826
-27.871	-87.04849
-26.907656	-80.42276
-27.863308	-86.64622
18.383291	64.59311
14.056276	66.780106
-18.867714	59.21839
-20.853195	21.78682
-25.026957	25.376617
23.221277	47.35029
27.827047	50.956802
30.809504	54.921474
39.89118	-70.339516
45.267292	-74.59025
64.133	41.368614
64.07381	41.362812
46.131268	-74.8845
38.336254	-70.41179
8.598854	-74.67034
2.770296	-70.26579
8.051674	-74.15483
-9.837546	5.5396705
-9.401341	5.2795
71.63484	60.735584
71.424416	61.524067
46.950573	-73.59359
46.835	-74.13193
68.76754	57.155266
68.88349	60.24209
67.07374	47.86985
-63.323017	81.76911
42.37598	-74.24416
-62.73777	81.73548
42.37407	-74.24014
53.89049	59.41682
17.499748	-75.58765
43.660305	-76.69259
41.581398	-70.34265
46.03654	-74.38627
70.616165	43.245502
41.505924	-71.06898
43.98281	-73.82472
67.37469	47.222046
44.358765	-72.34259
72.054	61.96448
44.25266	-72.88416
72.28031	61.581867
44.778023	-66.06021
43.425144	-71.36325
7.6085505	-74.14926
17.147682	-77.40387
17.147692	-77.404335
-12.904974	8.028299
17.751898	-74.85613
69.16628	60.592056
70.59757	61.715084
70.067474	56.80213
69.43277	58.345043
69.5655	58.095173
67.7524	48.493137
17.751905	-74.85612
18.307697	-75.68264
70.269135	59.61867
13.32626	-69.130455
62.999767	47.297043
63.009674	47.22063
63.49194	66.41028
64.10418	66.52015
62.913956	65.12557
63.28296	65.78534
15.822729	-74.34439
38.43647	-75.17543
65.85579	60.119564
65.86035	59.690533
37.54073	-74.72344
42.96048	-76.22911
66.21031	58.15252
42.32419	-75.77329
66.49762	63.62312
66.56939	63.8937
65.06648	48.40952
36.195946	-73.233315
-13.32725	6.1229553
31.962053	-71.007195
-20.588106	-79.92119
3.1980834	-77.430305
2.0112863	-76.2023
52.392235	56.879726
52.408592	56.79952
31.809381	-86.96095
64.00024	64.92709
64.442375	65.53706
32.24607	-71.12868
63.372948	62.718586
31.818947	-86.96968
39.022205	59.213394
58.591854	54.866405
36.219707	-72.17734
32.51336	-69.05013
36.14755	-67.70142
35.588684	-72.04736
32.760796	-69.35326
39.032627	-67.613266
4.3425364	-50.260292
7.296277	-52.51508
39.001366	-67.597404
65.44571	40.54352
7.0830507	-52.636734
-64.499275	71.73033
34.00114	57.87375
-33.8087	-58.31882
-23.588644	5.534794
-26.902895	12.127431
38.153126	-63.84006
67.5586	56.030895
6.1110196	-67.43404
6.1938815	-68.095795
38.079662	-63.892056
6.0383196	-68.019775
44.960236	-66.46807
69.608894	45.405396
1.9743066	-55.966373
77.47929	49.76727
1.9704916	-55.93439
77.93313	50.010777
77.97705	50.06795
-0.60244155	-55.712215
-0.6693313	-55.713806
46.561394	-70.87466
45.92914	-68.253456
44.95347	-69.71788
46.752563	-70.733925
15.068717	-66.886406
68.412025	47.810898
68.253494	45.665474
15.000369	-66.84372
-10.003037	9.046121
39.23922	58.785458
-59.851692	80.77473
-63.459164	80.43069
65.13275	62.812798
-63.643745	78.96485
-63.452145	80.4575
62.50968	39.274105
7.4511137	-70.90059
61.388805	40.86647
61.50632	40.577198
42.667988	-56.33505
61.655643	10.747692
-31.248121	-69.62959
-60.38554	65.6249
-14.145913	18.53291
-31.155872	-69.66083
30.321487	56.473934
-13.629281	18.4078
31.569395	56.17488
-2.283661	-52.568375
0.74117863	-54.97831
-2.044015	-52.850327
-1.6461139	-53.164738
-5.2201905	-8.95742
-5.3794527	-9.076873
-5.0123067	-50.39064
-4.9771347	-50.417404
12.763706	-66.11702
67.33428	45.456127
-60.151657	82.60786
67.60245	54.343906
67.04804	54.400677
67.35097	54.027637
12.690292	-62.182285
12.050647	-68.88492
40.356968	55.696846
12.684673	-61.974777
-17.27482	17.945911
41.034718	57.501293
40.97837	57.65322
40.438824	57.13319
-10.899218	-73.4309
0.85596067	-66.60674
8.155266	-62.663494
9.9467125	-62.25536
16.641344	68.411964
-57.766712	75.41827
16.225729	67.96046
-20.787865	16.054447
-19.442049	30.06057
-10.159786	5.9118648
-62.367966	82.65091
-62.611153	82.91973
-62.963264	82.862595
73.143074	44.273327
45.25571	-68.71318
72.70772	47.532295
73.45683	43.35564
73.447655	43.70415
46.057377	-68.96246
72.691055	47.63191
15.225361	-65.84192
67.242966	45.877197
28.628784	-67.22313
28.671711	-67.192924
-11.330177	5.63312
15.086559	-72.90772
-63.923664	78.41224
5.321317	-67.16989
7.0244455	-71.00079
65.706665	47.80247
-12.166092	20.314795
-12.361034	21.223003
-12.846175	24.907087
-12.216529	20.616499
-17.783228	21.003777
-17.960796	21.175884
-60.833168	89.29168
-60.74221	88.79371
-60.9332	89.13126
-60.953938	88.57023
65.49368	9.910315
65.862404	9.969791
42.9317	-55.946808
-60.77985	87.35097
-32.34767	-67.19739
-29.393497	-75.339294
-12.672992	22.663591
-19.337736	20.6922
-19.93593	20.568605
-28.892185	-77.47714
9.116877	62.871704
7.277152	-73.4763
12.760554	-70.160034
14.493509	-72.073395
5.743605	-69.99758
-9.831148	8.571492
12.750965	-71.53329
12.949572	-71.438576
13.342629	-70.82497
10.241252	-57.651134
66.505714	26.532534
2.626224	-71.98685
1.9249711	-73.40842
39.872868	-70.03938
66.86115	55.263218
38.889748	-69.80938
35.82274	-67.601585
64.87102	36.286415
63.866337	45.855488
36.369377	-70.87642
-10.832793	-63.301327
-10.421849	-64.85115
-10.151561	-65.89034
-10.88554	-64.21108
-10.127935	-66.23444
-35.502216	13.787334
-27.917974	13.600358
-28.300653	13.894047
-38.042706	-54.02053
-33.465206	15.218602
-31.152128	-51.070663
-34.345116	15.791125
-35.07644	15.888622
-27.056293	15.897966
-26.08302	15.558066
-20.659306	20.339748
-25.85542	15.159652
-37.588688	13.642101
-31.669134	16.524626
-36.409115	15.073254
-36.852013	14.254006
-36.426407	15.520249
-30.79176	15.963788
-31.66562	16.513563
3.799793	-72.64249
-65.09619	65.00729
11.502752	67.4462
10.948916	66.276436
-65.73143	65.507065
-65.08867	65.90574
-64.98137	64.9836
-19.691706	26.14272
10.819463	68.616066
10.454668	67.22534
-21.98455	24.839304
-66.950294	64.095726
-67.02135	64.13026
-21.65068	23.901953
-21.986574	25.143541
73.09719	39.576836
72.5962	39.275867
72.39389	39.261166
-60.94507	84.05978
-60.957928	84.34023
-60.568813	83.955986
11.481955	-57.555878
73.98838	41.24569
11.49814	-56.822777
11.559896	-57.03513
10.61384	-60.250816
61.40012	8.765466
61.50488	9.581822
61.427795	8.917824
-0.050078828	-65.759766
2.9290895	-64.64002
-1.6746469	-66.80252
-0.46885407	-66.12041
-14.594616	8.142753
-3.8892	-65.12464
-3.4599955	-64.75815
-3.5839498	-65.56724
-6.34384	-71.399605
10.794053	-64.9913
9.526161	-49.608433
-59.824116	82.13445
-9.209277	-72.85366
-10.747595	-72.91141
-9.28498	-73.444824
-9.465646	-73.47029
-13.539197	-70.860115
-19.454533	24.749739
16.709793	60.673985
2.7209308	-69.89787
7.433702	-67.12581
67.611084	43.91227
-13.237314	8.863209
12.50882	-65.79045
31.96944	-66.79527
-12.123397	9.308619
-12.53996	9.540562
-12.080165	9.777654
0.7319547	-73.82126
0.56127226	-73.84754
-6.8968215	-10.18312
-14.839421	10.194276
60.465626	71.09884
61.037262	69.98499
-32.676537	-81.981384
27.92322	-92.26395
27.744965	-92.55517
28.901583	-92.38652
61.695377	70.08381
61.465923	70.49121
28.764612	-93.16606
29.323975	-91.805954
29.822327	-91.92571
-28.285074	-72.49448
-17.817537	22.535563
21.571136	54.33164
21.295706	53.650673
21.460955	54.044994
21.016811	54.236652
-62.333252	5.381866
-18.241776	-0.6635993
-18.231512	-0.65273196
-17.77697	0.58513546
-17.773249	0.52307725
35.11954	-71.431984
62.062344	46.156464
-17.891783	1.2700231
-4.470605	-50.780437
-17.9492	2.8131688
30.307154	-65.97288
37.190353	-70.40896
0.67696524	-70.375
64.38128	40.38114
-12.639029	-64.5685
-93.0207	1.8594594
-92.969536	2.1783206
-82.77996	-34.184044
-82.46284	-33.890484
26.187904	51.531387
-81.62589	-34.448967
-82.170586	-33.5002
-90.84951	-27.794909
-85.59342	-25.464128
-86.008835	-27.283087
-86.17512	-28.690609
-91.526245	-28.324389
-87.24357	-29.387445
-87.804306	-28.443434
-86.822685	-29.603195
-90.51537	-26.258871
-93.131584	1.1034223
-88.21846	-25.847971
-90.422485	-24.452463
-86.85563	-24.97835
-11.314217	-89.578835
-11.316325	-89.56824
-58.7555	74.738914
-11.791422	4.5844893
59.82468	65.34466
23.728987	41.79727
22.37802	41.969204
19.552294	62.89845
53.296658	62.87968
-16.269655	-68.110596
-21.72082	-77.284
-22.376173	-80.75484
27.548918	39.117584
30.201397	39.125195
42.91662	56.421013
52.372246	57.840775
32.240616	47.344624
55.640434	64.33542
61.443153	66.46735
69.00146	54.966545
68.970764	56.18354
32.194054	-67.100716
32.432144	54.514687
32.707092	55.15036
36.426792	56.177013
33.14035	57.165565
-32.45232	-75.52325
-32.373363	-75.61665
13.604469	67.418915
-66.89897	66.82925
-17.496027	-78.86651
-18.120012	-81.01731
-16.412336	27.817837
-16.410332	27.691599
10.61694	-62.179256
63.209927	45.459248
-35.419697	0.47503978
-36.420624	3.472765
-35.220436	0.3866728
-34.549213	-0.8148079
-34.62086	-0.84616345
57.209797	59.38478
58.240414	60.1007
61.83964	63.19412
57.088642	59.28863
-61.790165	78.789375
-56.74223	76.72457
-56.98502	77.0678
-56.526474	77.05921
-20.70473	-77.59031
-28.536112	-83.56979
-10.369883	11.884246
38.151688	59.70383
26.637014	34.279636
34.109142	55.859447
-58.252266	77.38642
-19.501059	14.985784
16.689129	-74.20265
68.1182	58.941914
37.03088	-72.21269
18.203272	-77.07483
63.913094	63.711666
32.38903	-90.46695
32.385166	-90.45473
30.767593	-89.44264
49.193905	63.507935
31.754839	-90.73418
49.420456	63.60629
57.88371	56.602283
57.07475	56.53151
56.891815	56.24165
56.504925	56.29017
54.369	60.583633
54.393982	61.11713
55.001762	59.99588
54.950436	61.218594
-62.26753	79.05119
54.689075	56.71896
-23.896332	-85.52553
-24.711163	-85.101616
-21.045061	-82.70873
-21.374557	-83.55926
-32.487278	-80.472145
-21.848145	-83.067276
-21.781765	-82.74945
45.992523	-28.989113
45.783596	-29.336555
45.710598	-29.453558
69.080986	36.113884
69.224686	36.20566
49.202827	-63.380142
49.202435	-63.38128
50.36046	-63.190063
83.114296	18.18775
81.40864	19.496758
80.74244	17.822119
29.972633	-24.127441
29.453478	-24.018095
40.462322	-66.070694
41.400513	-63.27424
41.400715	-63.27467
57.78613	-52.612858
56.351425	-65.371124
55.95791	-63.11199
58.004314	-53.71038
58.26955	-54.588158
57.703068	-52.8075
30.863762	-25.286661
30.373487	-25.244299
30.436012	-25.246595
50.724403	-67.376884
50.579174	-67.38444
53.04519	-65.880394
52.756763	-65.91238
54.328613	-68.35167
54.407543	-68.277664
55.62966	-67.01109
56.13129	-66.78785
60.901875	-67.40821
58.548733	-56.483242
58.964813	-56.26044
54.72392	-64.95753
58.2472	-57.646423
58.812065	-56.790836
59.498764	-56.93151
57.8617	-56.815098
56.238594	-65.275986
-35.36903	-35.63029
-34.52126	-35.766827
-35.72933	-36.83234
-35.64463	-36.379616
32.82185	-83.814995
32.607437	-83.76002
32.133194	-83.17454
32.605404	-82.66001
33.12305	-82.93419
47.4764	45.49958
47.41646	45.432537
25.500235	-35.20982
25.077015	-34.996532
25.33069	-34.587074
24.77905	-34.058308
25.025772	-33.967308
45.77895	31.657242
46.522793	31.465467
45.26418	31.782059
45.986782	44.580074
33.808594	-81.82542
63.935875	34.67038
63.52409	32.913094
62.683796	32.781036
31.659328	-44.02192
31.645655	-44.247524
31.572807	-43.630363
75.59492	22.715765
26.828957	-33.80053
78.0085	11.779403
75.012405	22.982697
63.265396	29.325287
75.67769	22.707056
77.96715	11.79455
27.135025	-30.164215
28.333616	38.819572
32.122505	41.913765
36.017345	39.316578
36.52731	39.32838
37.721188	38.353294
38.594196	38.161488
39.711727	37.268326
39.81066	36.946373
40.567238	35.24325
41.06737	34.3027
43.21654	31.089891
23.271263	-34.051563
-27.203806	-62.456528
26.881844	47.886005
38.187912	39.476036
38.992817	39.66258
46.5229	44.94505
-52.65322	80.07133
47.57137	32.88782
47.895424	33.250694
-52.69444	80.19697
-52.427677	80.4629
47.83855	33.65662
48.09704	42.507687
62.90376	33.586
61.541767	33.133434
61.180336	32.89947
31.081467	-42.25653
30.74779	-41.45134
56.54921	4.8079276
54.63577	5.0718603
54.979336	4.6066313
54.923813	3.5921514
21.171284	-27.534431
-15.197281	-58.630833
-15.379227	-57.66666
-16.510792	-53.621822
65.71832	15.197607
24.751999	-50.218647
50.69548	10.265439
54.202187	6.4367495
29.876945	-21.05383
29.91688	-22.104109
54.363914	5.4206305
-40.072254	-74.54056
-40.01349	-73.773315
-14.2616	67.90507
-19.600918	69.24062
-20.110678	68.74518
-42.981297	-68.2808
4.657201	54.298077
-1.1725155	45.71784
-49.180363	-65.303604
-19.683287	69.14325
-14.183568	67.977036
-51.774216	-65.42888
-6.4156995	59.75877
-5.1950073	63.730137
-6.528714	57.8345
-6.455897	57.464592
-51.79051	-65.43289
-51.664547	-66.35156
-47.918457	-64.10714
-1.1847862	48.08647
-6.355137	60.07498
-28.99009	-55.919106
-33.611134	-64.12967
-27.33654	-64.78538
-27.03177	-64.88362
-26.99025	-64.87589
-33.572227	-46.359325
63.64886	61.822437
41.73707	40.150063
41.013233	39.11187
34.12437	-41.864193
-66.91644	17.558815
-23.564135	-33.29259
-15.692623	-56.744423
-16.007462	-58.093838
24.18252	-51.831684
28.102337	-35.76685
20.891438	-28.68905
26.711126	-39.76707
0.09423969	-42.817757
-42.38632	-52.187267
-18.56311	-44.41615
-19.83985	-44.696987
-18.528725	-43.500443
-18.703943	-42.43207
-19.29532	-44.54085
-26.639736	-50.963642
-26.65245	-50.952282
-16.702133	-66.49896
-22.045507	-48.55121
-22.017134	-48.613304
-21.755514	-42.749386
-23.401869	-41.70669
-23.334507	-40.57959
-23.312054	-40.59863
-16.263773	-66.02518
-16.228014	-65.5404
-24.175037	-62.371044
-39.675114	-41.993595
-39.420147	-42.034283
-39.22726	-42.965645
-40.258495	-48.953022
-38.938435	-42.18368
-42.104137	-49.481686
-41.843258	-49.303406
-38.70391	-30.052896
-38.03377	-30.406355
-42.95273	-49.87131
-42.745083	-51.74647
24.88737	51.854626
25.038786	51.952896
25.184284	50.78641
15.007319	49.082024
14.9538355	49.059223
30.641188	6.9169927
-1.0775926	-36.129406
31.26779	5.233612
6.486196	31.476248
6.355836	31.580793
31.062479	6.6820483
-1.1232271	-36.135532
18.339859	53.222363
19.557413	54.069077
13.6002865	49.069607
6.8309445	37.023403
6.8287554	36.98189
-33.25511	20.004082
-33.66016	20.057514
-34.087547	20.207718
-5.7229877	67.57689
-34.708008	20.003681
-65.59635	74.5489
27.160976	46.482056
-66.24783	75.166916
-66.06368	75.26697
-67.51512	75.15335
-67.541115	75.26192
-19.433474	-35.35606
43.49686	30.232603
62.677757	30.76536
25.287638	45.88051
25.333471	46.11925
-31.971575	-41.309032
30.501478	48.537098
-32.117893	-41.65636
-31.666586	-42.580166
-32.04034	-42.35188
-31.167427	-43.900055
28.274036	-1.7516811
28.34036	-1.7035671
4.100835	29.74306
19.509377	-35.51522
30.954737	4.694974
31.239916	4.03054
4.0791163	29.595573
19.288002	-35.478092
-39.2193	-74.591095
17.516386	63.462147
16.537323	63.03324
14.328692	60.761204
13.800817	60.511395
-41.045834	-68.13763
-41.38508	-68.83928
-40.979008	-69.25584
-40.863403	-68.297386
-41.593403	-68.59299
8.0408745	51.206505
7.770016	51.65142
-75.48755	68.087555
-75.765594	68.493454
5.5392876	32.851402
5.5462804	32.838264
-65.22099	67.73605
-65.29732	68.45658
-19.033218	19.892433
-64.65085	68.099915
-28.405418	35.703518
-28.463268	35.905457
-31.575119	38.39092
-30.879755	38.200478
-23.688955	49.24763
-23.70828	49.243427
-64.81532	68.703674
11.537068	61.793118
-29.414179	38.236794
-29.264744	38.19095
-42.85914	10.222587
-42.969917	10.308668
1.2303913	18.961006
-20.74328	-52.390705
15.563779	-32.75154
15.890383	-33.100174
-17.50071	-44.227306
3.3211155	27.779404
-17.816956	-45.83869
-20.765608	-52.383587
1.2797042	18.857935
-43.24449	10.491954
-15.02605	-55.954422
-13.650541	-55.85439
-13.518057	-55.841034
-4.549304	68.45223
-4.0865026	68.07304
-3.553121	68.6493
-8.8107	71.15588
-8.191745	70.99807
-2.1172893	44.501884
-2.539192	42.47587
-75.702065	67.064606
-2.4796286	45.10582
-4.3892074	31.340986
-3.8504865	31.605366
-4.492885	31.602983
-3.7233627	31.654655
-4.212517	67.37624
-3.4509819	69.36706
-3.9196267	66.48563
-4.645484	71.19727
-11.537239	70.08047
-4.671453	71.81414
-12.190847	70.25796
-3.5071068	40.068554
-5.8889036	43.7346
-37.9013	-61.26142
-5.8287363	43.104904
-5.76002	42.85916
-4.2244825	66.45543
-10.573639	65.91132
-1.1304005	72.29205
-1.8417778	72.413185
-1.5016276	71.67834
-1.9435248	71.64212
-2.17031	72.12034
2.4748523	53.413784
3.048354	53.0741
-3.9284573	47.78574
-3.182992	46.655
2.318584	53.870792
2.9817605	53.19167
-3.4640374	46.712605
-4.596393	43.802353
-1.9628497	63.990303
-1.3415614	64.511826
-1.1771606	64.14604
-39.505005	-75.12617
-8.778145	70.58825
-8.519647	70.421326
-31.84065	36.76055
-32.157665	37.091274
-33.494095	37.58104
-34.02508	37.062424
-32.835423	36.980762
-32.757652	36.530537
-4.0388293	61.96386
-38.635193	-73.7948
-38.34984	-74.14966
9.491545	65.80248
-39.629513	-59.736088
-39.59753	-59.70302
-51.70038	-63.497765
-51.555782	-63.486786
-22.238848	61.74807
-22.416164	61.677177
-49.44675	-60.388397
-49.636406	-63.508083
-50.06763	-63.6115
-35.075695	-77.94861
-35.352016	-77.972015
-35.062233	-57.96536
-48.96946	-59.00723
-27.980364	49.79158
-27.950718	49.79216
-24.073942	49.247425
-13.058119	26.502888
-35.069977	-57.947144
-36.905243	-32.47521
17.323685	49.17539
17.105825	49.24985
12.418943	60.336395
-39.581394	-69.08411
-76.0321	67.62038
-1.9932191	43.79194
12.411326	60.106743
-74.95028	68.704575
1.8560212	45.383152
1.8589214	44.520557
14.924989	51.405308
9.460833	65.029884
13.922222	50.3661
13.6581135	50.765663
18.665926	39.924366
12.060421	50.700603
12.046029	50.704468
11.097223	51.30551
-43.898872	-74.53166
-43.41217	-74.56463
-42.68435	-74.60513
-55.341602	-63.41988
5.255651	55.84802
5.184382	55.66792
31.656523	44.680504
31.332682	45.953804
26.179533	41.382824
32.784206	47.064896
19.932608	-29.603653
38.76595	31.628431
41.80771	5.432162
50.24052	5.0571756
-26.15917	-62.23471
-30.474081	-62.917084
59.002197	22.690176
58.146595	21.990553
59.981506	21.871784
65.630104	28.451345
68.204025	16.122196
68.153076	16.133774
78.28188	10.795231
31.959776	43.11432
31.162697	39.103767
31.913002	43.430782
32.31389	48.013947
-52.95714	81.40007
49.90131	46.90127
49.14752	41.124706
48.617504	41.064766
49.14125	40.53081
49.09359	39.979935
24.951908	-29.74559
49.137592	39.223694
24.684446	-30.195955
22.793781	-33.45767
42.830254	32.54999
42.95872	31.845858
26.671	39.670013
29.969492	36.62871
30.409761	39.860363
27.215504	49.020947
18.890818	61.72576
19.035318	61.708645
-66.60841	68.884224
14.406693	63.56206
6.3966365	52.007607
5.2161956	52.561085
2.400789	46.69546
2.4422114	46.34298
-0.0027854568	45.3299
0.1272967	44.94304
0.055992022	44.031525
-0.07601216	43.732452
-13.98286	65.33879
-17.814617	60.947464
-17.58947	61.355335
-11.77982	57.670723
-13.983572	65.38203
-12.137155	57.540897
-73.50151	62.852066
-74.628815	62.43542
-74.25036	63.870457
-75.962845	61.50383
-76.45657	61.583576
-75.534645	62.209347
-75.37242	62.85653
-75.17346	63.776638
-74.162636	63.856747
-0.39662725	63.939827
-5.799288	63.052612
-11.173751	65.19767
-6.135905	61.547287
-5.172262	62.475994
-20.461369	62.25372
-20.539907	62.396748
-14.871362	65.478615
-13.892911	66.531815
-20.46825	62.98781
-47.637302	-62.80678
-3.0534787	48.8162
2.3923457	51.9803
-2.969945	47.965347
-4.2593255	41.566223
-2.7000613	47.592205
-4.5146947	42.850094
-76.07572	65.832596
-76.073814	65.81144
-10.439656	59.041145
-10.208459	60.006195
-10.309689	59.262077
-9.501064	60.23732
-73.65183	61.449303
-72.74131	63.490654
-14.949775	56.26737
-13.429492	69.48524
-10.576084	50.239445
-11.552422	49.118233
-10.217509	50.057564
-11.630169	49.022877
-8.9135275	49.7632
-48.51731	-66.09453
-9.903378	46.031548
-9.746715	45.914955
-16.29933	56.750217
-68.92428	62.933777
-10.491216	56.18378
-7.588827	62.994923
-18.42745	59.415657
-15.702929	65.18199
-17.850601	56.74139
-17.943672	56.71006
-51.31241	5.278515
-50.486866	5.12295
-51.00552	5.4553795
1.0739759	8.138232
-40.420063	-25.692047
54.05937	23.389013
54.684666	23.193691
-16.66199	-54.921574
-16.635603	-54.89955
1.861597	17.938934
-17.338835	-53.42753
1.8588308	17.3801
1.8984765	16.764137
-47.585537	-1.5296726
-9.900588	22.109808
-10.268418	22.110191
-47.20611	-1.3941135
-36.40093	-33.762356
-42.7015	4.4732957
-42.939068	4.600888
-43.113693	4.4358897
-43.358288	5.1949043
-48.84318	-0.21553676
-48.866684	0.27861953
-47.421112	-0.4796821
-45.073734	2.8657472
-39.50731	-27.551739
-45.716457	2.654569
-39.89271	-27.287745
-45.692318	3.544035
3.6930594	9.570967
-44.839325	-51.070988
2.5823882	9.728073
1.8510137	11.111708
1.1577568	11.252894
0.79531103	11.384968
-47.787422	-1.0704839
-49.945194	0.8862213
-47.75423	-0.23947597
-44.70442	2.8861763
-39.927322	-27.639488
-45.798424	3.6594489
-40.24135	-27.536827
-44.836826	-51.06303
2.6437333	9.72997
2.5734398	11.657598
1.4290684	8.589075
2.7772713	12.975897
-72.54894	8.796548
-72.842094	9.306297
-72.83642	9.297252
-89.78239	5.7190475
-89.89016	5.8130207
-29.368143	-55.813515
-32.721237	-52.270535
-31.83742	-45.021816
25.994448	50.134235
-32.425396	-43.156
-31.503466	-44.429047
-32.13501	-35.53684
-32.570976	-35.647556
27.233421	-2.8487792
37.769325	32.619698
27.329643	-3.072938
27.296398	-3.3649397
-20.016224	-36.80808
-20.9082	-36.549053
-20.77938	-36.76443
22.766272	-36.375595
-20.486734	-35.77873
-21.033953	-35.7622
-22.209915	-35.356167
-22.153387	-35.079964
34.48048	-49.458256
66.94284	36.028
10.754578	47.277763
11.922994	45.768837
-5.864706	59.087395
-9.966981	55.937363
-47.35781	-61.26753
-47.86928	-61.02205
-21.971624	49.992466
-63.817696	32.9418
-65.02633	35.295845
-65.02399	35.296425
-63.673725	32.604443
-50.063408	-60.88022
-53.355896	-62.343224
-50.11209	-60.894085
-53.733147	-63.953228
4.8793955	34.140278
-53.74973	-64.65129
66.64534	36.04115
65.44611	36.224384
78.8894	19.9926
79.02634	19.884068
80.12013	18.775274
80.15022	18.25185
-10.5077715	-18.71569
-11.173888	-19.108078
-11.525617	-19.241295
-12.119334	-18.927372
-11.601288	-20.40097
3.025862	26.531326
32.67289	-62.63909
32.291157	-62.835606
67.638435	28.355627
67.4912	28.084253
30.120594	-35.989464
69.47595	21.58082
31.076332	-34.519463
79.2933	14.365053
30.371904	-33.381493
30.052662	-33.032326
32.710743	-61.403137
31.875973	-63.81772
49.504707	11.9691925
51.74794	14.275929
49.54877	13.54505
64.5363	28.780203
49.561543	11.562649
30.523151	-36.650814
31.86604	-33.374287
-68.06326	76.04457
52.07739	4.932662
51.14673	4.6241865
61.078026	15.00922
6.16882	-66.05639
58.241306	16.269262
66.45603	23.917345
70.31747	17.944271
70.03884	18.464893
69.92058	17.803091
69.79541	18.651325
47.39414	5.57718
48.772274	4.63016
47.517704	5.2948055
49.43312	3.3926585
57.935158	18.281034
58.516438	19.73157
57.89734	17.82775
57.987667	21.587555
53.097343	14.883878
52.63687	14.638399
83.30145	11.491063
82.86948	10.831996
83.752205	14.355746
84.535614	14.75625
84.08884	13.514777
85.38665	13.522495
84.3019	12.73429
49.141903	3.613013
59.772526	18.389896
67.701416	31.276386
60.871258	18.331959
63.572353	18.862268
61.905437	18.171144
64.10227	18.86195
31.512812	-38.681293
69.036156	22.339643
69.03889	22.338308
60.143776	-65.68002
30.602257	-39.828587
61.046703	-66.29207
60.90269	-66.5711
61.277344	-66.5357
85.10602	15.365315
85.4065	14.820623
85.66372	14.295385
56.01715	18.146471
55.77914	18.17588
60.99197	18.044847
68.75136	26.769817
72.79958	17.068886
67.6488	22.656622
73.9546	16.956972
74.00884	16.958359
35.337555	-31.417955
33.9299	-28.46837
35.199463	-31.375826
34.242043	-28.634972
35.274044	-33.879124
25.05389	42.61621
-27.664934	-63.175743
-28.491003	-62.84866
18.880604	39.899036
39.40919	-47.155735
-36.865158	-29.074917
-37.43324	-30.438461
-69.55281	-12.486241
-69.5745	-12.476892
-36.322742	-28.60814
-65.888695	34.851437
-26.18996	-42.503395
2.7165105	41.02994
32.459427	11.419698
1.287615	39.359932
18.885654	-29.630167
32.433567	11.403354
4.062731	42.37325
1.4214659	39.641148
14.972936	-35.773766
16.538197	-34.762512
25.43404	39.586147
20.443209	61.168793
20.570517	37.989594
-33.14667	-65.50293
44.943832	39.666443
34.247456	-81.23889
20.585443	37.990273
45.038734	39.700306
46.36351	42.28224
5.4632907	40.132874
4.2801304	40.885002
5.505652	40.024925
0.86941344	39.184315
-0.7364837	38.90339
-0.8617122	38.94141
3.135901	38.084297
48.684837	32.490414
23.84734	44.53533
23.330627	45.117264
22.431767	45.424137
-28.31247	-61.63706
-22.43649	-60.975517
-24.455055	-59.93163
16.863615	44.11301
-24.521938	-61.725098
25.250721	-31.118404
26.651941	-29.912054
24.83845	-31.477444
23.705547	-35.406834
23.586557	-35.50232
38.367157	32.410347
25.146	42.962696
26.857729	49.886993
32.3992	-48.705833
30.970703	48.224926
49.478794	42.463623
49.285465	42.529736
14.849373	-31.17874
46.495148	29.80734
14.882264	-31.16582
59.356247	23.980194
63.359875	33.799934
-33.431133	-1.9482629
-13.813236	-18.13183
82.80717	19.141798
54.883137	-68.584915
82.38484	19.102829
81.49808	17.326336
80.57294	15.835982
81.2505	16.521578
38.279896	-52.81551
59.374443	16.488312
70.102875	29.408201
57.352966	14.698485
57.586693	15.008384
56.89719	14.116803
55.532692	7.410564
55.06122	7.108361
29.570702	-39.999237
32.034504	-36.913364
32.206284	-36.902355
32.464085	-35.84347
27.42526	-39.794437
49.531425	2.759473
34.40779	-35.54762
-18.196194	-15.58244
-44.882774	8.461507
-44.901554	8.460868
-18.19134	-15.583254
-90.73782	9.405044
-30.971735	-45.800262
-32.223724	-52.038967
-37.06206	-50.346573
-37.212433	-50.520893
-30.156816	-45.626728
-33.534885	-63.482933
-20.851736	-44.983242
-14.902085	-66.19878
-20.898434	-43.361053
-25.599625	-42.34667
-20.91784	-44.55529
25.109924	-39.699245
-21.857044	-38.793526
-22.654432	-39.14939
-38.71013	-45.20841
-35.88566	-50.286694
-38.649014	-45.255558
-40.795742	-49.067566
-27.539833	-49.166203
-28.236849	38.262775
-43.81049	17.781368
-29.51634	-43.705593
-43.80774	17.789124
21.453127	45.386494
-32.78004	-54.22315
58.879906	1.4225131
-24.45466	-59.506718
58.60227	1.3486246
57.859245	1.1850396
74.64306	10.434572
75.351715	10.4371395
12.144489	21.041353
-60.605446	-27.30905
-46.996258	83.46124
-50.471584	-37.990257
12.635649	21.43059
-46.983105	83.426216
-60.64938	-27.416313
12.681595	21.71159
21.56002	26.286291
-36.291306	-7.2838125
-37.687088	-10.830882
-37.921852	-11.474513
-37.716778	-10.911917
-37.126057	-9.242297
-35.963825	-6.5951886
-36.010544	-6.689326
-53.54844	-33.176846
18.333319	-0.5130571
18.363218	-0.4861624
19.329369	0.30635196
-5.3533106	-41.98384
-5.3920727	-40.907253
-5.158392	-40.645477
-5.2877655	-41.139954
17.577606	6.1249332
17.707045	6.129833
16.951443	9.087202
-24.960768	-24.229937
17.055752	10.311299
17.090145	10.48675
30.141165	16.880949
-1.8795091	-39.563576
7.435273	12.010645
7.4409976	12.060267
6.4730806	10.669999
6.10479	10.866143
7.033897	10.145755
8.170579	4.364258
7.483278	7.666129
7.751418	7.453691
12.218509	-0.7096914
-54.063442	13.407201
-54.121246	14.245162
-54.111164	14.217796
-55.392227	14.880735
-53.88105	15.338779
9.486958	81.41844
9.901993	82.17806
8.993045	82.08558
9.630775	82.482574
9.278491	81.80754
6.961092	80.794395
-72.733475	57.143467
5.7804627	83.67186
5.935225	84.39509
5.3442464	84.61301
5.462584	84.12397
4.983613	83.833145
-74.30299	57.637142
-71.00176	56.522106
-70.753876	57.177067
-70.98742	56.914433
-71.78627	56.695206
7.650395	81.69392
-73.99433	56.514088
-73.32873	56.027092
-73.46311	55.9668
-63.03043	46.658466
-45.94883	30.102646
-63.211967	46.420494
-63.869118	46.66612
-63.7464	47.181633
-64.3057	47.413494
-64.40643	47.589592
-91.27116	17.63876
-91.89653	18.236044
-91.7742	17.77609
-92.52078	16.366425
-92.3396	16.996363
-91.37956	18.085955
3.5846999	-25.953985
3.5901518	-25.920315
1.3089336	-29.88454
2.7223434	-30.023619
2.7553844	-29.1017
2.4843025	-28.173588
1.9188927	-29.924023
2.419213	-28.20099
0.6758541	-27.966099
0.0169624	-28.215841
-3.1534588	-27.620323
-4.1909237	-27.196396
-5.595659	-27.793829
-2.8992465	-27.568567
-3.8070018	-27.501593
-5.482696	-27.851522
43.845886	10.736679
40.88265	7.595034
40.40961	7.1093283
39.939014	7.5308
40.735767	6.5788875
9.613196	19.556377
10.1771345	18.720772
12.064408	19.140894
23.486	24.886005
22.41358	25.582882
22.260736	25.694904
-2.8537698	-38.112698
-2.9213245	-37.730846
-3.7263455	-37.830524
-2.983056	-36.715355
-3.331297	-36.15524
-3.439239	-36.693485
38.401546	5.940163
38.654102	6.0523305
37.831512	5.5627956
-54.261555	-31.813204
11.401588	18.494362
-53.857346	-32.3129
-44.057602	-23.337332
-43.685356	-22.36038
-4.0450115	-23.137545
-4.887	-23.603188
-4.0500107	-23.384117
8.460967	2.983379
8.49079	3.0943015
9.204929	4.2365155
8.689428	4.58453
17.42064	-35.731537
-9.39155	-28.597483
-9.474472	-27.951178
-9.451537	-27.709911
9.13283	6.300443
-9.273017	-29.178326
8.442785	13.126586
11.363665	0.23057938
11.232248	0.39989933
10.88581	0.9055782
10.739558	1.1789583
-1.7832583	-24.672407
-2.300034	-24.972208
-2.288058	-24.971237
-88.92714	8.345601
-87.17631	5.697542
-86.693535	5.2490873
-86.4787	6.0210505
-86.96484	6.7652082
-87.99625	7.5967064
-88.1646	7.404084
-87.52282	6.9682875
66.46008	6.354106
-47.997055	36.076942
-47.86623	36.19577
-48.41342	35.08299
-51.03918	36.540253
-50.92716	36.519997
-50.134373	35.860203
-51.36512	36.395226
-91.22687	13.044423
-91.129	12.728302
-90.95359	12.464118
-90.1642	12.398964
-75.69535	26.591003
-89.67519	12.196871
-76.332634	26.245682
-76.141075	26.335526
-88.93267	15.967578
-88.3202	16.457233
-88.008965	16.34653
-89.03018	15.941242
-47.738018	33.6656
-47.87347	33.77574
-47.48299	33.042557
-20.731476	34.02665
-19.849936	31.769884
-19.822935	31.718634
-20.648928	34.136032
-21.179258	33.932003
-47.86744	32.161087
-47.02541	30.774815
-48.944153	30.029701
-49.50908	29.82519
-52.272335	31.869541
-52.68139	32.564297
-71.23329	-12.695365
-71.61364	-12.366734
-71.07945	-12.271849
-71.5186	-12.022178
-71.19522	-11.771091
10.702828	-58.13421
16.400463	22.153906
16.406637	22.170748
84.760056	2.2680056
84.26012	2.0849996
85.16945	1.846086
84.64681	1.0808665
83.78848	1.2949251
84.08807	0.4300295
84.47353	-0.4768525
83.726425	-0.42899537
83.13518	-0.27629644
83.708244	-1.09647
82.7947	-0.9296296
82.4022	0.6472152
40.641052	-34.405838
82.14549	0.17819858
40.641792	-34.38407
40.755367	-34.650513
44.292084	-8.74892
44.469326	-7.2676277
44.398895	-7.6058526
44.193142	-8.601281
43.89761	-9.02639
15.854981	18.692076
34.837605	-48.197433
34.73289	-48.622936
-24.979502	-25.150967
-23.409966	-25.673162
-47.326843	-40.031853
-46.27468	-40.754375
-46.609352	-39.61993
-47.47549	-39.346954
-48.48473	-38.114895
-46.831425	-39.201313
-46.442078	-38.721764
-46.687122	-37.915287
-47.900402	-37.103764
-47.85217	-36.691822
-48.698612	-36.815876
-49.12577	-37.142178
-46.333206	-36.673462
-45.722176	-37.333126
-22.9478	-29.80987
-22.05019	-26.881823
-23.249588	-28.847305
-20.07826	-26.567652
-25.14376	-26.689503
-24.753317	-26.627077
-24.381584	-26.96462
-24.440313	-28.47643
-24.50235	-28.895231
-25.123293	-28.004185
3.5997477	-45.399902
3.9113328	-45.88768
2.7294843	-43.67729
2.5877855	-41.769188
2.4023898	-42.53494
2.8932579	-42.038803
2.349812	-42.101875
38.82129	15.265368
39.4843	15.184671
38.13435	15.183344
38.458664	14.290908
37.810696	14.654438
39.067604	14.5123625
29.949156	-0.72249013
36.828747	14.630765
4.046289	-38.04211
4.0408645	-37.99748
4.093165	-38.007385
-14.314114	-30.457748
-14.377886	-30.339102
-15.322242	-28.832115
-15.51044	-28.706244
-17.341352	-27.83143
-19.249702	-26.615967
-19.60295	-25.72089
-18.469141	-25.544971
-18.907219	-28.052834
-18.530891	-26.603926
-18.156702	-25.462303
-66.02746	18.049715
-38.550587	-19.730553
-38.44083	-19.72002
-65.92268	18.11233
35.822758	-47.037155
36.7114	-45.198704
36.782932	-45.04317
48.04414	14.94771
47.95276	14.9829645
39.313686	-41.354916
39.48931	-41.01563
38.772976	-41.19741
38.74236	-40.891342
38.529133	-39.339375
38.590393	-39.32734
-10.608918	-23.271662
-10.586364	-23.047188
-8.601833	-24.80643
-9.274545	-24.720325
-10.290923	-25.433226
-8.843582	-25.505558
-7.5323906	-24.11078
-7.3280554	-23.948563
32.489277	-34.757793
-51.20746	17.316181
-51.253662	17.292048
-52.162197	16.672709
-82.81822	-0.2684539
-82.93535	-0.16791986
-84.12026	0.6591237
-84.14072	0.9790885
-84.41161	0.9482831
-84.69018	1.3352033
13.061345	16.410807
13.755448	17.393095
13.968815	17.492987
-54.321587	-30.133373
-53.475655	-30.45082
-54.1377	-29.847794
-54.523514	-29.365593
-53.489662	-29.747929
-52.939476	-29.822994
-26.414097	-5.462694
-26.565264	-5.5714655
-26.805792	-5.7591295
-27.490335	-6.2030544
-27.523056	-6.2276735
-26.928568	-28.543352
-27.028166	-28.580801
-42.43977	-19.057829
-42.12182	-20.175827
-41.944153	-19.787666
11.264832	19.902275
-61.779266	-34.010277
-61.62297	-33.291626
-61.31583	-33.077595
-63.277073	-33.339367
-62.06667	-32.423073
-62.042923	-31.706108
-62.445663	-31.443676
-62.913788	-31.476295
-62.969845	-32.343246
-49.402584	24.024733
-50.12303	23.889875
-50.484657	23.964626
-50.6878	23.85004
-73.78218	18.07385
-72.88454	16.244934
-73.18614	16.34968
-73.21612	18.186178
-73.12378	17.244078
-73.72816	17.09867
-72.73592	18.49667
-73.588165	19.048365
-74.673004	15.264419
-75.215614	15.200322
-44.748333	-20.455599
-75.25897	14.471231
-76.32807	13.494602
-76.2056	12.801936
-76.951324	12.460398
-90.08152	9.195223
-85.784676	7.2003226
-75.45534	12.467774
-74.96054	13.654263
-76.503006	13.890192
41.780544	15.131347
44.145138	14.784388
45.12889	14.396803
45.390064	13.879557
44.420918	14.017764
45.21929	13.338383
45.06472	13.184598
39.79483	11.797555
39.535126	11.83018
39.60634	10.962962
40.226475	10.759025
41.47856	9.969575
42.126556	9.048306
42.64353	9.264732
42.991943	8.72021
43.51298	23.875746
43.48543	24.421045
43.43324	25.014002
43.39716	25.31956
38.367687	8.612664
29.783737	35.514187
30.175123	35.47626
29.376842	35.603363
28.216536	34.2742
28.12987	34.053658
30.871845	34.156128
-60.278408	-40.31407
-59.494514	-39.8128
-59.84755	-40.305378
-60.293262	-39.35766
-60.899937	-39.671444
-60.86808	-38.314594
-60.880024	-38.667507
-59.526203	-37.924812
-49.17712	25.047106
-61.62182	-39.08817
-47.613495	30.338034
-48.202866	30.47758
-50.120895	31.400461
-50.51686	31.29041
-51.695496	30.074095
-53.00097	29.16409
-62.91731	-39.04133
-64.3311	29.075018
-64.676796	27.984547
-64.2544	27.575281
-64.159775	27.357576
-63.480415	28.553482
-63.66204	28.904135
-63.099472	30.243584
-62.04998	29.86289
-62.45721	30.497347
-62.19446	30.204597
-58.664284	29.688507
-58.472404	29.434696
-58.362774	29.262014
-61.294018	6.0525193
-61.257008	6.077058
-71.3996	25.35108
-71.46705	25.311617
-72.36122	24.801632
-72.39655	24.77355
-88.42229	18.849882
-75.652794	22.609812
-75.681854	22.47582
-74.562485	22.6651
-74.51484	22.575161
-89.598274	18.714386
-89.49418	18.641903
-76.22966	19.558065
-76.92584	20.48442
-76.494	19.563126
-76.73866	19.475254
-53.46885	28.269096
-53.109024	27.244879
-53.1064	27.19805
-56.617966	26.707678
-55.778988	26.884073
-55.864468	26.583181
-55.066803	26.582922
-56.55075	27.81389
-64.73592	18.80367
18.511856	29.304049
37.930927	61.66584
18.507309	29.306915
-50.474236	77.92189
-50.53777	77.69862
51.017048	70.63609
-49.210964	77.629326
-49.926186	76.97436
-49.562378	76.48869
-49.063084	77.11484
-48.874435	76.654
50.44864	71.70592
50.2277	71.57068
50.15457	72.19099
49.65064	72.33138
49.398758	72.63704
-47.685825	77.656166
26.70835	30.49933
26.795782	29.622509
26.762535	29.141409
27.462803	28.36072
27.549322	28.304176
30.768389	29.682644
30.458668	26.419428
30.141003	26.29039
30.895432	29.350449
30.837	25.881079
31.408192	25.265121
31.847908	25.594639
32.127052	24.998861
32.83431	24.718985
33.227146	24.973255
-46.96045	82.2552
-47.127598	81.926285
-47.404964	81.36156
-47.66974	80.58764
-47.96235	80.11064
18.806875	5.9414144
-52.54212	76.23741
59.732494	65.08677
-52.44178	76.36901
51.933907	54.07069
51.453167	53.82142
51.007076	53.577408
49.886196	52.96227
49.45362	52.682728
49.141262	52.080017
48.87776	51.66155
-51.24014	80.84976
36.816936	24.956701
-28.953045	-19.188944
-28.951715	-19.533775
-28.308256	-19.468618
-28.32934	-19.465572
17.903118	11.540824
53.888275	50.81568
53.857826	50.855225
32.646385	-52.730255
32.213875	-52.61373
-61.785183	-29.792395
-61.766315	-29.68005
-43.28367	-21.546553
-43.60642	-21.133154
-43.248943	-21.272781
36.887875	24.94604
25.95424	-28.95501
65.40089	57.410854
65.573616	55.650257
33.25341	-51.561302
33.452885	-51.878746
33.275433	-52.044323
48.986233	50.5993
79.06385	17.503279
43.170326	-37.54678
43.075573	-37.692818
43.20579	-37.513737
78.35595	9.975784
