-94.93365	26.352474
19.50935	-26.252182
19.479105	-26.269909
-58.9595	-12.93302
-59.09071	-12.792985
22.794281	-62.93386
22.79823	-62.941116
-85.79091	-34.992085
-85.970856	-34.88627
-86.31432	-34.666325
-64.417046	0.25352308
-64.3807	0.2768217
-56.37975	-62.489727
-55.214554	-64.44205
-49.34358	-72.3077
-54.048935	-72.71909
-54.075836	-70.52965
-54.500603	-73.1874
-52.755306	-71.191734
-48.781284	-71.75277
-50.434364	-75.32672
-53.389442	-73.54123
22.0072	-75.52524
-80.217735	-19.00638
-93.37263	30.963848
72.49324	63.876972
-22.581648	-100.31396
72.154526	63.57309
7.4759088	-42.1202
8.767473	-40.940136
7.680532	-41.930428
8.743165	-40.97696
24.851973	-31.760313
32.617558	-32.62091
29.73301	-30.790527
32.0056	-32.69617
31.772486	-32.034607
30.149124	-32.52244
30.909348	-32.101868
33.255882	-29.262861
34.46945	-29.616302
33.07922	-28.731344
-76.25885	-33.824215
27.376549	-23.258245
28.087372	-34.870556
28.21984	-35.004265
29.83443	-35.854267
29.709402	-35.87461
28.622488	-36.80312
-55.247322	19.451052
18.647957	68.568924
-55.139378	-9.088058
6.637078	-36.50867
-68.7517	42.14586
-73.209206	45.359344
-56.3131	10.11452
-56.32905	10.108964
32.201138	74.05176
32.25695	73.46265
-44.928238	14.990579
20.702143	59.340984
30.74961	71.825424
32.73717	63.355625
34.06468	-19.563633
-48.476257	-12.361609
32.437656	73.91081
24.258486	56.463375
24.258686	56.463493
-58.50065	-3.200956
-68.35879	10.422772
-58.41474	-3.2699945
-57.510498	-3.4347432
-55.870975	23.6174
25.083424	72.85823
-60.103783	6.883872
-61.84538	2.8028812
-60.41571	1.9177263
-62.400875	2.3367302
20.412462	-13.04404
20.41908	-12.990394
-43.708675	16.104704
-41.77647	20.54278
-41.803776	20.467775
-58.27559	1.0421423
25.334911	-11.458665
-72.976585	14.03388
15.276853	-17.004684
-68.937256	56.18535
-69.14417	56.862705
-68.79836	56.511665
-69.08994	57.429314
-65.54979	42.76599
-64.78975	37.190765
-77.369255	19.11672
-68.70496	41.97353
-5.441529	-86.337395
37.791897	-15.487065
68.15968	-14.496146
-72.63123	-32.91332
66.22541	20.694834
-59.759415	-29.678944
24.763191	-33.714024
27.143826	-34.429222
33.159252	-20.77709
25.55353	-28.491034
-59.806107	-29.383976
25.99756	-27.9471
29.239769	-18.302916
30.01782	-15.153937
49.00092	31.398954
9.937702	-37.853203
10.705847	-37.727802
23.167274	-37.395912
62.448563	-20.585314
62.597065	-20.01679
62.622005	-19.741064
23.518673	-25.666883
70.87612	46.424862
-46.025154	-33.517525
25.681824	-26.251438
-50.72832	-35.522743
-56.942684	23.75553
-57.20788	34.838737
-56.649662	23.496412
-56.82433	35.092728
-58.239956	23.968689
49.745026	79.81668
-58.08974	23.95418
50.25327	79.92351
-55.734627	32.079777
-55.567165	32.721405
-56.839027	33.81398
-55.562286	32.72311
-56.941147	34.13687
20.553568	71.373665
-48.646793	-0.3788655
-50.04307	0.90887415
-63.629932	5.8088207
-45.34381	14.355645
-63.334286	10.227151
-66.78829	8.514146
-61.870613	13.763305
-62.95521	30.660343
-65.47974	31.541477
-65.55138	31.371101
-46.77058	9.667917
-7.205809	-88.717575
-7.2975273	-88.13691
67.19236	27.13743
67.97117	27.025244
68.31633	26.884792
-6.7973523	-95.09561
54.50616	13.373457
-6.863601	-94.25714
-6.7727304	-94.02447
-72.7915	-23.445295
69.56203	-18.418041
-74.68495	-22.233955
2.3217196	-15.743319
2.317303	-15.743808
26.395166	-8.982635
25.935753	-9.680411
-84.74906	-30.644411
-84.36352	-31.020168
74.540245	27.755013
67.50525	-18.560402
67.61026	-18.768417
56.820786	-14.731724
31.14892	-22.810823
-76.47987	-32.615616
29.08584	-20.743546
62.94599	-13.388561
28.751837	-19.994125
27.853329	-23.50946
-37.073196	-2.5502493
-48.457233	-34.70985
22.465168	-31.141636
-37.121513	-4.315021
15.501792	-31.608788
-71.36112	-34.639675
24.714535	56.151287
33.750175	71.00887
28.713291	68.500435
-80.17808	-35.481003
-79.415375	-34.481323
75.07101	25.424147
77.29228	25.689493
73.0462	25.205698
77.312706	25.723513
74.47896	25.947264
-79.48888	-34.10457
-79.804276	-32.999645
-76.12562	-24.942453
-79.9337	-18.96281
-67.570564	-29.426918
61.067196	39.704662
32.59889	-14.370598
-75.871994	-25.720428
-78.58173	-27.782106
57.979572	39.55035
-79.64993	-27.883295
-79.57359	-27.902174
-74.23913	-39.000687
-72.23706	-30.848698
-75.008446	-37.71814
59.62777	40.348904
-73.47677	-35.64549
59.651096	38.46774
59.06425	39.116528
59.630173	40.367474
-73.61935	-30.131065
-74.264046	-29.98882
-74.31763	-29.632786
-76.30398	-37.1552
-77.75822	-25.975588
-79.013756	-31.293575
-77.70416	-25.906023
-78.67277	-31.213453
-78.67701	-31.21758
-77.251274	-27.768795
73.57306	24.737507
73.68316	24.196632
64.862305	54.39633
-94.732796	29.541903
71.16032	64.29606
-82.696075	-29.232065
75.38463	26.306007
-81.71756	-27.743444
70.461555	47.25119
27.857777	-18.020935
-70.115585	-27.215313
23.188488	65.989006
22.843962	66.104515
47.17543	73.77829
45.067383	72.61318
-76.35363	5.121498
-20.314219	-101.840065
-19.977596	-101.17743
17.025692	-38.508945
16.82843	-38.315517
14.792684	-43.60076
15.968299	-37.754856
-43.463394	-26.764668
-6.9741354	-86.9579
-7.7977033	-87.38293
-8.081029	-86.454636
-7.884307	-86.80128
63.75168	-8.547452
-68.31547	-27.900364
-69.63316	-27.127398
56.70324	36.679504
-72.75179	-27.801687
52.25474	14.48127
53.656803	13.984883
-75.701096	-39.245872
-76.743225	-31.85804
-82.482956	-30.608719
-76.30961	-30.919113
-82.09407	-30.807047
66.92712	29.011
71.79423	25.138462
36.639336	-31.985731
29.990808	-22.234173
33.373734	-27.438383
47.355076	27.854511
54.486675	29.297905
55.150757	35.023155
-71.221985	39.06425
-74.686424	45.03601
43.52048	64.997475
43.5157	64.932785
-74.860985	45.942154
-71.489136	37.54261
-77.3842	9.512146
-64.447624	7.279412
-76.6853	9.400489
21.288845	-7.649434
21.208866	-7.1459975
62.12274	74.1422
62.932487	73.977615
-73.440254	46.580296
-74.01203	46.545036
58.718166	71.02883
61.79343	71.33919
49.69026	69.17036
-21.384758	-92.54285
-74.73052	42.088818
-21.60037	-93.101395
-74.72681	42.08618
61.757385	54.97106
-79.46045	17.930622
-76.99541	43.70148
-70.97991	40.753887
-74.37372	45.77495
45.074677	72.75851
-71.715256	40.778748
-74.11046	43.647236
49.026215	69.45562
-72.56971	43.816837
63.34428	74.64366
-73.12991	43.795822
62.931244	74.85346
-66.16232	43.335827
-71.73281	42.72347
-81.22728	17.362555
-81.230255	17.362913
-78.75193	18.27048
62.13445	71.64922
63.17322	73.15365
58.277256	72.32757
59.872185	71.76406
59.60477	71.89897
50.296047	69.874626
-78.75143	18.270752
-79.64464	18.738327
61.089508	72.69528
-74.37331	12.561291
49.233883	65.07658
49.154884	65.0877
68.23908	66.56822
68.285355	67.19703
67.016975	65.83124
67.63271	66.28282
-78.02638	16.390852
-76.23183	38.469044
61.854187	68.29648
61.414394	68.269295
-75.9094	37.503166
-76.632996	42.932648
59.858753	68.50857
-76.26851	42.22545
65.22418	69.24218
65.50024	69.341705
50.32284	67.16292
-74.59845	35.906963
20.639805	-11.090579
-73.73958	-36.177925
-75.33584	4.9154534
-73.68125	4.9784083
59.72061	52.720913
59.588535	53.12541
-88.83833	31.711899
66.69722	66.89273
67.25987	67.412605
-72.856705	31.275398
64.54461	66.001785
-88.845276	31.723223
60.560944	42.828957
57.60142	59.876614
-73.54449	35.73503
-70.78184	31.06893
-69.344574	34.51147
-73.5129	35.086845
-71.044235	31.380554
-45.15312	13.466074
-45.28984	13.32088
18.887943	-19.698687
18.844854	-19.718327
-11.1966505	-92.67469
58.49562	37.924828
11.588807	-20.80573
-33.471825	11.969259
11.842277	-22.476776
-59.63774	-31.730072
11.585944	-20.643347
17.068316	-20.722738
-65.33563	36.187084
57.669476	69.74607
-61.333263	12.226013
-61.745346	11.728561
-65.40574	36.123253
-61.751823	11.818598
-66.61744	43.462265
47.15016	71.65438
-54.95816	14.180286
51.312485	79.70159
-54.922718	14.196159
51.550827	80.17546
51.608704	80.22157
-54.33474	11.721616
-54.332264	11.650607
-70.76401	45.731464
-68.22275	44.697117
-69.8477	43.96543
-70.58588	45.905964
-70.38682	16.503847
49.585793	70.5224
47.4167	70.291565
-70.35669	16.435068
24.556618	-8.900383
59.957817	43.02136
-22.369951	-96.38213
-20.079687	-92.92043
64.50604	67.792244
-18.631134	-93.40652
-20.109722	-92.90434
41.445244	63.371483
-64.55099	12.228707
43.12095	62.257854
42.828575	62.364468
-55.94879	36.378563
16.96092	65.19518
-65.86952	-28.900145
-5.228003	-86.36228
33.10212	-16.528063
-65.90527	-29.032055
56.678215	34.48082
33.684566	-16.4479
56.490578	35.722687
-51.993797	9.022931
-53.71964	12.977192
-52.229282	9.340588
-52.40963	9.807958
-48.93626	-0.10757413
-49.091343	0.0335777
-51.525654	5.226944
-51.537632	5.3217473
47.231083	69.359726
55.972374	69.714806
56.05163	69.14643
55.653233	69.44691
-72.52594	10.873428
-73.353424	11.614483
58.823174	46.85075
-72.25594	10.712178
27.758854	-17.973173
60.530212	45.47558
60.543053	45.345924
59.81266	45.347496
-61.835747	-7.876079
-61.503513	4.9809556
-67.950455	9.685645
-69.26838	10.927215
75.18039	23.631094
-22.34096	-100.924484
74.59697	23.350487
26.631361	-22.352123
42.698227	-19.85741
21.523623	-8.08912
-22.605152	-93.059006
-22.755133	-92.71273
-22.53921	-92.40391
46.042217	75.291794
-68.79553	44.099316
49.301914	74.83574
45.11337	75.62284
45.468605	75.60777
-68.91625	44.94122
49.40604	74.81794
-69.38788	17.09941
47.67562	69.278275
-68.914536	26.20939
-68.899994	26.260727
20.799194	-9.048427
-76.52757	15.834271
-64.4605	11.763548
49.6927	67.78653
33.854267	-14.37277
33.348618	-13.703709
36.7688	-14.987153
33.683167	-14.12716
-40.046658	3.2391646
-40.598618	3.2878761
-40.557964	4.322825
-41.31955	3.02699
-37.920612	1.0224023
-64.32615	-29.509958
-38.114925	3.9752953
-39.396435	4.738859
-38.234585	3.80842
-39.270855	4.567113
-37.286045	1.3558357
-37.61945	1.3201778
-59.782772	-6.803682
-59.87399	-6.9773564
30.824427	-18.444103
30.801111	-18.639704
-29.699125	-92.45692
-29.191038	-92.559784
-29.594053	-92.65358
-29.060038	-92.8496
21.132517	66.04537
21.43951	66.31036
-55.704617	35.949986
-27.845242	-93.12868
-64.21167	-27.51756
-71.33312	-27.491045
31.95146	-12.633712
-30.01345	1.9956316
30.318876	-19.877426
29.963802	-20.11682
-73.53832	-28.17739
66.51063	19.674349
19.689775	68.53191
-20.417046	44.96004
-20.408129	44.97604
20.767979	68.252815
-38.172718	6.6187024
-21.698149	41.993763
-22.456163	42.47867
-39.60944	8.100617
-39.62294	8.07636
-37.937737	15.1924
-75.47844	9.539568
-75.78566	15.180464
-63.287926	10.712829
24.168776	-8.558451
-74.2504	14.554228
-74.19131	14.654528
-73.3356	14.797712
-47.993343	16.171543
-66.81609	6.683517
-69.87861	7.3034863
-70.906425	39.009624
56.933502	68.99789
-70.80672	37.994972
39.14761	66.93862
47.747177	65.984886
-72.237915	35.67843
-53.618134	-11.277416
-37.07487	-2.6183593
-54.974426	-10.458348
-55.87024	-9.90055
-54.499836	-11.110569
-56.201015	-9.777391
17.76779	-30.880116
20.9762	-28.45138
20.962435	-28.851358
-48.460518	-34.71522
20.171663	-33.54644
-43.66933	-28.859608
19.29471	-33.535484
18.694815	-33.20894
23.368229	-28.25445
23.501583	-27.241848
30.43231	-20.83608
23.247417	-26.891521
15.579746	-31.608328
22.132725	-32.48583
17.281185	-32.381817
16.536282	-31.806736
17.436188	-32.73422
-37.128098	-4.3942385
22.327225	-31.459986
22.11619	-32.474457
-67.670265	6.0002975
-5.3195567	-90.09973
71.733086	22.351044
70.3858	22.248796
-5.399077	-90.95541
-6.086479	-90.70393
-5.4149923	-89.987
31.194906	-24.59713
72.67162	21.329906
71.14009	21.511496
33.881134	-23.968218
-3.6072197	-91.361786
-3.6091785	-91.45528
33.167316	-23.39787
12.340422	-23.759632
12.291646	-23.605946
34.310844	-23.904314
41.35431	75.2971
41.07165	74.78063
41.062225	74.56661
-24.55819	-93.68469
-24.805702	-93.50653
-24.694687	-94.06803
-48.679935	17.484148
-47.971138	17.647842
-48.19912	17.703224
-68.73817	12.626087
15.51413	66.56557
16.14141	66.08015
15.617613	66.50237
-60.744415	3.9703202
-60.05971	6.955679
-61.72715	2.451617
-61.089703	3.6063478
21.778257	-12.718254
-60.205402	0.09721829
-59.80704	0.4681005
-60.630566	0.47807035
-40.070053	14.493967
-63.55338	-3.4065022
-70.25722	8.935163
-41.14359	13.604194
-40.757942	13.767724
-23.454657	-95.5861
-62.25659	-6.2474294
-61.44409	-7.5160627
-62.76661	-6.5804124
-62.699295	-6.742674
-60.268288	-11.147005
30.5903	-23.912863
74.38194	27.309092
-22.856134	8.558468
-23.185461	8.6222315
45.642273	69.60891
23.091208	-11.868117
-70.157936	13.662018
-68.64859	30.093685
23.652578	-10.849193
24.001677	-11.409348
24.292389	-10.989633
-70.397865	6.3346105
-70.428665	6.170911
-50.418026	1.3884264
24.065409	-14.142184
3.4915576	64.947426
71.907135	64.7273
-79.13739	-25.242195
-94.17492	27.862314
-94.47713	27.681374
-94.314896	28.84882
71.74961	65.417564
72.30408	65.26186
-95.103065	28.708069
-93.71882	29.276903
-93.85206	29.787432
-68.46356	-25.828835
33.037857	-20.137428
58.9554	23.766508
58.804104	23.181145
59.3357	23.56324
59.31536	23.168566
17.913303	-68.079056
12.063605	-13.749256
12.079882	-13.7478075
13.355771	-14.120889
13.307831	-14.0775795
-72.97991	34.503494
48.13285	64.09041
13.836032	-14.645078
-51.616203	5.9704957
15.006561	-15.628723
-68.06225	28.212053
-71.6375	36.41882
-38.32293	12.955224
-37.513355	13.529313
-39.04498	13.892275
-22.747395	42.574387
-38.25037	13.96009
-37.62585	14.025542
-65.4704	5.5863857
42.490192	65.177925
-55.161777	-12.829419
22.602291	-75.87937
22.887352	-76.053215
-56.369534	-64.51012
-55.970387	-64.34439
55.455273	27.796183
-56.12576	-63.333755
-55.481144	-64.23363
-49.637726	-72.043434
-55.184395	-73.66815
-54.554554	-71.90972
-54.173355	-70.523285
-48.885365	-71.60251
-52.99	-70.00031
-52.581722	-71.02317
-53.367966	-69.70374
-50.17791	-73.52638
21.938583	-75.48934
-52.51852	-73.66542
-50.43983	-75.28268
-53.995113	-74.33472
-88.53483	-20.741745
-88.53393	-20.739723
-23.62294	-100.81106
19.653273	-9.141645
67.46956	62.790497
63.86656	32.125153
62.267605	45.99818
67.923615	30.263878
64.31716	53.19583
-58.875416	-15.086881
-72.23409	-33.86137
-75.2637	-35.05237
42.8914	27.80856
42.319637	29.714684
61.951866	46.64511
60.69313	53.166916
49.729935	32.71847
65.43892	52.505863
68.42221	64.5886
56.510838	71.152885
57.732533	71.18093
-68.94699	30.35987
54.85394	36.63955
55.52911	36.87387
57.619335	37.19952
-72.59657	-24.844433
-72.64067	-24.95058
72.28949	24.62735
-71.878685	-14.171336
-5.7100577	-92.88815
22.026972	20.290146
31.7023	-12.872678
22.135693	19.909172
22.099855	20.026794
-71.28424	-38.080765
-73.172	-38.793262
38.667866	-20.137293
38.5963	-19.961773
-69.70472	11.653965
47.406082	65.28326
8.75154	-36.17115
11.533417	-37.597706
8.495906	-36.35125
7.5018787	-35.308674
7.4569035	-35.3761
61.859818	58.243332
62.46619	59.27729
65.37446	64.63327
61.766342	58.11894
-19.439583	-95.10412
-20.397873	-100.34535
-20.824509	-100.21088
-20.699255	-100.666855
-71.7715	-34.874233
-79.198814	-30.200493
27.126545	-10.363281
60.9716	41.90195
37.622486	26.896805
56.395973	38.28133
25.72618	-20.578678
-77.98562	17.27161
60.54945	70.4709
-73.45468	36.548447
-81.02898	18.472666
65.49687	66.66376
-92.3615	32.360355
-92.34724	32.35543
-91.345215	30.704964
70.06063	48.227196
-92.63682	31.716274
69.973076	48.477573
58.828915	58.14913
58.85566	57.76198
63.479546	55.144695
63.6821	55.685425
-19.42399	-94.56609
59.8496	50.87393
-80.61064	-35.311733
-80.33313	-34.503223
-76.55834	-37.41333
-77.21961	-37.158676
-77.73082	-25.602932
-76.61714	-36.47064
-76.9523	-36.51466
-32.76871	52.525787
-33.094666	52.25248
-33.19818	52.164577
38.418198	71.14199
38.497437	71.29862
-62.43465	47.542267
-62.434986	47.542603
-62.23078	48.697815
5.365304	78.88878
7.645315	79.17361
7.2764044	77.62646
-20.577133	26.717308
-20.60926	26.16532
-66.93497	39.057938
-64.17648	39.308994
-52.33456	57.04093
-53.47007	57.140327
-54.37493	57.33332
-52.54473	56.89462
-21.935583	27.523453
-21.463459	27.478443
-21.493093	27.516438
-66.848236	49.36989
-66.86305	49.22013
-65.303635	51.675045
-65.34322	51.382347
-67.82684	53.0194
-67.74985	53.10198
-66.47822	54.3173
-66.25482	54.829327
-66.895996	59.67106
-56.29395	57.455124
-56.102684	57.90212
-64.37999	53.406406
-57.47017	57.092518
-56.635567	57.70954
-56.813107	58.39722
-56.604492	56.747574
-64.73925	54.92955
-29.251657	-29.469627
-29.452593	-28.616457
-30.459473	-29.91008
-30.004265	-29.798384
-85.67127	32.78984
-85.62497	32.5548
-85.04279	32.06421
-84.514946	32.534122
-84.78219	33.07206
46.878143	48.86183
46.81759	48.79359
-32.14615	32.204155
-31.838518	31.775557
-31.59476	32.405468
-30.930075	32.19921
-31.011993	31.904974
32.400024	45.701015
31.982454	46.436436
32.667187	45.197712
46.08761	47.285652
-83.662315	33.741486
37.81094	65.69382
36.184277	64.457825
35.62517	65.00169
-45.242958	35.980896
-45.51628	35.920345
-44.86009	35.865368
28.824913	62.81676
-33.334602	31.210215
31.375435	50.33315
29.248203	63.332615
32.22572	63.837166
28.784733	62.72981
31.350266	50.277737
-30.728249	36.563248
42.484425	32.7937
44.058426	33.204296
41.724384	36.39758
41.668884	36.921562
40.538155	38.065968
40.255085	38.93999
39.265144	39.98572
38.928352	40.053814
37.10073	40.65803
36.07014	41.065502
32.691	42.831955
-29.747808	31.161102
-74.56785	-10.225636
51.85045	27.505707
41.585983	38.68268
41.73167	39.504654
46.415615	47.852757
-15.8361635	-103.05058
33.38923	47.857346
33.85266	48.061493
-15.729709	-102.953224
-15.357565	-103.08494
34.029636	48.365547
43.734028	49.07268
36.409504	65.431114
35.301525	66.10766
34.86031	66.26462
-43.34821	35.457287
-42.51679	35.12239
7.955867	56.40921
8.134646	54.496475
7.687304	54.843235
6.6705256	54.830524
-36.12464	27.961216
-49.125843	-7.9828334
-48.379757	-8.704989
-44.345108	-9.098275
9.862495	62.715187
-42.579395	31.631683
12.275092	49.417458
9.497811	54.02704
-17.569765	26.018887
-18.601887	26.222029
8.477708	54.200626
-76.92351	-18.306694
-76.106514	-18.171394
70.90785	-15.326418
72.958244	-28.572615
73.14019	-27.882135
-72.437164	-18.285667
64.115204	7.4534554
53.176888	2.0134678
-57.437336	-44.30721
72.98122	-28.436367
71.019264	-15.251909
-57.164345	-46.75379
60.713554	-17.99934
62.20797	-13.874257
60.314407	-21.158022
60.350567	-21.605762
-57.16963	-46.77004
-58.114143	-46.80137
-56.403225	-42.949913
55.79482	4.728813
60.738747	-17.671106
-53.446148	-25.171064
-61.658226	-26.603447
-76.67595	-11.540317
-76.93629	-11.255427
-76.95692	-11.192879
-39.33029	-28.500301
63.62053	66.149925
41.943665	42.31443
40.98112	41.481113
-43.146664	39.03335
46.69552	-63.485077
-24.88001	-18.00562
-47.61027	-9.279695
-48.22605	-8.023903
-63.20087	20.945496
-34.779476	33.13031
-35.024784	27.938492
-39.137478	30.947124
-29.18908	4.141533
-51.250324	-26.751905
-36.584133	-13.630497
-36.901844	-14.9199915
-35.659832	-13.616526
-34.57824	-13.810683
-36.72088	-14.368867
-45.436584	-21.108831
-45.42447	-21.123405
-57.84222	-16.195211
-41.031776	-17.234324
-41.08165	-17.178799
-34.91138	-16.815922
-33.859497	-18.381985
-32.676918	-18.314756
-32.692455	-18.292204
-57.21021	-16.078909
-56.771545	-16.303219
-73.67195	-6.9242663
-38.660538	-34.343445
-38.659508	-34.082485
-39.535355	-33.70313
-47.8875	-31.146904
-38.71966	-33.56314
-49.182343	-29.637669
-48.929375	-29.855967
-23.55384	-32.451954
-23.97573	-31.817991
-49.892017	-29.027655
-50.95999	-27.437382
56.10304	26.597446
56.177563	26.775955
54.977913	26.620518
55.44479	17.576317
55.446606	17.52176
12.69326	27.800394
-24.910904	2.7685616
10.96326	28.27006
43.2856	0.22700849
43.41113	0.33425772
12.448405	28.210262
-24.9115	2.718899
59.143673	20.427942
60.1096	21.776072
55.973927	16.209524
44.777386	4.540778
44.737232	4.505559
12.408857	26.794846
12.174124	26.48994
-33.6285	23.78058
-33.68583	23.156395
12.624696	25.869194
12.7844925	25.492268
24.760723	-34.954185
24.680943	-35.352173
24.676462	-35.809948
66.53486	-10.865507
24.27707	-36.32146
-13.288279	-94.58871
50.52443	27.26074
-13.500095	-95.483315
-13.680982	-95.3394
-12.903652	-96.65267
-13.01351	-96.7063
-27.346899	-14.236455
31.768402	43.063572
33.897213	63.414715
49.90953	25.387861
50.136436	25.417568
-34.946358	-27.574602
51.165104	31.10163
-35.007694	-27.1175
-35.867416	-26.504864
-35.60723	-26.750475
-37.09448	-25.76636
3.5367336	27.95346
3.575301	28.010296
41.834515	3.090126
-27.201256	27.163477
10.413046	27.937155
9.743799	28.278639
41.641777	2.9537907
-27.076645	26.967415
-76.72123	-19.18711
66.60598	27.696104
68.19545	27.734629
65.71257	25.111782
65.42683	24.614393
-71.59757	-16.633177
-72.359825	-16.769268
-72.81791	-16.505516
-71.776405	-16.363882
-72.150276	-17.054068
59.549465	10.846948
60.016197	10.634412
-2.0432167	-100.98702
-2.199953	-101.46997
44.939518	0.69894
44.920765	0.69784594
-7.474287	-92.00286
-8.048824	-92.4538
31.34331	-20.15236
-8.110596	-91.678345
42.048206	-28.483078
42.253433	-28.54379
44.892097	-31.693806
44.67124	-30.99213
58.93426	-26.635183
58.92676	-26.654741
-8.535642	-92.12485
65.4092	22.008768
44.632915	-29.521427
44.578373	-29.37161
18.180883	25.212234
-32.919262	9.978254
-33.073616	10.067107
-34.652332	10.116448
22.35025	-44.065067
22.447609	-44.175327
17.467928	-0.01395486
-43.673573	-14.399128
-28.511137	23.23669
-28.215263	23.585884
-36.39805	-12.560062
40.18192	2.644834
-38.034725	-12.941221
-43.660255	-14.420658
17.358465	0.018341944
22.653357	-44.45061
-47.317616	-10.222179
-48.05533	-11.379076
-48.12416	-11.496802
66.39002	-9.379156
65.77576	-9.314073
65.83238	-8.51492
71.431496	-9.362754
70.883835	-9.065673
53.42577	0.7829197
52.986687	-1.0270116
-1.1031281	-100.50388
54.210064	1.0748482
47.506115	-8.96899
47.640285	-8.369809
47.81629	-9.004059
47.656475	-8.230705
65.313	-9.884995
66.26943	-7.891239
64.613655	-10.54407
67.98124	-7.1976357
71.6875	-12.148819
68.453026	-6.7127986
72.22306	-12.547634
54.428963	-3.6288881
57.048653	-0.9845607
-56.330093	-34.528515
56.758377	-1.5628933
56.615757	-1.7661726
64.78799	-10.794101
67.30155	-15.049662
67.354164	-3.4141288
67.16929	-4.510162
67.00812	-4.0791445
67.71399	-4.446442
67.81255	-4.005989
63.149925	5.03991
62.804134	5.631209
56.896046	2.6273842
55.69406	2.06094
63.568356	4.7852383
62.95485	5.565736
55.919445	1.9885694
55.769688	-0.5587862
61.983517	-11.258116
61.814095	-10.509516
61.521454	-10.729998
-77.29573	-18.952944
71.00119	-9.770786
70.68375	-9.782355
43.245834	-31.971994
43.58721	-32.294415
44.088	-33.633617
43.56242	-34.17621
43.471985	-32.977833
43.01309	-32.90353
60.088013	-13.941591
-75.66909	-19.391924
-75.85745	-19.724846
69.32711	21.137678
-54.458626	-35.652267
-54.44113	-35.628876
-55.259144	-46.35309
-55.26724	-46.20503
73.415565	-22.81974
73.589676	-22.845964
-52.78526	-43.156265
-55.518074	-44.359608
-55.542404	-44.805225
-75.623604	-23.501656
-31.338644	15.393918
-60.604412	-32.75162
-51.574833	-42.321743
58.266605	-31.6417
58.278557	-31.616009
58.9064	-27.032413
38.2939	-15.611065
-60.583847	-32.75968
-26.079185	-30.804665
17.931944	22.904484
17.287956	25.500605
17.750784	23.970451
4.3165264	41.56126
17.133678	26.50308
-44.911472	46.51407
54.147083	19.572027
54.339645	19.430334
64.75014	23.327194
-72.554886	-15.0289
-1.3327849	-101.12145
52.68744	0.37150484
64.59169	23.388353
-2.8563442	-100.90918
52.952312	4.8076553
51.91593	4.660091
57.601227	18.126766
68.41715	21.095032
57.02541	16.886696
57.55207	16.766401
44.62125	20.235144
57.875694	15.167954
57.884205	15.1548605
58.665596	14.386846
-78.74586	-14.117302
-78.58086	-14.559141
-78.37108	-15.312268
-54.36299	-49.866596
65.97519	8.10199
65.80022	8.035882
47.158604	32.257767
48.384552	31.7048
45.200066	26.798296
49.406673	33.256348
-33.799232	26.890726
33.077957	38.368702
10.729845	41.649513
8.049741	49.85649
-73.81777	-9.136564
-72.01363	-10.143488
23.057636	58.86498
22.874027	57.81197
22.411894	59.493145
30.739344	65.8876
9.521062	65.19697
9.5506735	65.14947
31.590002	51.36709
45.561153	32.762035
42.186844	30.598097
45.875553	32.682037
50.390877	32.82666
-14.700887	-102.258965
48.24812	51.149437
42.236782	49.986195
42.21652	49.43373
41.634	49.92857
41.078228	49.868694
-28.211535	35.57392
40.32413	49.873577
-28.377178	35.09184
-28.962914	31.320814
34.258698	42.999775
33.51951	42.83778
43.414825	26.99498
39.769405	30.727129
43.05629	29.974394
52.769707	28.195343
69.168015	29.390938
69.17368	29.560732
-7.5752554	-93.85781
69.91309	26.290482
60.788692	9.31701
61.690178	8.148327
53.961426	5.770288
53.557804	5.7116895
52.2577	3.08111
51.946426	2.9798229
51.22146	2.2426047
51.133244	1.9098803
71.99622	-17.574404
69.031395	-21.025795
68.759445	-21.195194
57.093647	-19.730936
71.98842	-17.555729
57.300438	-19.957256
1.0905468	-96.05838
2.0373619	-96.82158
0.58322835	-97.237495
3.5333369	-97.50231
3.714617	-97.98216
2.6999369	-97.50129
2.0537348	-97.69252
1.1421105	-97.97484
0.5622345	-97.14163
60.853115	-10.151001
61.849094	-14.732279
67.143776	-15.9811945
60.274628	-15.873486
60.97197	-14.569783
71.52776	-22.88177
71.54669	-22.949436
71.366974	-18.132788
71.41228	-16.549868
71.33799	-23.513393
-55.550816	-42.097363
56.815197	3.8167994
61.74243	5.0320907
56.106926	3.2024426
54.875336	-2.547747
55.627968	3.1154027
55.394886	-1.3578521
0.08955977	-99.98947
0.10493482	-99.973236
56.44417	-17.93167
57.31167	-17.373306
56.562134	-17.693132
57.224102	-16.663448
2.387458	-95.463646
0.12863502	-95.73809
67.7406	-26.18812
72.223465	-13.967132
77.80253	-21.979282
77.426476	-20.58806
78.16362	-22.002342
77.39816	-20.464722
79.25496	-22.29244
-58.351357	-43.654396
79.00385	-18.19568
79.03672	-18.088163
66.876724	-27.129704
-1.330715	-91.71824
55.23367	-20.713081
62.806396	-15.851876
23.48444	-22.463871
70.54372	-18.532204
66.91997	-28.543592
66.9358	-28.642313
19.852888	-52.57808
19.405119	-51.848362
19.906832	-52.22033
21.09903	-52.166187
6.7242436	-0.9587906
-18.958199	-33.46961
22.479792	54.145344
22.90936	54.73087
-45.553703	-9.681339
-45.55128	-9.690602
16.346512	0.4140384
-43.941196	-9.949458
15.760553	0.3357413
15.133458	0.2889351
11.916378	-51.182583
34.98404	-11.824086
34.814056	-12.134178
11.876919	-50.765392
-27.366875	-30.348017
15.785077	-44.33044
16.010344	-44.49043
15.922515	-44.735973
16.733349	-44.62375
13.688519	-51.735844
14.162936	-51.51307
12.805065	-50.561825
15.048437	-47.092785
-20.953	-32.85652
15.072685	-47.777027
-20.630083	-33.205193
15.909528	-47.439407
8.704718	1.402026
-51.91745	-29.553015
8.573531	0.25718766
9.786648	-0.7535483
9.817602	-1.4725579
9.890855	-1.860826
12.430639	-51.165394
15.210222	-52.17599
13.172084	-50.773476
14.938863	-46.727676
-20.986353	-33.299706
16.057121	-47.50717
-20.826202	-33.59999
-51.91129	-29.554527
8.585611	0.3182795
10.43417	-0.081843525
7.244308	-0.6939114
11.684923	0.025783854
41.695805	-72.789925
42.27478	-72.92352
42.268917	-72.9238
27.90325	-75.46783
27.843426	-75.604675
-52.912865	-25.239712
-44.684147	-27.481567
-38.298927	-26.379818
54.124706	27.259329
-36.529713	-27.091343
-37.65866	-26.059711
-28.993263	-26.256586
-29.141148	-26.702152
2.5516999	26.759567
34.410618	37.90895
2.3074493	26.829384
2.0114279	26.759008
-28.799715	-14.927231
-28.474907	-15.811403
-28.706207	-15.692561
-30.334831	29.343832
-27.72182	-15.318037
-27.66856	-15.8715515
-27.155527	-17.009129
-26.862297	-16.902372
-50.565372	42.23937
38.56238	69.02009
54.65542	13.299837
52.918655	14.159012
60.876823	-18.914474
55.279636	-21.201942
-54.233295	-41.32248
-53.84575	-41.78145
60.02549	-23.141634
60.996502	-53.706596
63.35591	-51.980007
63.355194	-51.980175
60.678116	-53.900066
-53.06553	-43.89841
-53.788635	-47.702263
-53.068905	-43.95413
-55.30139	-48.39485
46.463753	0.95207167
-56.003746	-48.558285
-57.020573	-48.182102
38.6137	68.73009
39.063137	67.56322
9.609325	76.11806
9.44033	76.27403
-8.02763	-3.4067488
-7.619266	-4.028759
-7.474859	-4.3681045
-7.618501	-5.0184193
-6.1046777	-4.0752435
-4.044562	-3.7419527
-36.574543	34.612564
24.406923	71.5326
-35.564983	35.897
5.495709	51.202152
-34.098026	36.935997
-33.68665	37.153248
13.6997795	47.949383
15.746642	50.566044
15.302049	47.981987
31.631355	65.280014
13.285271	48.03897
-37.39837	34.782326
-34.692177	35.493675
-13.738146	-97.284256
7.5373397	51.625935
7.3737817	50.67739
19.613335	55.16566
-60.490387	13.37744
17.36241	57.09558
26.40616	68.45029
10.2473955	68.151955
10.2287035	67.6524
9.301689	47.036343
7.988878	48.27658
8.950316	47.116417
6.5984707	48.76554
19.342447	57.455563
20.763222	57.620792
18.888556	57.333214
22.71354	57.581528
16.34086	51.98255
16.0984	51.502243
2.326612	72.78372
2.500878	71.94617
2.88367	75.71141
2.1850982	75.112045
1.0014968	75.71388
1.6405715	74.47335
6.89802	48.476055
18.994663	59.24879
33.371704	69.66646
18.375315	60.065845
17.397173	60.673748
-39.810894	35.527946
25.163584	71.1886
25.162245	71.19018
-65.13765	58.90865
-40.849865	34.656044
-65.76032	59.82125
-66.05388	59.65861
-66.01676	60.056942
2.136587	77.24337
1.5940524	76.90603
1.1240327	76.53613
20.409855	61.733765
20.534792	61.918453
18.045874	60.129665
9.449472	70.60874
25.45823	69.761345
-35.42756	41.045994
-22.804613	30.755545
-37.014477	39.84978
-37.362106	39.560387
46.35491	25.467577
-74.8872	-10.8507
-73.730865	-11.017376
44.5937	20.459686
-35.077084	22.887774
-22.782295	-30.475029
-24.069168	-31.205187
-3.829695	-62.839058
-3.817811	-62.86357
-22.387323	-29.864279
63.67789	-52.890118
-34.81498	-21.077627
49.19296	7.7445464
18.163176	31.014576
47.98431	9.215687
-33.5673	25.79818
18.137314	30.993551
50.266846	6.5794535
48.343025	9.271117
-25.51938	22.84035
-26.52395	24.407827
43.449375	25.718748
65.209526	51.099663
42.561924	21.825237
-62.91573	-26.738667
41.305595	45.575768
-83.05947	34.16403
42.56113	21.842442
41.330547	45.676598
43.76627	47.315716
47.749203	5.4879985
48.77598	6.2277246
47.65778	5.428091
47.60583	9.113062
46.41891	10.036629
46.40174	10.024636
33.086708	40.528
34.54656	47.158318
47.822212	24.352552
48.45555	24.02137
49.117897	23.275377
-74.139626	-11.983692
-76.989555	-8.551155
-76.22758	-6.644202
48.722088	18.254961
-74.15028	-7.5737534
-29.38396	34.034737
-31.30297	30.337046
-31.27252	30.175098
33.993343	38.45347
46.629063	25.49716
53.697834	28.08459
-49.088894	43.674103
50.801716	31.550222
43.544083	50.447697
43.628082	50.25376
-30.266504	22.953577
30.47318	45.671337
-30.289177	22.972675
37.09961	62.855377
36.910084	64.983604
6.6169114	-33.985107
-7.716122	-6.951272
6.1414237	79.51918
-68.072815	53.590435
6.4848266	79.25012
6.3554716	77.34322
6.199511	75.85397
6.105286	76.60927
-51.485107	38.35362
17.022722	58.26879
31.344402	71.9706
15.388742	56.428135
15.757972	56.606236
14.782745	56.01033
10.528817	55.41312
10.23224	54.938366
-40.862804	33.594925
-38.183006	36.16638
-38.25629	36.277817
-37.311363	36.825283
-39.398663	31.623121
5.9748015	48.6743
-37.970234	38.48512
-7.5162635	-12.384919
17.90266	23.29374
20.339073	-45.78745
20.336964	-45.803543
-7.515608	-12.380871
28.142668	-79.01637
-39.004555	-25.442501
-44.423904	-27.632162
-45.40637	-32.00504
-45.58442	-32.133667
-38.78483	-24.63814
-61.10197	-26.698307
-37.230408	-15.910938
-56.62656	-14.818705
-35.55057	-15.961083
-34.640976	-20.470291
-36.775967	-16.010641
-38.894978	29.608137
-30.76545	-16.863497
-31.167938	-17.654976
-41.606083	-32.646503
-44.81835	-30.824097
-41.635902	-32.574913
-48.207798	-30.685936
-43.30918	-22.080788
44.59678	-28.338268
31.043547	-44.318146
-36.746376	-24.175966
31.048452	-44.317665
49.29154	22.33182
-46.183792	-26.183601
-35.509987	22.799833
-44.925972	46.433796
-76.286736	-6.1873517
4.3704996	57.733532
26.743357	7.2058015
-18.965876	-52.04192
-10.281726	-106.401695
-32.531334	-44.228893
27.222418	7.6179705
-10.30238	-106.441025
-19.059795	-52.11595
27.515324	7.599258
30.474554	19.566416
0.6686437	-36.70967
-3.1295364	-36.965057
-3.829828	-36.974537
-3.2168653	-36.966183
-1.4320453	-36.89972
1.4331589	-36.571857
1.3280939	-36.5918
-26.46137	-46.634594
5.8890324	18.014706
5.9289703	18.011215
7.207278	18.015175
-29.937777	-2.203843
-28.906721	-1.9290661
-28.698172	-1.6471434
7.986684	18.096056
-29.152073	-1.8968492
17.546541	11.769358
17.606884	11.89347
14.93353	13.524296
-15.753928	-19.025612
13.93168	14.39374
13.816311	14.527641
21.400879	25.566736
-28.119738	1.8350642
11.787519	4.6926475
11.8353195	4.684804
10.293187	3.9921808
10.40735	3.5811863
9.906097	4.662168
4.8403897	7.356305
7.7312603	5.7019243
7.571551	6.0067873
2.029435	13.191792
29.084455	-54.87626
29.93048	-54.739998
29.887667	-54.71432
31.061684	-55.648697
30.719856	-53.996284
73.90027	10.421522
74.75336	10.235363
74.065834	9.597529
74.804794	9.816469
74.04865	9.998898
71.63259	8.66827
5.9163857	-92.70251
73.658264	6.254239
74.27288	5.8981767
74.096146	5.3335505
73.56001	5.6177125
-85.98785	-0.35201672
6.1305604	-94.35322
5.687584	-90.86308
4.9703126	-90.95253
5.3161964	-91.03769
5.893531	-91.64837
72.859344	8.833976
7.023274	-93.60344
7.2006936	-92.789505
7.3207355	-92.88615
18.961857	-92.12141
45.243153	-43.454525
18.860144	-91.822205
18.149	-91.864685
18.116858	-92.41191
17.506477	-92.46365
17.353645	-92.60588
30.379177	-86.68638
29.924263	-87.45448
29.93611	-86.94892
28.715004	-85.88214
29.110209	-86.42406
30.399403	-87.184166
-17.985844	11.134253
-17.979778	11.137177
-20.236462	7.244161
-20.972107	8.477898
-20.141218	8.880898
-19.167295	9.02374
-20.528217	7.787146
-19.166391	8.956864
-18.256756	7.420096
-18.259567	6.6848993
-17.013115	3.608931
-16.494719	2.597887
-16.979315	1.12059
-16.98441	3.8794327
-16.81956	2.9641736
-17.030537	1.2290801
16.85798	40.871967
12.511031	39.657734
11.75359	39.932766
11.243343	39.705544
12.095799	40.505726
24.808462	4.988443
24.124363	5.7162733
24.850012	7.5748243
28.862524	21.360052
29.698404	20.371012
29.827982	20.228853
-26.611704	0.9160127
-26.220676	0.8418866
-26.278385	0.035088144
-25.181465	0.81777143
-24.596262	0.47400117
-25.13821	0.3700602
14.848473	36.539234
14.590347	36.615013
15.135792	35.857822
-24.94469	-46.98426
24.135536	6.9984226
-25.53736	-46.722195
-15.984238	-36.845245
-15.074822	-36.28902
-12.465765	3.423688
-12.798679	2.5009594
-12.705157	3.3801
3.6108181	8.078578
3.7272637	8.071271
5.049898	8.397659
5.221118	7.789755
-25.55987	25.489016
-17.209494	-3.030956
-16.552996	-3.0025885
-16.312101	-2.9380023
6.975044	7.698571
-17.793776	-3.0150313
13.059247	5.404719
2.3732986	11.968124
2.4494793	11.763891
2.7006752	11.19816
2.84796	10.923567
-14.298074	5.53675
-14.5449915	4.966051
-14.540273	4.975455
29.6813	-77.506485
30.185076	-74.44823
30.370811	-73.80603
30.988688	-74.355156
30.9318	-75.25132
30.370522	-76.49299
30.166735	-76.387825
30.62571	-75.74578
19.018927	69.07704
41.459282	-48.69082
41.284275	-48.651726
42.48828	-48.432755
42.735535	-51.50854
42.70482	-51.396267
42.821224	-50.363167
42.97953	-51.77053
29.05116	-82.45347
29.033588	-82.12045
29.133194	-81.81019
29.902592	-81.53293
54.006725	-65.515335
30.31782	-81.19267
54.752716	-65.43579
54.509922	-65.482414
32.31291	-84.459465
33.054234	-84.76277
33.334244	-84.55338
32.20496	-84.46581
43.153248	-47.000866
43.14779	-47.18522
43.48789	-46.400154
45.896183	-21.3051
43.900677	-20.181797
43.861137	-20.133205
46.01873	-21.233393
45.751205	-21.762669
44.42524	-46.167007
45.16333	-44.742435
46.801025	-46.02768
47.271187	-46.38507
46.758205	-50.001892
46.380016	-50.745995
-3.906162	-64.5507
-3.5419335	-64.91405
-3.485449	-64.35668
-3.192331	-64.79282
-2.968095	-64.43149
-48.587353	16.468967
28.409931	11.241408
28.42547	11.244083
19.939028	82.430275
20.386915	82.72217
19.442131	82.7777
19.799646	83.639915
20.706285	83.59122
20.261482	84.38754
19.66679	85.203636
20.41527	85.31003
21.030504	85.31222
20.274368	85.98403
21.211693	86.03258
21.929457	84.53788
-31.86871	44.012978
22.084461	85.074104
-31.854742	43.998856
-32.052402	44.252007
-5.3512545	43.243496
-3.8403945	43.357685
-4.186429	43.30134
-5.1995554	43.126427
-5.639749	42.833576
24.864079	11.383864
-49.563026	41.25499
-49.905186	41.619812
-16.685358	-18.99805
-17.128117	-17.375135
-34.837173	-41.116116
-35.565487	-40.0257
-34.43219	-40.38793
-34.134262	-41.270462
-32.82296	-42.226444
-33.995594	-40.621246
-33.5389	-40.18733
-32.714966	-40.41039
-31.840618	-41.586693
-31.419382	-41.5124
-31.487875	-42.371334
-31.796076	-42.82545
-31.473707	-39.99266
-32.1726	-39.40688
-21.236979	-16.663267
-18.239876	-15.911313
-20.289297	-17.016111
-17.729452	-13.919883
-18.244335	-19.092514
-18.154533	-18.694117
-18.47759	-18.295073
-19.997368	-18.252928
-20.433437	-18.294323
-19.568579	-18.97281
-43.959217	11.16874
-44.2003	11.5259
-29.806328	6.269366
-28.227264	6.991582
-28.837843	6.491307
-28.632973	7.1680584
-28.415052	6.625901
7.803514	35.50031
7.836905	36.143345
7.11389	35.35023
8.066054	34.695473
7.192063	34.737972
8.375339	35.421818
4.582497	30.681057
6.5452805	33.827877
-27.184696	10.401795
-27.175371	10.43377
-27.23529	10.53663
-20.871546	-7.51109
-20.766113	-7.5959225
-19.482761	-8.817332
-19.382065	-9.028019
-18.71089	-11.016103
-17.70001	-13.078569
-16.83313	-13.511347
-16.551609	-12.384536
-19.09885	-12.572164
-17.620567	-12.346606
-16.437223	-12.067884
46.63564	-62.455547
-10.451779	-36.426064
-10.325677	-36.41943
46.626625	-62.33265
-47.93462	41.756298
-45.631172	41.82359
-45.454613	41.86793
17.235695	47.28407
17.310024	47.215076
-41.749596	44.214657
-41.402943	44.390842
-41.59448	43.65602
-41.280544	43.613358
-39.65826	43.573555
-39.638195	43.630577
-11.947736	-3.4840827
-11.742083	-3.4361546
-13.550854	-1.4930831
-13.438444	-2.1737368
-14.099057	-3.2165916
-14.254151	-1.783025
-12.934546	-0.33976611
-12.783372	-0.11429079
-36.262257	36.966286
33.70894	-52.48859
33.675392	-52.519554
32.790382	-53.24042
28.515476	-67.16555
28.524137	-67.32541
28.813648	-68.75564
28.572012	-69.009155
28.83317	-69.18659
28.724558	-69.66359
22.151947	8.9487505
23.279634	9.476213
23.408426	9.6687155
-23.296103	-46.66405
-23.797813	-45.89959
-23.045158	-46.414127
-22.483282	-46.687473
-23.09166	-45.75517
-23.295095	-45.226593
2.7440956	-26.055393
2.669387	-26.233418
2.5374992	-26.515755
2.2459116	-27.287756
2.227794	-27.325346
-20.214396	-20.781525
-20.261297	-20.881289
-13.44411	-33.15126
-14.288127	-33.89249
-14.222969	-33.461094
25.467949	6.588886
-25.228952	-54.80901
-24.546688	-54.51678
-24.402401	-54.147804
-24.224876	-56.144268
-23.595938	-54.75284
-22.894724	-54.55466
-22.535822	-54.896427
-22.465082	-55.374626
-23.308758	-55.623005
52.04469	-43.265068
52.448074	-43.89219
52.45548	-44.291267
52.654385	-44.438423
49.44553	-69.38578
48.02098	-70.26572
48.252007	-70.535
49.98502	-69.846565
49.081814	-70.21455
49.270714	-70.70749
50.232216	-69.19601
50.83885	-69.85994
48.138084	-72.449554
48.37006	-72.96644
-12.840037	-36.745083
47.780308	-73.40027
47.415485	-74.82552
46.73241	-75.03941
46.79635	-75.87109
28.774288	-78.64317
32.199673	-75.0578
46.07338	-74.48129
46.91505	-73.53104
47.859314	-74.795166
21.303799	51.187473
-50.403294	36.726604
-45.407803	43.697304
14.8705845	45.32436
16.247948	44.866577
17.243658	44.541367
17.745724	44.08042
16.662907	43.99414
17.817177	43.52663
17.689892	43.320152
11.040453	36.690372
10.876505	36.60913
11.857063	36.60861
12.073069	37.23767
13.733956	38.603546
14.49979	39.237026
14.952321	39.608986
15.413746	39.42092
23.258574	41.863056
23.842299	41.914055
24.457813	41.956924
24.78496	41.97461
9.486917	39.233513
39.355953	29.447193
39.241394	29.906088
39.001713	29.32344
37.49574	28.408705
37.22445	28.371668
38.212673	31.017494
-31.717115	-54.52656
-31.407705	-53.626774
-31.810953	-54.09208
-30.77353	-54.3062
-30.938267	-54.98601
-29.611864	-54.61413
-29.961376	-54.724922
-29.558138	-53.205177
50.95829	-43.54417
-30.186754	-55.549942
45.838207	-45.036636
46.022038	-45.626762
46.24031	-47.795982
46.54237	-48.087074
48.098045	-48.444576
49.478367	-49.102528
-29.843212	-56.80404
57.033924	-56.746853
56.93077	-57.86993
57.475742	-58.154987
57.619553	-58.3482
58.009266	-57.01321
57.741177	-56.710625
58.59187	-55.480534
57.63245	-54.83747
58.371983	-54.785664
57.988846	-54.753906
55.633675	-52.470104
55.420914	-52.21412
55.265217	-52.077038
16.761482	-67.60486
16.720171	-67.591354
58.598003	-67.77529
58.53344	-67.82556
57.71304	-68.43026
57.676586	-68.46333
33.488724	-87.14857
55.269836	-70.77986
55.140354	-70.85164
55.000263	-69.71661
54.879063	-69.68414
32.280167	-87.23634
32.366688	-87.1312
52.35434	-71.932556
53.432	-72.48402
52.437557	-72.18726
52.40776	-72.4602
50.453163	-49.14743
51.4193	-48.298214
51.47305	-48.2686
52.982246	-51.129528
52.34041	-50.58945
52.243782	-50.961235
51.456104	-50.714703
53.565285	-50.20268
46.43894	-60.897873
33.43083	16.589415
62.93278	41.22905
33.432743	16.58717
-16.891874	-105.907745
-17.166811	-105.92769
73.96223	55.083973
-16.639124	-107.18762
-17.557198	-106.80567
-17.848818	-107.35566
-17.060356	-107.53803
-17.393137	-107.91847
75.176956	55.06445
75.15034	54.78142
75.75045	55.01282
76.08789	54.598763
76.48905	54.512486
-15.960754	-108.5669
33.22616	25.286976
33.200207	26.167053
33.16155	26.566898
33.283592	27.679333
33.304226	27.784267
29.641285	26.579569
29.667818	29.586145
29.440178	29.269625
29.434889	26.843994
29.1353	30.01264
28.619514	30.69962
29.055546	31.074387
28.5603	31.475513
28.469387	32.236694
28.104158	32.461723
-11.266788	-107.17131
-11.652831	-107.196495
-12.290539	-107.237335
-13.124638	-107.368774
-13.704464	-107.33542
18.265814	12.792022
-19.564482	-104.858765
67.205605	62.671474
-19.388384	-104.88687
56.369457	53.787205
55.9684	53.380123
55.58238	53.02109
54.576214	52.162853
54.15226	51.856613
53.470272	51.735107
52.97747	51.58622
-14.543256	-104.05614
26.88221	35.76535
-10.770831	-23.437128
-11.135039	-23.434578
-11.055908	-22.776985
-11.053662	-22.798649
13.626194	15.848129
53.606068	56.41581
53.63936	56.377666
-77.29673	32.746033
-54.809525	43.40834
-21.076483	-53.85717
-20.969599	-53.81344
-14.409536	-35.677055
-13.7513685	-35.938225
-14.078749	-35.61329
26.843815	35.834114
-28.027506	36.855995
59.16857	67.62771
57.388798	67.712105
-53.254574	43.248634
-53.361027	43.65261
-53.68159	43.632885
51.949436	52.03302
31.850193	52.142128
