9.356101	-0.8918528
9.28158	-0.8758312
8.821149	-1.0019333
8.861316	-1.0267775
9.2486925	-1.2599874
9.389762	-1.3342435
8.9612875	-0.97561985
9.05987	-1.0086818
9.098335	-0.7486145
9.10897	-0.7716696
9.282518	-1.3137969
9.330322	-1.3650317
9.081024	-0.9760072
9.197417	-1.1544949
9.222382	-1.2319189
9.248437	-1.2764332
8.4223175	-0.49128136
8.459104	-0.5221931
9.170435	-1.1484904
9.30442	-1.2944272
9.130232	-0.818317
9.1172695	-0.8431807
8.898214	-0.7527791
8.972905	-0.83250487
9.0095625	-0.9604664
8.989933	-0.8865468
8.648575	-0.7656174
8.605622	-0.7144445
9.150609	-1.1243306
9.26327	-0.956034
8.931988	-1.0556406
9.005568	-1.1252352
9.261654	-1.2749933
9.350001	-1.249713
8.816528	-0.80804884
8.850466	-0.9182643
8.967336	-0.7240623
8.285378	-0.46805325
9.650649	-0.98344153
9.1510315	-0.98282474
9.138779	-0.91448504
9.154352	-1.0748075
9.383531	-1.3376132
9.375891	-1.3067287
8.64101	-0.29518846
8.653116	-0.2512268
9.189749	-0.7322582
9.141603	-0.7450376
8.57467	-0.43477324
8.481951	-0.31611666
9.234878	-1.2515758
9.266078	-1.2656312
8.438747	-0.5391155
8.235618	-0.51474464
9.245348	-1.2637203
9.204099	-1.2468517
9.010839	-0.8451599
9.04085	-0.82269585
9.465831	-0.9651489
9.305905	-0.9099548
9.619252	-1.1221603
9.238394	-1.049005
9.483056	-0.8059879
9.474882	-0.82235634
9.757957	-0.9547026
9.789884	-0.9783874
10.038898	-0.8790914
10.037909	-0.8670194
9.949987	-0.9862709
9.955622	-1.0123962
9.853575	-0.8829539
9.88523	-0.99320906
9.90295	-1.1244662
9.942677	-1.0683607
9.926875	-1.0404704
9.9799385	-0.976727
9.805954	-0.9452803
9.716891	-1.0140175
9.230767	-0.70102906
9.266079	-0.7298109
10.1728945	-0.93164086
10.180802	-0.9351417
9.47191	-0.62686193
9.406914	-0.6002143
9.875564	-1.0666559
9.8924675	-0.9537194
9.57535	-0.72354895
9.576761	-1.0314121
10.040702	-0.9223162
9.905767	-0.97832876
9.818537	-0.928865
9.875109	-0.9662478
9.753755	-1.1987593
9.574254	-1.2326709
9.346838	-0.73498416
9.38323	-0.73573464
9.897692	-0.99284685
9.996484	-0.9907229
9.780783	-0.83615917
9.672432	-0.7946533
9.858909	-0.93418294
9.935543	-1.0229452
9.914119	-0.9819319
9.870458	-0.99473095
9.139575	-0.39309117
9.555959	-0.7466532
10.003114	-1.0464439
9.988573	-1.0463396
9.861913	-1.0348507
9.7997675	-0.91791785
9.741727	-0.8729782
9.863716	-0.9895127
9.341813	-1.2207692
9.37633	-1.1666944
9.994917	-0.87010306
9.490334	-0.6047676
13.912007	-6.4781485
13.93374	-6.4493246
9.819484	-1.166558
9.867659	-1.2147682
9.5565605	-1.066865
8.929326	-0.9701059
9.404411	-0.9969752
8.222433	-0.5527323
8.952052	-0.84269714
9.267958	-0.82328886
8.963392	-1.0614532
9.012232	-0.770573
8.7987585	-0.75343126
9.590831	-1.0181344
9.136259	-0.9771468
9.398441	-1.2913629
8.984975	-1.0540044
9.265017	-0.8487124
8.925909	-0.8171836
8.889918	-1.0051659
9.115689	-0.8501828
9.023066	-0.8844078
8.321329	-0.6094262
8.931048	-0.7229083
9.25324	-1.2951806
8.932852	-0.89498734
8.941589	-0.83935004
8.930513	-0.7580945
9.621282	-0.97589844
9.240888	-1.2516778
9.572114	-1.0916283
9.182217	-1.2389625
8.947515	-0.85382
9.270579	-0.66493726
9.880674	-1.0998267
9.298893	-0.40003622
9.2006855	-0.36878046
9.762748	-0.73310506
9.876977	-1.0706412
9.999106	-1.0261211
9.795063	-0.9622926
9.379949	-0.59310615
9.740098	-1.1160779
9.455859	-0.7642032
9.98662	-0.87548786
9.936759	-1.0037456
10.018465	-1.0318084
9.430866	-0.7533463
9.771432	-0.8350011
9.84704	-0.96037966
9.6173115	-0.80514276
10.027684	-1.0268365
7.828712	0.6373543
9.371379	-0.63218737
9.937508	-0.9720343
9.796259	-0.8851583
9.740352	-0.81878936
9.400075	-0.502651
9.843206	-1.206607
9.6985235	-0.8298656
9.949035	-0.87999153
9.986084	-1.0333039
9.269952	-0.6185642
9.925841	-0.8951103
9.648144	-0.98749965
8.971062	-0.9675983
9.320504	-0.94030595
8.201494	-0.5114633
9.138544	-1.145702
9.421385	-0.8980588
9.007638	-1.0141168
9.086719	-0.857596
8.84826	-0.8396562
9.105234	-0.88495463
9.064928	-1.0306501
9.423175	-1.2901045
8.95963	-0.9156322
9.2947445	-0.8418966
8.989332	-0.772349
9.254781	-1.2840842
9.295699	-0.92869157
9.018539	-0.78056115
8.401084	-0.6127142
9.035632	-0.87832963
9.26673	-1.3336633
8.982821	-0.88256055
9.074792	-0.8439669
8.8649845	-0.70945674
9.671118	-1.0168763
9.426638	-1.3345629
9.395856	-1.0627551
9.267602	-1.2847786
9.03604	-1.0057089
9.176322	-0.7415555
9.875142	-1.1209502
9.232532	-0.38148737
9.252119	-0.35638002
9.703201	-0.66138136
9.880313	-1.1588819
9.979688	-1.0535778
9.815943	-0.9267523
9.620968	-0.7845313
9.728224	-1.1104807
9.471991	-0.8507273
10.043529	-0.9185812
9.881356	-0.96050984
10.070599	-0.912874
9.360558	-0.76060086
9.441478	-0.5409126
9.8138275	-0.91967714
9.605788	-0.8309071
9.943843	-1.0430874
9.535565	-0.57771534
9.347871	-0.645406
9.927365	-0.96442294
9.805648	-0.8875452
9.774396	-0.9414594
9.557359	-0.60590786
9.859195	-1.1631006
9.805798	-0.8540156
9.9740925	-0.8746975
9.982535	-1.0743781
9.445328	-1.0635365
9.814334	-0.8658013
8.490043	-0.65343636
8.455984	-0.64518875
9.18192	-1.2431241
9.055789	-1.1219335
9.174278	-1.1592484
9.247942	-1.2483656
9.0817175	-0.72377247
9.086879	-0.7194492
9.265431	-1.22243
9.104945	-1.0746075
9.132351	-0.98454
9.146375	-1.0128645
9.255289	-1.2350879
9.17391	-1.2477509
9.088023	-1.0829202
9.127266	-1.1350628
9.114746	-1.1072917
9.164467	-1.1363466
9.025044	-0.7702671
8.954277	-0.741869
9.172061	-0.7633878
9.23075	-0.7868172
9.454094	-0.6328462
9.49212	-0.7038104
8.9145355	-0.87803745
8.956333	-0.8732459
9.255159	-1.1857567
9.189222	-1.2007767
8.659009	-0.51935905
8.599907	-0.38104808
9.919778	-0.973228
9.94199	-0.9884827
9.894996	-1.1427987
9.936814	-1.0606395
9.191809	-0.72322303
9.426759	-0.8051918
9.8795395	-1.0073366
9.92501	-1.0306981
9.869298	-1.1296306
9.894467	-1.1338915
9.7063265	-1.2531564
9.623546	-1.3021001
9.786484	-0.8445114
9.702444	-0.7754146
9.36144	-0.7417797
9.338624	-0.7439924
9.825159	-1.0738202
9.839845	-1.1427668
9.744579	-0.9123286
9.6949835	-0.87619674
9.376636	-0.46600288
9.354573	-0.4632762
9.556996	-0.9058758
9.683405	-1.1848462
9.870565	-1.1326447
9.783201	-1.1523659
9.982421	-0.8836527
9.809032	-0.7951093
9.392858	-0.6635824
9.75298	-0.9814424
