30.566969	-81.92427
37.7432	-80.20027
29.802652	-15.970311
34.200794	-88.81774
-46.989777	51.91781
-75.26974	35.93964
21.756693	-59.303577
-77.98951	37.375942
15.676373	2.1199281
-18.203289	59.28632
10.374708	51.906002
-6.6473255	-55.04945
-20.605644	-44.81229
-25.019985	-36.309887
33.079723	56.82557
-50.492542	-8.425363
39.424263	70.956726
32.823315	-82.90492
-72.734375	37.837376
-65.876114	-63.794697
-67.08088	-34.247887
73.13488	1.1884542
36.672447	-73.254974
-71.80712	41.141415
-52.04404	51.136738
36.362324	-83.842575
30.21593	-67.01434
-70.740746	-56.276184
-48.09565	58.000782
26.557196	-71.19201
35.31754	-81.012634
-32.33219	48.404324
11.957012	68.09493
-64.28377	53.081806
-67.89232	-36.651432
-1.2890906	-65.86015
-83.61123	35.731384
4.9166555	59.6445
-17.966015	55.47568
-23.264837	52.882195
-30.635231	0.62424827
-30.040949	-0.55792177
11.163694	68.56803
-15.119518	-23.50603
-1.2299976	-47.90017
-15.692403	47.084415
4.4404054	-59.70629
8.854517	-53.518456
-31.19388	-35.270588
14.333527	56.729305
-49.397423	7.6539607
39.672924	-74.293625
-68.20983	51.36392
6.026043	-57.3255
-16.847229	-50.79334
11.7722225	-62.058952
-23.848467	-29.02584
-41.45075	47.60342
-56.977135	54.03555
34.738094	-87.368546
28.612528	-100.24608
19.375134	-101.274155
3.1392517	0.4801084
12.222151	-0.76374483
11.116524	-3.8643348
-71.486465	10.789526
-80.974754	38.873943
-32.316303	53.056973
-39.763206	51.79807
38.26869	-75.14435
-63.784332	52.920914
35.54515	-81.68312
-64.03272	-60.74091
-19.730562	-30.950472
20.276894	64.572815
-8.180876	47.92876
-27.796473	52.29848
11.762776	-65.27819
-10.287758	68.20777
-14.121685	65.22983
-6.096319	44.8365
-25.015808	-35.45742
2.903524	51.642967
-34.274113	-18.491974
47.692097	75.59925
41.838634	74.407265
-13.629483	-41.272713
-50.036263	58.938698
-72.64335	-33.68528
-67.24327	-63.437824
-30.964375	-0.5328137
-11.043885	62.07217
-2.7926111	53.71018
32.738003	62.83275
-35.29759	-18.940874
-0.1349573	63.47778
22.126284	59.916813
-23.740334	-16.073252
-24.6087	-35.202484
9.421023	-6.430813
-42.912075	61.657276
12.401253	-53.64643
-8.023545	-44.13523
-20.47277	-44.99862
13.809013	-50.334152
-51.52172	49.01292
-37.366096	46.804745
33.141815	-90.43926
41.80423	-13.991047
-36.75968	45.799534
-53.353256	48.86103
-82.45674	36.791546
16.537928	-57.57196
38.24271	-82.838844
38.974007	-76.963425
-85.843475	38.71034
39.84535	-17.996063
-40.64259	47.819775
3.4086595	-59.135063
49.341057	-7.5729384
-61.76955	-70.82465
-71.685524	-39.23597
1.7915518	10.100284
3.8431542	7.507758
-71.35545	-34.472214
-31.30448	-34.549393
-10.810707	55.24356
-9.539667	68.22421
-30.715158	-18.548996
-21.338867	-47.88192
-17.480099	-50.910088
21.431187	50.89506
-7.221708	58.01595
-31.642918	65.40154
-71.41621	-55.7256
14.37898	-107.36793
25.851591	-96.97506
-70.40156	41.370308
-53.440254	8.435379
-21.797625	-12.70325
15.404362	67.20325
-51.409702	10.479054
-35.676292	46.308918
-36.421795	45.799747
13.7385845	-55.853645
-40.00486	48.256912
8.343416	63.539124
-24.787777	-33.68302
-23.221403	-47.64254
-73.0618	-41.27901
-71.385155	-46.23761
-73.2494	-43.71415
-34.70103	45.95123
25.565172	-99.09743
24.239408	-99.543274
-70.2466	43.17548
-64.63932	-62.405445
-53.11012	9.141476
-6.4039054	-56.152462
19.198118	59.69592
51.84427	-17.286465
35.840675	-87.40356
-29.847988	51.840343
5.375094	10.949284
-65.23048	-66.51421
23.065695	-65.022194
25.859941	-98.0829
9.668312	0.41523322
26.014408	-60.77918
-85.94238	37.27773
-36.72147	-17.11632
-10.771276	67.10923
-36.54093	-17.851961
-45.172108	44.95036
-42.914722	45.304848
19.995293	-65.87747
0.9439046	5.679512
29.499493	-0.9573696
6.873788	53.283867
-7.95688	-38.601097
-50.37518	-1.8693283
39.73114	63.33843
-32.25825	-17.38264
-11.592893	49.214493
15.687483	57.099148
-14.284008	51.06321
-30.40474	-28.40752
-32.029182	-3.9382005
-6.86034	60.201393
-21.215754	-47.97951
2.0640037	59.55683
-31.687078	-35.077644
7.03969	-57.206043
28.177874	-66.9125
34.566757	-73.82423
-4.0028477	-60.86385
11.83559	-55.41361
39.592655	-74.99908
29.403553	-10.612755
33.55837	-72.488464
-63.180756	50.91043
10.649349	7.28101
-51.591923	51.789196
28.13326	-62.660526
15.927042	-55.825447
-48.171352	52.989094
-36.528473	58.617355
34.849762	-82.97566
2.5267575	-65.432846
-23.911745	-32.031086
3.7855303	-64.64451
-11.183071	48.419037
18.206264	-57.925407
-58.638245	49.646553
-68.914314	-43.62494
-69.93036	-50.450115
-21.6729	-46.224335
-8.267006	48.422142
-27.877888	51.526436
-6.678673	45.088436
-32.79782	46.524914
-18.314163	-50.66842
39.049507	-16.120092
15.028362	-53.143612
15.988276	4.8769464
9.271807	10.025293
19.240042	2.1166213
-82.76976	36.617546
-20.545263	-50.381268
-23.406874	-13.992886
-31.733196	55.441593
14.104997	62.949894
32.94814	-6.513267
-13.996666	65.231964
-68.20089	-54.821907
-69.54417	-51.89749
22.891113	63.72254
-36.979504	0.5234938
-37.191696	1.0494374
-59.447453	55.31536
-38.931152	47.189625
-47.734943	9.372391
2.9444382	-62.826782
-21.776844	70.254364
-27.769018	52.41765
12.727782	54.556812
1.5215777	-59.39059
-34.08816	-4.414672
-22.133368	52.265907
14.5956	67.012726
-19.029099	-49.278835
-32.090164	46.09129
-9.838991	71.10689
6.5081906	61.452072
-31.701397	-27.117844
-24.567621	-48.532948
-24.244408	-48.23788
79.930595	41.540833
-64.28935	44.639015
-52.807266	50.781994
16.335491	-106.18055
14.338258	-107.86312
17.26691	-105.93874
-91.0616	31.293207
12.439529	-108.42993
11.448056	-109.03002
-15.102893	62.238647
-71.21962	43.169216
61.39545	-9.916084
62.38102	-1.5600929
-88.36635	35.089146
-56.909256	50.037975
31.761395	-93.60696
34.691372	-89.662254
-88.50533	33.906002
13.172708	-107.8295
-32.051853	56.243
84.73298	34.65563
75.26989	32.317135
68.26498	-8.417278
67.568306	8.865193
12.04321	56.72853
15.609773	64.23866
68.50411	13.327225
-79.83212	37.388836
79.29437	1.3866857
17.642302	-102.2015
68.01264	-5.4448547
47.254826	-7.027461
84.651115	34.325924
76.303375	27.939266
-11.793213	65.50263
59.124325	-3.8276308
73.87916	17.800837
-38.133835	56.67856
-86.22464	37.235233
70.70943	16.581396
74.7505	30.660168
15.806024	-56.4141
75.570114	34.432777
84.44637	32.169033
85.219345	33.856796
-86.63143	35.163475
-87.54241	33.52343
64.77043	3.6569054
47.98726	-9.64571
60.331272	-7.7584133
25.110016	-98.787415
21.382015	-103.42579
-60.96569	41.45053
11.989339	-109.0841
59.777683	-11.019398
61.199383	-2.1150095
34.53888	-92.879906
-69.01535	43.74635
18.875	-103.25762
66.25117	5.5995812
-60.125366	56.06784
58.45897	-17.194916
-44.515697	47.127457
-81.417915	36.18496
-87.476494	32.88156
76.09606	27.953688
20.241901	-103.27558
37.274807	-79.06387
21.453861	-103.765785
20.366066	-102.588425
-59.401356	51.86129
80.92273	42.060688
15.646689	-105.54036
4.70307	10.498084
-89.23709	34.10394
80.89288	43.334694
82.8936	45.380096
-82.00835	42.312386
-87.34402	34.29344
-88.397766	32.69424
-57.538624	46.387337
-24.339638	-39.637943
-62.159176	44.744816
28.2459	-61.840717
16.237513	-57.167976
-89.90451	32.94893
29.000727	-63.063328
23.944044	-63.064247
-0.3272097	-44.07461
-38.53173	59.450115
26.488632	-61.38942
-63.268986	-70.38957
-62.165005	-67.348564
-79.79331	41.156025
26.758404	-97.58881
28.478882	-95.980354
34.94704	-92.98201
-90.988815	31.875925
27.24338	-95.42957
20.896832	-102.14193
-68.900925	-46.422035
-70.69934	-56.476116
-64.068565	-68.17677
-13.241678	-43.28638
-14.646457	-22.18016
-7.5027237	-61.270237
28.867128	-100.18715
-71.792274	37.926937
0.07181887	-68.35035
-52.76822	57.965168
4.6195226	-64.92207
-0.25767246	-68.02427
23.245403	-64.43746
-0.79428136	-67.45197
22.638708	-65.78643
22.862688	-66.507576
-51.977287	56.483414
36.50251	-87.75139
-90.382576	31.520334
-54.405033	1.1130955
-56.676754	57.36858
41.446487	-73.85415
-7.923679	64.14522
-8.117558	64.109985
-51.99207	-0.56462085
11.280069	65.406075
-13.616382	-40.056488
-0.040609688	-60.176006
-12.382395	-28.296638
-12.954385	50.033722
63.26168	-0.5848875
26.838255	-96.518814
24.471573	-62.405033
24.1909	-62.286705
27.239988	-63.123264
30.14747	-62.285217
-61.05538	45.245106
-0.60952866	-45.708286
25.534025	-60.880665
-1.4416966	-63.020344
26.445595	-0.7346262
-0.5499775	-45.293964
22.014015	-58.30431
-16.05313	63.94105
-16.11252	63.6761
-61.354378	48.062946
-2.2187052	-47.733463
-25.091173	-38.129402
20.066408	-57.83339
39.397316	-77.458534
35.247272	-91.10694
20.1328	-65.94851
-69.71201	-47.090363
-54.547413	56.061512
-80.70647	42.681404
-50.012684	58.877052
17.866716	-54.078804
-60.338184	48.803596
-68.82153	-59.640774
-0.13373983	7.9616685
9.679392	7.282976
-2.6060658	6.0520954
25.921679	-0.7599805
17.981009	-3.6383665
19.478067	-3.919564
27.288467	-7.080576
28.21317	-12.92858
29.219913	-98.30821
33.470676	-13.116739
58.556892	-4.430836
32.69669	-73.37826
-57.29857	48.550686
32.276787	-72.01577
7.2203703	-58.72948
11.901839	-65.53797
-30.182976	62.945515
-30.99337	65.45523
-12.235488	-43.093273
-32.246395	54.24674
-13.722143	-40.182205
6.431619	-64.20519
-6.216546	-35.738102
-6.6400113	51.040043
10.36356	51.614265
-9.497838	55.97344
-8.17391	52.613483
5.545989	45.348755
19.426235	53.065876
15.262908	51.51792
14.776015	45.752655
-35.640217	-6.016667
17.895044	46.441788
22.07061	46.68945
-31.504004	-7.552922
-47.140697	-2.8396645
16.691471	63.623543
43.20732	65.6239
-65.04296	-64.2518
-73.06541	-57.198437
-71.86435	-57.61321
-72.66153	-55.51382
-66.5126	-55.59987
-71.594124	-38.825336
-74.50835	-37.762867
-69.025276	-36.46354
-67.46724	-37.355335
-68.97959	-32.66042
2.6517408	9.501505
14.88943	-0.50314975
11.815995	-1.3423201
2.9395816	-2.7201493
23.426754	-12.255761
27.10033	-15.394528
30.313957	-13.369364
40.90294	-16.720736
30.290762	-14.204339
39.19198	-7.848383
45.036167	-11.322665
50.051216	-7.9382253
-76.53637	39.677116
53.154503	-17.914001
64.09504	-11.197279
-73.07534	42.75493
33.748028	-69.11323
-68.14273	51.054005
-67.75606	50.42254
32.460434	-71.27769
30.89927	-65.53294
31.8953	-83.38238
31.730082	-69.07784
31.421253	-66.529335
31.579865	-66.43715
73.44006	-7.049365
70.90265	10.054243
67.7605	-5.0455136
13.627659	-66.23158
14.459	-64.283424
12.255678	-60.488873
-37.137077	58.566742
-44.70169	58.55071
-47.686234	58.29354
-38.724854	60.0445
-43.19309	60.741405
11.350997	-62.52275
-4.568095	-60.799007
-48.01486	56.246048
-21.548903	-22.870815
-18.728994	-23.350817
-7.6823697	55.283314
-11.187513	-38.187977
-11.267241	65.63302
-13.423497	-38.365776
-9.390543	54.11261
-23.418255	-28.696005
-7.6969185	55.02489
-20.961433	-26.676207
9.161876	47.094147
20.110153	52.00525
-36.07398	-6.453918
-0.020244857	53.82859
-43.908	-19.547026
-20.677273	-27.858917
-44.013844	-6.2948017
-48.186478	-14.1933
19.269814	63.12555
7.576339	46.418926
-51.404636	-1.7464094
21.218828	47.41149
13.993264	50.394527
-0.7894649	50.079052
-48.41668	6.5568957
39.959206	58.256176
-51.56192	7.5969987
19.582209	50.031143
34.555893	68.24967
41.80173	70.40871
-47.98182	6.3115654
-61.60224	3.0654054
-66.84272	1.0904357
43.397297	66.160965
41.009426	63.44165
-60.720367	1.1682506
-73.92577	5.501754
-63.907883	-66.627174
-64.84848	-66.97594
-66.08275	-65.87103
-67.59763	-61.18774
-68.66801	-56.284245
-69.038246	-49.05001
-72.018616	-40.370308
-64.04514	-42.612064
-73.37932	-36.19529
13.948526	3.3195217
4.5696607	-2.004605
13.66659	2.915542
25.700962	-12.569642
29.719444	-9.781288
24.04181	-7.644692
45.32092	-16.564724
46.062813	-16.758898
51.476353	-8.778144
53.61557	-9.622356
45.592445	-18.971401
41.326725	-11.956157
62.548443	-9.577013
55.929985	-16.640596
75.07181	-4.854676
71.89394	-7.073208
28.763397	-74.07463
78.15769	3.9316883
-61.890835	53.76365
69.685135	-10.33936
76.54099	-1.3656693
68.44222	-0.315141
75.40648	-1.1308382
77.254105	3.7804043
77.62571	-1.7213461
73.781845	2.649994
74.747536	10.179779
-42.447315	60.384453
-35.210308	59.692673
2.7953203	-52.399902
-3.5576675	-49.936264
-38.244274	51.192654
2.000603	-52.11563
-10.767913	-37.260384
-28.722795	60.914413
78.96204	22.484917
-12.338739	55.992783
73.44152	25.294256
-13.295459	-39.312126
-11.00205	-37.632954
-14.564162	-33.69594
-41.24545	-23.657804
-7.023621	55.628815
-14.511102	-33.621033
-23.932072	-20.311806
-15.2055435	-34.617527
-28.683414	-26.180729
-9.532819	-33.359974
-4.1843424	-43.1926
3.6586459	51.14628
-37.259792	-18.612442
-20.116394	-25.673939
-34.642586	-17.863283
-49.891113	-7.9513326
-43.202698	-5.6162415
4.4182634	53.183247
27.021824	60.274723
-45.39374	-14.3796625
-52.964794	-2.312461
-56.117313	4.8432555
-63.62348	2.9955654
-73.40185	3.8179803
-69.57028	2.7848237
-63.022102	4.9484844
50.21645	69.84107
50.14837	70.30527
-47.352535	-20.06122
-68.98536	1.1576359
46.85131	67.50816
-71.29665	7.0989866
29.461327	0.753838
-71.49048	-55.1348
-73.94606	-44.18282
-69.663445	-34.91355
4.850432	9.727207
6.3980904	9.29227
0.5905577	1.8215165
5.035641	8.827501
5.614405	3.9179533
4.8686004	4.1195292
6.35816	-1.0594255
9.282353	-0.19542225
12.832703	1.7720091
3.4924757	-0.71109736
16.329212	4.553406
2.5940778	-1.2225311
7.1113133	-1.663331
27.555058	-5.3462343
18.662989	-5.3888683
17.325155	-6.9297805
23.716362	-12.605335
18.495827	-13.12824
29.574396	-14.902496
48.088234	-16.748734
-74.93047	38.788
47.91869	-22.568344
-71.41742	42.280563
55.171383	-20.512964
60.561222	-0.54798996
49.52284	-13.320734
52.701855	-21.574583
60.64834	-10.199956
58.72925	-16.844578
57.644474	-15.903921
53.378067	-21.37398
61.526318	-12.8084345
27.727427	-72.46301
76.12733	1.1446176
74.36413	-11.609757
74.15688	11.700768
71.654106	1.3825954
76.750565	16.433453
74.41279	14.204264
-33.613102	61.10987
80.2671	18.96033
83.524574	21.891628
75.16191	6.15059
79.82859	20.671867
83.62419	22.286469
-5.6706	61.177128
-30.708057	59.424633
4.649891	-52.228703
72.57515	26.044998
81.23896	22.548267
-5.1980286	-44.836117
77.33274	24.169647
-32.268764	61.57833
-7.70832	-46.50758
-43.684772	-22.285889
4.03698	-62.48676
-30.969301	57.518906
-32.79647	-25.923735
82.39992	36.591423
-23.835323	-22.955538
-42.872406	-23.211395
-13.838986	-36.89383
-4.0899396	-44.410503
-8.646481	-48.950294
-23.194633	57.722244
-26.4819	53.685078
-31.032063	-25.406277
83.16536	38.01595
-29.165396	57.776665
-6.767167	-34.69108
-9.842484	55.95763
-7.233226	-49.071346
-42.83916	-20.658413
-25.61979	-33.90635
-31.328033	-18.171387
-15.947208	-36.711403
-20.268183	55.33494
-24.310122	-33.46828
-27.965872	-29.979145
-4.312878	53.16663
-30.850662	-23.622612
-5.6836824	49.945126
-29.204975	-10.937782
-28.535389	-13.141839
14.963706	48.29726
1.3638316	55.797405
8.148348	46.860497
-16.722107	-27.068544
83.51027	37.369576
-21.839348	-30.273083
-16.772692	-26.952967
-31.105978	-15.576842
-21.85487	-34.320545
-54.820644	6.903881
-35.73561	-4.510603
-38.615517	-10.356147
38.571606	59.907745
23.779785	63.206657
-50.253307	5.6611214
28.29701	61.12638
-43.911976	-9.464544
31.612122	66.76932
21.52162	49.54343
34.596565	61.102646
10.462118	58.19058
-63.4689	4.6352987
18.625711	45.35286
-75.87129	0.16877495
46.157562	66.163055
46.936802	67.5753
-74.59716	5.913413
50.109478	70.91269
-67.31052	-59.13896
12.411533	2.9169807
30.450027	-4.1129947
24.847744	-12.632062
29.2297	-4.1392937
43.2581	-17.7359
46.728794	-21.441584
31.375534	-88.01593
37.284706	-82.19887
53.859337	-17.206364
58.19658	-6.6044745
49.131596	-12.893204
33.529602	-68.75039
62.214912	-10.274966
29.407051	-79.6325
36.803017	-73.323074
74.50172	0.88573426
0.71620905	-52.17856
27.540783	-71.123505
14.062786	-65.14452
12.833402	-67.223694
-39.754784	60.70069
-32.25939	60.29767
-11.479606	-38.74058
-3.5465157	-49.21755
-5.2843475	-51.468716
-5.221762	-50.868954
-18.280788	55.908417
-6.088694	-48.119816
82.75382	29.368526
-16.075176	-33.4965
-11.174683	58.520176
-45.132324	-7.2765856
3.7623887	55.73542
25.895067	66.710434
1.4765793	49.404003
-38.390186	-7.179486
38.578342	60.332844
32.86089	58.98123
-44.97663	-5.1080866
-15.789779	-31.627306
-50.243904	-8.255731
24.717066	60.328655
-55.49717	0.81305975
-54.066475	3.2646499
40.94706	59.250175
-64.096725	4.705945
-60.31906	1.5052996
-68.71831	3.5629375
-74.44886	1.4205636
-65.94205	2.2709692
-68.53828	-44.400368
-72.74062	-38.843647
-74.12124	-37.740494
0.14101206	2.7265944
10.0852165	6.9093323
11.19031	3.0376413
17.788282	1.9432902
10.73794	-2.557155
16.81259	-8.91378
21.70276	-9.563699
19.943035	-9.356551
34.357204	-6.554256
40.863117	-11.714538
36.832836	-16.956549
52.75047	-16.596725
48.68836	-16.939878
62.857254	-12.219104
66.98545	7.2823033
58.50145	-6.4111447
66.12539	-12.254744
31.506115	-59.65145
60.170822	-14.082105
76.54155	1.3515931
60.456146	-11.324139
75.35425	-11.989544
72.60986	-0.7725833
72.46974	-1.1233038
-62.098827	55.475735
56.98917	-15.259468
78.06172	3.1678991
71.96656	1.2506992
7.963076	-56.48874
72.46208	5.017891
77.89813	11.096542
-7.951111	-56.39632
78.331406	13.089575
79.14747	17.198479
69.9168	0.89226943
81.88522	15.953918
4.944963	-59.13506
79.7745	19.205359
77.520485	19.662546
76.40893	20.1642
79.13672	18.811272
77.77972	29.956713
80.79151	17.400978
-3.0667186	-61.22785
2.8016899	-52.636833
-34.370617	56.766453
82.286705	23.792685
77.526634	22.074327
-5.6433907	-45.216866
74.676674	25.073166
-6.6834626	51.212738
-22.066608	-47.9239
10.358729	67.29916
80.46337	25.18959
-13.39557	47.08583
-8.720572	-42.60332
-31.64596	58.688183
-14.242904	-38.795902
5.2328405	-63.54591
-23.976873	59.858437
-23.854275	-20.395021
81.47522	36.294796
-29.930548	57.99217
-3.5235693	-52.608803
-8.110086	-38.35248
78.987885	30.701977
-19.709244	55.74116
78.1617	36.656464
-1.5378081	56.140717
-28.12475	-23.701792
-8.535923	-49.92469
-17.240988	53.684956
-16.334091	-33.766693
-8.539316	58.188713
12.383619	47.71413
-7.052143	47.387814
-16.90901	-33.703987
81.02277	40.859825
14.49799	45.463245
-29.096817	-10.9105625
7.5240555	55.78914
84.31357	31.791111
-44.163105	-20.398975
-21.667328	-29.630316
83.67325	39.348377
20.200293	52.090626
12.228294	61.883423
-42.252228	-20.984623
83.243965	44.069252
-39.516506	-4.699902
15.493911	51.281498
12.328628	57.987858
-37.366882	-7.1092305
-27.397398	-18.095053
-36.97126	-6.4133735
-27.121357	-11.028629
-37.741127	-5.2812886
27.327133	60.934666
19.63372	50.43192
-41.395916	-7.4568405
23.336784	65.2516
36.675037	58.89343
-48.885456	6.880521
-40.534157	-5.7551823
-46.24771	-15.816739
21.348368	64.12201
38.870914	57.64331
-44.57228	-14.713455
24.651257	63.90345
-54.332684	3.9906013
37.682495	66.152985
-65.878265	3.3826628
39.033604	72.35073
50.523518	69.342186
33.673553	67.86854
-67.030136	3.910489
-72.74488	2.4140208
51.11509	69.74646
-73.380394	4.2273364
-76.13844	4.928924
-76.82951	4.8469973
18.365467	-2.4283624
55.271935	-8.555016
47.90394	-19.848312
60.83224	9.4537525
49.26867	-18.203856
60.932682	9.501133
59.3723	-18.990847
-41.06674	43.46381
-8.203075	-61.265194
-11.797267	-62.631863
11.650359	-61.43049
-43.897713	59.409332
78.778145	34.44342
75.38253	30.467966
21.40256	55.183197
-4.4418154	62.175175
-36.64952	-14.076191
-35.021286	-28.057478
78.9322	25.490515
21.412014	54.454678
-7.8795395	-54.45039
78.647705	31.251696
-20.513357	-25.72316
-8.080485	52.435722
-24.859419	-26.050562
12.070532	50.55719
-0.59043056	47.97381
-48.258915	-11.467037
-42.715225	-5.105914
36.967785	59.498096
41.42883	63.648655
34.889015	63.23061
-69.38159	-59.109474
3.1168637	8.47063
5.4350624	3.7987943
1.5198482	0.46071213
27.494417	-4.954182
22.43428	-8.840976
20.98937	-10.303115
25.537823	-7.3399296
25.060358	-8.521845
37.50396	-15.5628605
36.28882	-14.084691
42.508785	-12.40146
61.749084	-9.956412
65.21352	-13.003826
63.47187	-0.37320936
64.32784	-0.81610876
63.56787	2.1249104
72.44813	12.177487
-60.300175	57.556324
70.95861	14.957151
69.03589	14.526489
29.242027	-71.88581
73.259636	-12.133141
78.278534	-2.1433885
72.63613	13.674105
68.121185	13.031599
72.740005	4.3312616
72.049095	25.53208
72.13095	24.656614
81.780556	19.058638
7.7280726	-62.26005
25.486889	-70.77145
77.99074	31.914135
4.2420754	-66.98103
-6.7667575	-38.812225
2.2012582	-57.735832
79.34628	26.544252
-23.984411	52.125282
-12.886375	-38.639374
80.37666	23.983713
-5.934313	-48.6324
-19.374193	-37.518833
84.80825	35.60965
-31.832956	-27.17542
-18.496841	-31.99657
-0.57846254	62.310314
-20.387503	56.163296
14.490461	49.436543
-27.043398	-10.960107
-51.454514	8.065591
-22.788322	-33.961227
-27.012493	-13.577522
-27.448908	-17.295143
-33.23539	-11.078476
-31.540674	-19.537613
-0.33780804	48.312084
14.757641	63.21643
84.05492	37.6705
40.75754	59.084167
83.79629	41.44722
11.8977165	56.13035
27.657795	61.55686
16.43146	62.295425
19.618599	69.27671
11.980972	55.807644
-36.17214	0.37943867
-44.698215	-4.6892653
23.65838	66.733635
-49.350185	5.3886423
-53.32317	-2.8364217
-31.594385	-7.789532
-50.52855	4.2435436
39.93854	71.76561
-45.739456	-4.1429563
-48.38149	8.029498
44.541016	68.83166
40.6467	67.64349
-72.402405	7.5225744
-61.968277	-68.39524
-63.19616	-69.81294
-71.113846	-45.61745
-66.598145	-46.072258
-66.467964	-45.588333
-67.54688	-45.914417
-66.988106	-35.62692
-0.35445973	7.683957
-2.3355632	5.775493
6.630737	3.24477
4.3718424	-1.6761973
33.38272	-8.832869
39.7195	-11.295375
31.563545	-86.72239
40.10033	-73.224884
55.663338	-19.894238
65.45033	-12.143269
28.465086	-67.53095
31.636301	-77.245415
-16.24123	61.76631
-31.541302	57.32152
-27.090939	-24.697762
-29.108974	56.321957
-6.6706247	-36.955433
-23.53315	-32.369576
-69.04602	-45.204105
1.7644824	10.32992
-67.343475	-34.93161
16.73332	-0.965469
21.517385	-10.81702
37.623272	-7.972078
43.04999	-10.418358
38.316345	-82.40845
-76.090515	-0.07863679
35.986507	-81.46648
63.44681	-4.6045365
29.791197	-66.1997
68.4101	-13.191358
-56.381886	50.540627
29.979408	-77.81236
8.540376	-68.64092
-49.158184	56.102837
-48.786163	50.85839
2.6861036	-61.897213
5.4543953	59.352375
-27.048359	61.897243
-31.488222	-15.054489
-45.881428	-20.375097
33.06863	67.35478
36.530285	65.34442
41.066692	67.289246
19.963337	46.165806
50.40177	71.65785
32.614586	55.53309
-59.776554	56.045
10.240603	-64.190056
30.091087	-83.19532
-84.967316	36.759537
16.980568	1.1836005
-31.8252	-28.563387
41.912006	74.50414
-72.02166	9.706319
-29.059027	-15.152577
9.271046	-69.26567
-61.941628	-69.48439
-63.93141	-42.924747
-62.99935	51.401516
-92.646965	30.728115
33.304264	-79.41294
-59.932804	52.864185
-23.336613	-13.488854
-6.782137	-50.78488
17.27287	-104.69754
-49.924706	56.63029
-79.392654	39.76852
8.73552	-66.68897
-12.041306	64.87921
-70.58934	41.48104
31.633947	-82.02436
37.583027	-77.9879
29.340683	-99.617546
34.39108	-84.2474
49.201073	71.22117
-86.861755	36.554707
-3.514915	-59.75681
-29.218782	-2.1294603
25.60298	64.09682
11.067238	-4.0677657
17.456774	-105.302345
-63.66929	-70.70107
-64.69353	-68.50454
2.2714128	-63.468655
11.827692	57.78096
-21.47883	-48.731026
-10.616621	70.34081
-6.240965	44.397728
-16.693947	-50.480446
16.283081	-52.231285
-71.60568	-35.31643
38.71998	-74.471176
-58.109993	48.174725
-36.4968	-2.046244
-67.252335	-61.338577
40.035507	-12.355601
31.463856	-11.649246
-73.254036	-46.32333
41.46719	74.49768
28.145945	62.778828
-35.231422	-1.1798917
-72.21184	-44.13728
33.41872	-89.45078
10.885387	68.85717
-50.380314	10.144282
16.061375	70.919655
-80.17106	41.05117
-62.543095	44.895245
-49.184032	58.346474
-58.047966	47.558743
-35.786263	57.41541
15.592645	68.45639
-9.547333	-48.57191
-44.61293	45.401154
10.2174425	-50.926067
-32.0997	-35.46357
-9.830089	67.79684
49.054638	-19.848156
-71.93623	40.313133
32.97179	-92.85524
38.41996	-75.56207
-85.86135	35.414165
22.53706	-101.6486
-12.220401	63.854572
-32.52058	-16.835768
21.289038	-57.880825
26.725237	-65.96929
15.101864	-52.754936
33.69946	-89.53909
-7.4456644	57.910503
-18.930065	-49.685345
15.53146	46.595684
49.59624	72.428246
-5.0841875	46.868973
-33.792427	46.338436
-2.665756	-48.515827
5.5768766	58.785343
-49.83214	10.144401
14.208225	54.61443
-71.737724	8.727065
9.307981	-69.66054
69.168236	6.607919
-54.31808	53.058483
3.3969433	10.41539
-17.499329	56.493008
9.50355	9.870517
34.123188	-73.26543
7.5230985	9.761671
10.034461	-65.34171
-38.04319	55.559307
-34.263866	55.176712
33.887943	-72.45169
75.02655	-2.4264636
-56.34819	54.02721
-36.84291	59.11971
-0.73935163	50.98072
25.40368	-64.77974
-79.256516	38.39701
-67.13219	-36.21974
7.5354524	-54.46991
17.944485	-54.37194
-58.397526	49.848255
-51.66459	50.26706
26.945463	-6.6557503
10.113487	-63.897198
30.12006	-7.7701087
-84.31748	35.167645
25.41943	-64.33267
-37.600834	58.197567
64.46357	4.6973624
-17.79292	-51.685192
-54.46975	6.633921
-14.180218	65.55464
-68.80925	-53.911648
-62.675457	-66.187965
-33.827938	-4.4824834
-32.446587	65.2655
-44.8653	47.123295
-36.405495	1.3898468
-3.6048732	-59.275764
-14.783336	-22.448116
19.541485	69.29212
8.290767	-53.551003
21.94228	64.44258
-22.605837	-45.682793
-10.624125	70.26287
-3.2234817	52.399788
-32.107315	-2.8518338
76.88462	34.56554
36.339165	-7.6743026
-83.89013	36.512276
-55.450264	47.11176
43.35691	-13.044062
22.11038	-103.08268
-79.75623	38.231728
73.49872	15.765075
35.12513	-7.010871
-90.53823	32.07927
-74.23221	39.920155
66.30446	5.0476136
25.765299	-100.69745
19.168314	-104.79271
44.52899	-14.0565195
-41.791405	52.39562
15.510296	-106.85147
75.71723	34.2736
83.907936	41.27046
-11.62391	69.61147
82.08916	43.2819
81.73419	41.431267
-9.537417	47.22117
-62.25394	54.90395
-53.806087	52.14001
29.336473	-97.38593
32.382732	-93.09093
-70.15622	42.560783
-71.64768	40.84979
19.98752	-102.43419
68.68494	15.024394
-70.280365	43.31597
-85.13318	35.988956
13.332331	-107.48615
77.04351	34.061417
13.868797	-108.11494
-58.54058	55.634323
15.348791	67.10475
40.78879	-74.424194
0.8671136	-45.48421
28.835224	-65.23099
-72.87494	-45.55515
-79.94055	41.76718
21.33133	-102.53287
-71.73656	-41.65993
-67.442215	-57.440117
-65.07725	-64.473495
-49.261566	48.39019
37.040768	-87.99947
-90.10662	30.937368
-2.7737231	-63.08253
-10.7918005	63.7972
-46.76018	-9.960588
-15.917292	-49.75485
-60.90936	41.459766
-43.995285	50.0552
26.621557	-99.61806
12.705982	-49.46952
5.5809565	7.6324334
-50.98081	48.426743
29.96635	-68.5865
-37.90704	45.03342
25.344427	-6.4099026
31.507933	-60.04284
-52.815033	57.92957
14.352721	-51.01145
19.92285	-56.979595
-55.30781	55.17491
-70.041985	-38.916115
9.857608	12.29621
-1.2840458	6.6000686
31.151222	-10.019095
27.278233	-15.278153
28.230627	-11.418947
31.368282	-12.968654
32.22712	-81.645454
-63.83377	46.342575
63.686584	-16.31372
-65.01702	50.153893
64.98292	-13.766008
13.074154	-66.17298
-23.476887	-15.343093
14.771669	46.902348
-33.776577	-22.514385
14.033377	45.452553
-38.650692	-7.2019672
-48.111496	5.054964
32.748688	57.71089
-47.551285	8.015567
38.014812	68.17175
40.337536	66.40535
37.7163	64.45645
48.000282	67.64393
-64.59418	-61.68358
-66.690414	-57.33401
-69.97703	-48.777794
-68.35813	-43.471622
-69.01641	-37.96862
4.963829	-3.0537739
6.9487925	-2.284923
18.787336	-12.771303
54.61745	-10.387457
45.021103	-19.141401
51.45074	-8.007808
52.216866	-8.911125
-74.94166	39.556744
50.156944	-14.648072
56.91039	-16.640425
30.912926	-81.36101
7.3606324	-68.111626
-37.075256	61.609264
13.301012	-63.589153
-37.77616	60.43678
-28.290695	64.92661
-29.392225	60.503666
-29.858166	59.01509
-18.902222	60.975906
-23.368963	59.350685
11.59508	47.513412
-24.970245	-25.647926
1.7853631	52.526627
15.883355	48.537598
-28.902248	-23.176756
6.8392787	56.682476
-41.11599	-15.00802
-1.5459828	52.445827
-42.013645	-15.66777
-52.473778	-0.7477451
43.483284	69.48981
-61.255672	2.3818707
43.08594	64.53601
-50.00804	3.4388764
40.97786	70.30343
51.496086	71.96364
-75.088684	3.9399989
-73.78935	4.9856462
-66.906815	-62.73257
-68.642365	-33.631695
11.9434185	5.9387856
17.353119	2.1379776
30.002537	-13.487823
34.68576	-8.478557
64.80986	-11.689407
69.95385	-5.3553543
72.380615	-6.8768063
31.2207	-74.77273
75.636116	-1.9886771
69.508064	7.872404
69.89018	8.987329
77.35201	7.489312
-41.33432	60.73984
77.45136	9.507751
-23.520943	57.24135
3.500776	-62.550007
-41.12162	52.374588
-8.087485	-47.671604
-9.2804785	60.356117
-14.820173	55.38214
-67.06958	-1.5646718
-0.55038106	62.42479
-30.891315	-23.703304
-20.722864	-28.891354
-20.005281	-29.929234
-42.254513	-10.617646
-11.738221	-34.833065
22.901415	49.717407
-46.016777	-5.7729144
-62.46699	5.484988
37.99284	64.62128
-63.14758	3.5064406
-46.96259	4.2891254
51.536522	69.880196
-66.0643	-64.78835
-69.2793	-57.486805
-0.17602326	8.39123
1.6808517	8.316378
6.3069487	9.636358
22.90872	-15.792814
7.081231	-2.6552188
27.741976	-7.8145614
59.97863	8.944057
20.101269	-9.412268
26.39797	-7.537772
33.236366	-8.655796
34.571835	-7.5639977
39.01211	-9.925119
31.535473	-87.65704
49.95887	-20.006756
51.854473	-21.539673
47.674538	-17.942316
67.026764	-8.497183
63.365486	2.7034066
68.532776	-5.8561645
71.62529	10.564892
73.67605	-11.527976
71.49799	1.9937135
-47.11096	53.04965
77.5998	4.790048
8.4969015	-54.34002
-16.402292	61.69739
79.3378	20.82616
77.1655	28.157135
78.25137	12.073408
-3.833818	59.336426
81.2679	22.394033
-13.106013	56.19803
-34.28836	-23.597189
82.312744	25.604303
-6.422179	-45.401028
-26.627605	60.345295
-8.12067	-35.890156
-8.717331	-35.52647
-27.823185	-42.436836
-39.44572	-16.517918
-16.332914	55.526577
23.756601	56.686203
-18.421598	-28.106663
-32.10574	-19.405529
-28.185247	-13.949493
-9.799716	58.55642
-20.20829	-27.308672
-35.642437	-0.20454425
-19.561558	-28.055027
-41.316135	-18.836657
-7.918273	-31.613724
-42.600086	-2.7716699
-64.710106	0.8159118
-72.152596	1.449052
-72.54407	-56.584343
-73.732	-55.703777
-69.25097	-31.761162
8.162625	2.9544528
13.076889	-2.0059705
74.7326	-6.1625776
68.76376	-9.321489
-42.793644	58.86639
2.4206684	-54.70098
-27.561474	63.80195
-18.571009	56.53755
-20.370462	-23.605911
-35.4428	-26.544111
4.389749	52.300453
-40.930836	-15.021038
-10.20814	-32.54295
-41.91935	-18.779377
-43.39938	-19.384409
20.109142	63.172504
10.151519	52.99905
35.82683	61.945263
40.160164	67.58059
-73.31911	2.6464658
-67.49085	-37.958424
-69.27584	-36.83557
-67.972015	-33.476566
22.304022	-11.887595
23.662092	-7.308634
40.254623	-16.391375
-76.04088	38.59015
70.20806	-4.883864
59.430756	-16.753124
75.40772	-3.1784716
67.56417	-12.032756
71.77753	-0.4160727
31.162596	-76.34603
72.13449	0.72666866
76.21586	-10.257849
-11.292338	-43.686337
74.46541	2.1974316
7.4491863	-56.758995
-30.25765	63.475792
77.777565	-10.221193
80.17379	17.599976
76.88516	19.613724
75.30264	32.163143
78.25402	12.147826
81.07366	17.214838
-32.1127	59.810585
-9.180407	-43.684856
-9.315249	-49.292454
-13.780854	-37.182762
82.21103	34.850307
-29.187935	-22.4537
-24.591562	-23.141638
-2.302354	56.177746
-37.856453	-12.065939
2.1771333	56.682373
83.67595	34.8094
19.966478	59.127342
-7.585674	-53.452034
10.393543	51.93975
-38.224632	-11.136457
-33.461044	-11.478227
-21.468739	54.98021
-8.0348835	-32.307636
13.546563	58.86115
6.7918277	56.754894
-31.512417	-16.852526
22.436377	61.560497
7.238302	46.756992
-53.352135	3.4260302
-52.384346	4.089613
38.571625	65.69692
31.676607	66.78063
13.681601	55.383305
40.570045	62.384453
21.177416	48.35358
33.34274	62.229088
-46.6946	-4.624742
21.307827	48.59483
-54.585384	3.2493646
-68.7017	0.060603578
-71.71069	3.6957076
-72.58152	6.642393
-67.40344	4.3778725
9.867659	12.401375
46.362766	-15.2966175
46.355858	-21.611883
-11.7365465	-62.623924
-11.7522135	-62.637665
-60.637333	58.22564
-43.134277	60.65357
-4.5092196	62.117004
74.30595	22.264072
-36.705975	-13.914133
-37.09929	-13.240636
-17.867722	-29.43359
80.01112	34.30643
5.047175	50.508575
-53.775475	2.609199
20.922749	49.325912
-65.48412	0.8112569
49.166176	73.76818
-69.367485	-55.310867
2.085139	-1.2081904
9.552813	-0.8234661
8.598042	-1.1798124
18.200743	-7.4159484
33.389194	-7.174133
36.33834	-13.993256
42.88908	-11.003408
47.123436	-10.563318
55.312866	-19.423632
65.12087	-9.052638
67.77491	-12.517971
65.19616	3.7137933
76.82685	-10.297225
9.633575	-67.67384
-20.947557	-50.866333
73.38223	14.838757
-6.426711	-55.87465
-25.911943	59.6155
73.47476	25.188034
7.3075204	-61.37368
-31.323853	58.528877
82.187874	35.99773
-27.949404	-0.7586628
-6.99708	-49.890633
-23.636135	-16.076447
-35.85232	-2.3681293
-42.240215	-10.722846
37.166313	58.405613
-32.114956	-3.3947182
-53.090954	-2.160448
-51.42642	2.5353577
-67.65922	-62.069504
-71.371124	-56.54776
20.191673	-11.464732
33.755077	-83.662506
38.67704	-76.71529
31.995197	-77.39652
-41.35756	51.42461
5.488012	-68.81298
-34.578266	-20.985437
-54.122776	4.5594993
29.6371	-1.9852141
30.37876	-10.693468
53.88269	-10.561965
14.749451	-67.15015
-75.59545	36.420826
12.077207	-60.869545
-48.923767	52.351643
1.8208046	-51.922264
-29.947464	56.109833
-19.58414	-23.713703
6.614534	52.80853
-2.8442535	52.02029
38.247334	59.357845
36.381298	-75.55882
29.986668	-83.235016
20.79272	-58.687996
-65.68522	-65.96198
0.72238046	-45.283566
17.03287	57.10643
43.340725	75.46838
43.21951	76.68191
26.039143	59.73059
43.818027	76.6996
9.33152	-50.36242
-91.61165	31.55608
-91.96876	30.462324
-15.361296	-24.05823
18.331612	59.81749
31.901512	57.139286
-21.68568	-28.54149
-27.81587	-42.412277
-24.964397	-38.395817
13.045297	-52.94705
21.7874	-101.76366
-62.00097	49.710728
-49.602463	52.754715
26.59954	-98.913635
-69.83623	-49.439903
-30.828583	-0.915906
42.037834	72.469345
-72.5296	38.312035
-56.320114	51.066635
-39.665688	-6.2357087
-10.07703	50.904076
-34.90024	44.276566
-43.58645	46.50008
-87.81289	33.46588
19.441866	66.24089
-70.55189	-42.736347
65.855896	-8.721291
-7.494363	-55.814434
1.6025664	56.237183
-39.216694	60.5501
33.87973	-90.56623
-21.904722	-49.65825
12.491133	-50.75249
-81.18594	42.033146
-64.17749	44.885986
20.353775	60.467926
32.852615	-91.064606
20.72629	-56.34924
20.37339	58.863903
10.464467	66.2445
11.835038	6.809391
-29.778894	-19.697598
35.953777	61.571068
3.0390255	-59.064175
-38.5864	-2.9649255
34.205654	57.128117
-0.8943486	-46.601337
19.02841	59.296627
17.12881	-106.72544
64.92647	-8.531774
31.088322	-67.80583
41.347775	-15.920099
-23.818174	52.932106
-45.91207	-9.344806
-32.264156	66.13618
22.626865	62.205845
12.371043	50.437973
-78.6474	41.989716
-12.046504	49.73269
-27.907633	56.17348
-61.01146	46.9209
-50.05397	48.788002
33.060276	-84.76967
33.617237	-77.843315
-59.037537	47.10695
14.435065	-55.332523
19.243525	67.00392
-49.644325	8.60495
-10.725345	62.55981
35.85853	59.000282
8.872479	-63.263004
-17.521296	54.68236
14.096697	-55.378284
-59.774654	54.16505
-34.786266	-26.99301
11.742424	61.794804
40.229385	68.37726
-32.381268	45.627396
28.206512	-2.127968
-0.14484677	53.268658
-61.776783	47.89635
11.48254	-109.2304
-63.51681	49.64684
-85.06689	34.788048
16.180107	-0.10632272
20.815018	-104.12941
71.39646	24.710913
78.70825	37.641373
-41.036526	51.419094
-86.94748	37.56652
48.60658	-9.60979
50.646004	-8.995197
19.39178	1.6408188
-82.16493	42.649017
83.085724	44.97994
-31.794495	45.631157
-59.38932	49.573746
-77.00877	36.39323
63.705452	2.5986276
-52.604855	48.437687
79.37886	0.079158485
58.18495	-19.211264
-59.73107	50.91239
-44.39402	57.73712
62.423763	-1.346959
-75.41207	38.144924
43.55788	-13.144714
20.204927	-3.9968605
16.050034	0.46856508
74.42619	20.339638
80.73667	39.89714
37.74579	-83.29743
17.859682	-105.718994
-63.98896	49.656006
-63.930344	43.84507
-73.91052	-37.3087
18.01988	-103.13496
-72.13357	-42.41419
23.128344	-66.03868
-73.04632	39.18108
-7.280036	-61.380707
9.386784	-56.798054
-57.50195	1.5035052
-26.325474	-23.851591
-0.046061683	-60.222385
-4.3875675	-57.824337
-26.095379	-33.275303
-6.5977035	46.09654
-47.450897	-10.4837475
-58.81339	46.095818
-75.27891	39.181797
-2.3120189	-63.015198
21.38424	-56.88303
31.509958	-60.304695
25.162361	-98.50121
0.8574294	1.8507184
1.3092296	5.1783547
30.942896	-12.909477
65.38242	-15.453752
6.5630465	59.625
-24.944878	-26.379795
-5.9767203	48.223797
-38.2759	-5.234832
34.78962	60.835014
-67.37137	2.1112263
-75.64515	4.4607286
-68.91137	-55.73993
-67.702194	-46.44943
-68.55665	-34.2665
8.162677	3.8107083
14.887453	5.081416
13.263464	-2.008206
13.47823	-0.15365706
17.952463	-7.915429
43.16514	-17.77989
51.13266	-8.333879
33.43484	-68.36862
69.071144	7.1193557
75.0943	-8.618689
-61.997227	54.084003
-0.0024583912	-48.90481
-30.168333	61.116768
-29.22732	66.00893
-11.439335	56.11546
8.52271	46.991817
16.135382	56.419563
-8.568542	57.5308
-43.543396	-7.5853157
12.721828	60.432076
-44.541325	-18.194748
-53.82652	0.45334092
49.587433	72.26165
-65.40725	-62.996998
7.473039	2.462524
19.579039	-11.099988
29.392485	-3.395765
48.284103	-18.613056
49.70988	-21.152468
70.56744	11.562055
-4.5794806	57.648125
76.515076	0.4285573
68.57568	-0.36003655
-49.636497	53.355244
11.897984	-55.33264
-10.687365	-42.773586
2.894707	-53.432796
3.6542828	-53.56493
6.696714	-64.80869
-4.724521	-51.738853
-7.259971	-53.92776
-5.2451315	-38.51761
-24.11447	-28.783384
-33.89132	-22.178368
8.062411	55.601887
-30.03961	-28.673105
22.801342	50.128845
-61.365257	2.9058952
36.107616	64.28121
-63.281986	3.7288122
-69.82451	-57.87309
-70.14252	-50.25188
-72.72095	-35.883484
-73.46432	-35.503464
2.6912944	8.839008
3.789036	7.2299376
0.0290297	2.9126272
30.384382	-2.8998263
22.240705	-11.832537
39.842556	-11.080593
34.837963	-12.341761
45.589256	-10.882875
38.203377	-16.94197
54.984158	-10.855096
58.166546	-12.836156
36.87515	-17.792568
61.316963	-4.8040752
28.816391	-73.35091
75.6011	-10.360232
76.763824	8.731529
10.368659	-61.693287
78.01061	13.618754
76.71832	29.03406
-3.740722	59.332314
-22.732153	-22.768114
-32.98931	59.50062
77.786	32.51921
81.95699	31.269053
80.257034	25.58181
-28.94459	55.950207
-8.352077	-48.598553
-2.6182182	56.50115
-3.8502293	53.070137
13.186533	47.64164
-44.291874	-9.135442
-32.86249	-10.426944
4.0117755	45.60767
20.21163	46.93394
-45.6724	-16.19053
-49.60789	4.1608934
-74.31425	2.34464
-63.683342	-67.61165
14.738678	-0.029719403
60.735077	-17.125595
74.84544	-6.866868
32.634754	-66.1116
-8.636041	59.706604
-31.047003	-34.84619
4.1332755	55.163876
17.406643	50.609447
-43.458782	-15.563859
-51.136574	-1.9391899
28.36041	61.534958
-48.688293	6.1499987
-68.09964	0.9363336
51.053684	71.026344
-73.96821	-56.16009
4.127722	4.7263947
13.519955	0.682976
17.21612	-7.4952245
34.894	-12.845208
39.03048	-15.448167
32.351635	-15.71798
63.663338	-12.678911
48.425575	-12.502538
60.099693	-9.59126
73.548775	8.618801
78.45135	2.8847504
-34.44283	61.245247
83.67287	23.271107
-49.757496	55.193657
76.629364	20.562998
81.60978	20.627703
81.056915	34.111576
-18.532232	56.016216
-7.280951	-36.30559
82.298645	31.507318
-27.48805	63.861294
-10.494486	51.762314
-8.164041	59.011906
-18.151812	-37.540176
1.874543	52.443817
-9.409495	48.00512
-34.520664	-27.303299
-21.850342	-32.584446
-28.182886	-28.322466
-36.26285	-5.138186
-43.516983	-2.5632582
-42.334568	-17.883015
23.423365	66.297165
-44.37846	-1.4326253
-24.154577	-13.069045
24.430727	59.995636
25.206915	58.662106
-26.389645	-13.40823
-66.69021	2.403055
34.717167	63.965736
70.58021	17.262354
70.41	17.899332
41.026077	57.37185
-26.859787	-24.702358
-31.204512	-19.219341
-35.16986	-18.429596
23.918648	64.421425
43.911213	68.998314
40.301643	70.85468
17.428787	0.0010810631
28.606054	-8.418961
54.35386	-19.11064
61.68221	-4.5447764
56.03921	-17.0839
62.435627	-4.2765436
74.98205	-11.837319
73.7082	11.459709
12.84464	-63.266914
72.2276	-11.632318
72.82767	14.087252
-33.24623	54.752827
-0.98251134	-48.02663
81.455444	24.012318
-1.5748771	-49.157925
-18.129145	59.05819
-34.796246	-20.909
-34.76922	-20.138842
-8.826625	-33.47987
81.30257	40.86203
-28.482052	-13.014129
-23.097485	-33.908222
-0.3266245	62.78001
0.043788526	49.982426
13.539712	62.012543
31.390776	57.075367
-53.681004	0.013843705
-46.804035	6.429876
-69.422775	8.384015
16.311731	64.86456
-70.62743	5.107991
-69.6984	-37.767933
29.78699	-14.983119
-67.58638	50.133476
28.360691	-68.22722
-60.318756	50.51969
72.74226	1.5222443
2.453219	56.600418
7.6280413	8.154981
9.445657	-6.6601725
46.354115	-18.64222
35.294827	-80.49089
32.19556	-73.50146
1.29055	-54.522717
0.8698084	-57.50159
-18.511225	-37.595993
35.224316	63.891964
34.096905	63.99734
-37.148796	46.23789
18.402353	-102.15132
-63.197273	-68.835815
7.084046	10.257909
8.119565	-68.94484
4.788077	0.03675378
28.784922	-95.22744
-1.7636625	-65.25396
9.577517	-56.660656
32.86585	-89.67908
-15.381317	46.906055
24.763039	-65.51274
19.94226	64.51633
-41.99542	46.852657
-54.91892	54.526566
-81.4815	42.939266
10.683191	-49.291973
-76.02909	37.541935
-42.628006	48.663517
35.835644	71.20734
34.819427	-83.594246
4.7306156	51.321873
-14.068883	50.894756
32.539494	56.626488
9.487071	-65.903854
-28.602873	67.22621
-35.298225	-0.026011914
-12.049762	69.523705
-48.901398	47.74056
26.570637	-63.4591
-4.361434	47.241318
-31.910538	53.57647
-62.26064	-69.15545
39.229694	-82.5009
-46.42662	58.700768
-63.81515	-70.164764
24.547573	-100.27342
13.107868	-108.4504
67.98777	7.680066
-72.12977	42.961792
38.199764	-77.99074
13.666968	5.845685
72.52442	13.26739
-42.871265	47.04669
79.78393	40.2933
21.707228	58.604424
16.078884	-106.85826
25.124971	-100.21273
70.63012	15.180267
28.16137	-100.95137
-72.808334	39.80058
67.62621	8.763294
83.08778	46.074398
34.45833	62.04515
-68.73086	-58.326523
-64.86303	53.591595
-1.2734765	-67.566
-90.7687	30.248234
-14.378437	46.826855
-67.71266	-57.11621
12.725917	-49.864616
-40.95356	46.881973
-43.102238	49.330265
-44.67276	50.795834
-56.33356	57.12595
65.47482	-15.233408
-49.56341	50.760105
-13.580463	56.40507
-72.603294	2.2501564
48.70267	70.02197
-71.41028	-46.420433
-68.16728	-43.26195
-67.38143	-44.108948
-67.95062	-36.805756
16.7138	-2.4934762
16.556818	-9.048433
12.010781	-2.3619177
18.472084	-6.130041
31.56269	-89.859245
39.674847	-9.803926
47.909824	-7.0899067
28.113287	-72.48066
29.449223	-71.5882
-11.781728	-42.656437
78.02249	30.527163
-26.893045	60.25705
-43.836506	-21.286644
22.429682	49.67961
-45.69188	-13.996503
-52.86508	4.796338
-71.05783	6.906749
-72.76897	5.344336
-64.18983	-66.28786
-62.303314	-42.80572
7.925081	3.8942137
4.928369	-1.9409977
24.858213	-12.650442
76.27589	-7.1744556
68.92981	-6.2082033
75.992546	-1.5071529
27.1411	-70.86598
-20.275612	-23.563234
-23.50692	-24.384287
-17.071493	53.694065
-26.880476	-14.649048
-29.341757	-27.840075
-22.549541	-24.940535
-43.726124	-18.618204
-51.033276	-6.4890194
38.926617	66.89499
-69.87389	-48.32345
-66.17948	-34.806858
8.983033	3.2654743
25.316795	-6.9685035
54.69679	-9.459083
76.85333	-7.666715
67.07231	-8.745373
78.26125	17.900732
74.603134	18.298277
-30.17035	65.57697
79.26059	27.378708
-13.888733	57.216232
-24.460623	59.846123
-18.008163	62.239124
5.5003943	45.468613
-29.714777	-28.805943
-48.477333	-11.751807
14.210408	57.323338
16.924587	57.168102
41.526154	66.14906
28.846285	-70.99399
77.54997	6.477897
-8.509939	-51.097256
4.08411	-0.48341694
29.82789	-2.3981771
47.11153	-17.769526
59.85833	-14.7486725
60.507187	-12.739546
73.19676	8.171695
4.837635	-52.72656
71.79024	24.57359
-5.233387	-43.577915
11.76856	-67.38624
81.39589	16.61476
-8.797239	-42.224045
-3.2526374	57.101486
-5.2456336	-50.342182
82.71887	34.707684
-43.7825	-8.438676
-44.537155	-6.9274793
22.007566	52.127098
-67.6188	1.9794388
39.472588	-73.66227
72.53118	11.270455
74.46001	22.842424
-6.826264	55.86501
-64.124466	-43.55349
56.42197	-18.79352
69.38781	-8.906659
68.49479	-9.347622
82.85868	18.072584
-6.2815814	-56.67085
80.53293	21.019907
2.1373503	-58.177017
78.3167	37.009686
16.219885	56.920017
13.674884	64.54254
-43.07608	-6.507606
26.34246	65.18587
-55.823513	4.890158
-69.43804	-45.253227
-1.7967894	5.917993
38.64779	-8.398591
45.24781	-21.434233
41.82243	-14.734748
32.115807	-81.58436
37.492306	-73.886116
55.56816	-16.92691
24.703693	-97.00623
64.06917	-14.095288
-59.761597	54.609303
12.33107	-58.44318
-2.4624817	-61.98409
3.2908366	-52.303173
-6.8179994	-38.33873
1.9699259	49.756668
-67.5899	3.4371064
