59.91272	61.473515
59.906147	61.3225
60.722095	60.792492
60.88202	60.884907
59.44773	60.82619
59.325768	60.945423
60.40364	61.929756
59.592525	61.417843
59.071335	61.140396
58.91933	61.20067
60.09888	60.5731
61.01201	60.959347
60.155933	60.18572
59.957897	60.38598
58.769848	61.57932
59.112846	61.05078
59.52845	62.26432
59.484207	62.312714
59.438988	60.595867
57.34047	59.53025
58.521725	59.991837
57.889027	60.02327
59.036373	61.53026
58.9146	61.46144
58.806046	60.795437
58.850853	60.91802
59.907543	62.099895
59.74281	61.744576
60.49861	61.830433
60.61348	61.75516
60.779446	61.822037
60.715294	61.757965
60.381622	60.953854
60.398876	60.21089
59.935818	61.537987
60.45289	61.697163
58.487244	61.742264
59.871426	60.331707
60.07021	60.82421
59.850784	60.335205
60.64099	60.48716
60.703316	60.61293
60.853554	61.418667
60.786488	61.366184
58.744816	61.317413
58.648026	61.402615
59.691513	61.186855
59.594826	61.154404
59.296074	61.240814
59.302776	61.761124
60.717934	60.519566
60.617813	60.37441
58.874813	62.00768
59.519974	62.30688
60.614193	61.670956
60.454727	61.437355
59.694862	60.655285
59.361755	61.1417
58.604267	61.60921
59.281982	61.605
55.721443	59.572456
55.835045	59.63669
57.26502	59.21344
57.32159	58.971916
58.17121	59.05292
58.472164	59.652374
55.8185	59.59255
55.396297	59.54886
57.847183	58.56772
57.64916	58.47648
56.03129	58.311665
56.108524	58.48662
57.53939	59.216133
57.405373	58.673042
58.278023	59.186745
58.29624	59.28192
58.02703	59.318203
57.76585	58.73571
58.66628	60.32861
58.217247	60.09813
55.786213	59.037773
55.60267	59.311996
56.66291	59.175304
56.775993	59.409622
56.89709	58.502335
57.027275	58.391323
57.922337	59.931953
58.118263	60.010365
57.578056	58.94298
57.56582	58.918053
57.458035	59.23481
57.108994	59.264423
57.99139	58.785034
56.868862	58.545803
58.39532	59.771065
58.47933	59.90821
57.642864	60.59994
57.91863	58.629963
57.37232	59.574062
57.654747	59.645454
56.229633	59.671886
56.005455	59.65913
56.569553	58.966892
56.497322	58.869785
56.60212	58.861137
56.17039	58.47259
56.959557	58.459
57.004944	58.322014
56.05477	59.084896
56.990734	59.25265
56.664223	59.0645
57.067383	58.899994
56.05087	58.529915
56.045918	58.488464
56.75652	59.56125
56.675873	59.338345
55.488705	59.30432
55.364964	59.550636
57.23012	58.848152
56.990345	58.679676
60.91028	61.196384
60.30476	60.209286
59.88684	62.045753
59.736694	62.18865
60.590477	61.54528
60.196743	60.679176
59.795166	61.563465
59.571262	61.062927
60.204018	61.339645
58.670364	59.353573
60.233055	60.2642
60.92287	60.75457
60.135296	61.32768
59.670624	61.09143
59.063103	61.801907
59.834698	61.064354
59.35783	60.95134
59.12346	61.031487
60.035366	62.0744
59.868176	60.24416
60.739376	61.231525
59.548664	62.045147
60.08041	60.958843
59.015743	61.096096
59.11803	61.03644
60.303078	60.459126
59.648476	60.900833
60.511074	61.49127
60.496067	61.02028
57.856762	60.121964
58.188896	58.89365
58.327236	60.602966
59.07926	60.440952
56.828274	59.442993
57.5286	59.81094
57.32097	58.43733
56.993317	58.761143
56.147034	59.705112
56.129448	58.99884
58.112537	60.078213
55.75965	59.670162
57.78108	58.57804
56.05178	58.828495
57.898056	60.598003
58.13453	59.058495
57.82894	58.87844
56.5854	58.456066
56.1941	59.317024
55.285675	59.47129
56.905617	59.662025
57.074074	59.109264
57.4132	58.936386
56.94759	59.241528
56.031864	59.56288
56.407356	58.447884
56.485115	59.536266
57.886944	58.665817
56.69228	58.709873
56.176422	58.63611
57.86449	59.280952
60.66156	61.30802
60.018284	60.261112
59.453278	61.97425
59.59824	62.137524
60.64475	61.62252
60.040024	60.752987
60.672245	61.606014
58.367252	61.358505
59.819	61.65688
58.579754	59.403214
60.06218	60.338703
60.795605	60.686546
60.11105	61.015842
59.37719	60.97636
59.158966	61.887894
59.682995	60.89376
59.589245	61.017296
59.482822	61.091972
59.742813	62.157696
59.908962	59.87489
60.340893	61.235638
59.5029	61.99388
60.046074	61.06992
58.966293	61.159588
59.161877	61.00386
60.437714	60.381283
59.73148	61.20347
60.159412	61.218243
59.969746	60.85481
58.26403	60.141563
58.131145	59.135036
58.246063	60.590637
58.327076	60.71586
56.89337	59.780804
57.478237	59.852314
57.50225	58.58572
57.348663	58.690758
56.5401	59.889362
56.169476	59.03022
58.25335	61.384712
55.471962	59.49305
57.530758	58.575146
55.588146	59.32878
58.15442	59.328472
57.989723	59.51679
57.662785	58.937702
56.673145	58.359837
56.28829	59.275703
55.17939	59.511658
58.002033	60.158695
57.186787	59.146378
57.221733	58.917473
56.700287	59.435886
55.557163	59.523342
56.51669	58.698135
56.91713	59.26072
57.8751	58.775116
58.10876	59.56628
56.108044	58.455986
58.00858	59.44575
59.966133	62.181583
59.707874	62.280033
60.29822	61.323555
60.374886	61.314598
58.912846	61.57537
60.361233	61.26777
59.83394	60.841316
60.00694	60.99248
59.871876	59.97317
60.161728	59.98746
60.52837	61.501465
60.891243	61.190125
60.76022	60.575584
60.768753	60.472157
59.877296	61.09044
59.93386	61.030354
60.599743	61.61365
59.048683	61.804005
59.450207	61.696545
59.354065	61.77911
58.849617	60.89051
59.10751	61.31518
59.59431	59.79977
59.56705	59.83685
59.132645	61.60322
60.215996	61.1704
60.16762	61.97833
60.24179	61.714027
58.999386	61.5767
58.792988	61.662907
57.017906	58.304157
56.950096	58.776295
56.937428	58.717926
57.34346	58.991123
57.981197	59.522263
58.102524	58.871433
58.12336	58.85575
58.071697	58.77778
56.481964	58.928745
56.118935	58.80599
56.166985	58.29092
56.24738	58.253704
57.74106	59.548508
57.662445	59.348392
56.242085	59.252285
56.243263	59.376198
56.898796	59.067142
56.811886	59.020576
58.27035	61.523643
58.28476	61.5325
57.864445	59.44837
57.953365	59.358883
57.848316	58.816586
57.59483	58.57961
56.422718	59.343807
56.418118	59.201115
55.863823	59.216694
55.64593	59.260727
57.53604	59.872005
57.830063	60.93167
