-2.7865598	12.153461
4.8415184	4.987878
-2.9533737	12.486197
4.1408014	4.3442497
4.8231635	-0.34785342
4.0089307	4.2279162
3.5975645	-0.076814584
4.303404	4.4679995
-3.038344	12.185193
4.372681	4.53402
5.144201	-6.107047
-2.9819918	12.51244
3.1273258	0.31113285
4.3656993	4.505785
4.2773867	4.4397798
-2.521671	0.799753
-3.0017126	12.093745
-2.812912	12.255641
2.9657202	-1.5061975
-2.8366199	12.384747
3.6301646	-0.17100027
6.17175	-2.4104514
4.9627466	-0.68164706
2.9854913	-1.4509772
4.9712954	-4.5409927
4.795922	4.939955
-2.792819	12.211411
5.1055984	-6.0835357
-1.9194336	0.69238967
4.3574843	4.5302444
4.8783913	-0.42528665
3.232827	0.32824674
3.479534	-1.6612223
-2.9409938	12.13298
3.4976714	-1.6983286
3.2524858	-1.422543
3.5081587	-0.77773863
-1.7628487	0.4970011
3.1996672	0.19636041
-2.979664	12.243763
-2.979763	12.468436
5.073574	-0.71845686
6.463312	-13.370137
4.802483	4.9459963
-2.7181456	12.096608
2.8723683	-1.3078303
4.9627542	-0.34265572
3.1563416	3.1936722
4.514273	4.658408
3.3857505	-1.6267047
4.473067	4.6125736
5.183131	-4.4088116
2.8069332	0.7095172
4.852556	4.9984407
-1.7168591	0.71329516
4.9311194	-0.6162621
3.085679	-1.3627999
5.0174737	-0.53897667
-1.8745128	0.3178579
-2.785869	12.338945
3.1907656	-1.1588873
-2.9046044	12.237692
4.7083125	4.8513765
-2.9554143	1.0754406
4.024648	0.31398576
4.948993	5.0903625
3.5779455	-0.20983747
3.612227	-0.3573781
3.2888932	-1.0745786
5.160064	-0.6252494
4.934458	5.0726447
3.2184806	-0.072222956
5.030409	-5.976757
4.0520024	-0.30429998
-3.0129087	12.393472
3.7134795	-0.13649726
-3.048784	12.581032
4.401092	4.537919
3.5641553	-0.1769781
5.0517282	-6.0364757
-2.0588036	1.1989284
-1.8032672	0.7382592
4.4341717	4.583749
-2.9905355	12.226645
3.443695	-0.14006853
-2.7857645	12.224345
5.1220093	-6.0915294
4.377253	4.5290775
5.195896	-2.7587764
5.1560388	-6.116171
3.6090891	-1.3558304
3.230162	-1.0988419
2.94739	-0.12697126
4.967057	-4.5621367
4.6341777	4.7919226
2.86318	-1.1636565
5.1001544	-6.080485
4.8504467	-0.84242636
-2.368463	0.569532
-1.8731098	1.3337024
-2.8337767	12.2592325
4.9134474	5.052904
4.932537	5.077078
5.1866007	-6.1247716
5.23072	-0.2617192
3.97676	-0.2519905
4.285188	4.4480405
-2.9771392	12.475862
4.3682966	-0.88480186
4.015885	-0.33637932
3.0628653	-1.4407121
5.1288924	-0.31784984
4.891625	5.037582
4.0438666	4.2542257
-3.075477	12.3800955
4.484584	4.6194344
4.3655844	-0.76270586
3.1362798	3.189078
3.1153364	3.1598272
4.561425	4.7149034
-2.978087	12.482658
3.3891258	-0.514126
-2.8413684	12.132935
2.936873	0.50721174
4.9312453	-0.5852347
4.853756	5.0027122
3.2290916	-1.0474645
4.041713	-0.17688805
3.517363	-0.12779322
5.0627728	-4.380336
4.201902	-0.2042948
4.6527295	4.8021398
4.6364913	4.785305
4.119124	-0.29745975
3.2576618	-0.06974925
4.99042	-4.5398126
3.337757	-1.0776012
2.7843397	-0.96018237
-2.7935421	12.234746
-2.1958754	0.63466835
-2.7708116	12.237827
6.464354	-13.368915
3.6744041	-0.23143451
3.1643991	3.1740544
2.5877244	0.3326629
3.9807444	4.211739
-2.7979243	12.131768
-3.0396984	12.246834
-2.7490811	12.216914
3.1501098	3.1793332
-1.7700667	0.7723793
-3.0281606	12.233874
5.1897516	-4.569875
4.644862	4.795036
2.8910885	-1.2064097
5.226711	-4.4997225
4.652419	4.801835
-2.3216484	1.303513
3.483739	-0.32475892
3.0837424	0.022814173
4.166177	4.3437953
3.184399	3.1374285
4.504221	4.642936
-2.8503127	12.35326
4.362301	4.5347295
4.994287	-0.72620577
2.788885	-1.1923136
-2.3191226	0.50689363
2.8040874	0.26134327
-2.826979	12.230053
4.9958797	-4.532679
5.102307	-4.4010754
-2.177381	1.5115206
3.5703251	-0.25668892
5.2708817	-4.52756
6.4545155	-13.378633
4.47984	4.622018
6.444541	-13.387792
4.0993757	4.306201
-2.818966	12.266128
5.1211514	-0.25176302
3.5331209	-0.76405585
-2.969449	12.47942
3.6240323	-0.13182127
4.317619	4.4722023
3.9231882	4.1617513
4.091234	4.2992663
2.8836384	-1.0250431
-3.0252333	12.279117
-2.9825366	12.450808
-2.2054484	1.4474393
-2.7376847	12.13206
4.9288073	5.0742784
-2.7776363	12.243233
4.0630603	0.0061628376
4.524645	4.6751113
-2.883211	12.234695
4.7953367	4.9385414
5.0697274	-4.3948746
-2.4034348	1.4697703
4.142049	4.34953
-3.0646715	12.247909
-1.8526564	0.42632967
-2.777132	12.166007
5.115913	-4.4762793
3.5964644	-0.4248198
6.4637637	-13.369449
5.011428	-4.571363
4.1637754	-0.035460662
4.6375747	4.781864
3.4452245	-0.15355286
4.2953057	4.4526057
3.5587869	-0.4283239
3.1571038	3.1699667
-3.0276368	12.155008
-2.805026	12.218389
3.4164002	-1.5874226
3.1002903	0.08756684
4.742819	4.891939
2.9524236	-1.4007906
4.3446703	4.491744
4.0627985	-0.10382382
3.1524403	3.1664357
3.4283895	-1.6719676
4.018318	4.238317
5.3907566	-4.55028
-3.6859646	0.74976045
4.930627	5.0688415
5.0403104	-4.413839
3.1293256	3.158295
4.3436623	4.4935007
6.444226	-13.388249
-2.8786716	12.456343
5.0367074	-5.9924507
3.3113122	-1.1129414
-1.7968475	0.44261932
6.443085	-13.392683
3.1492758	3.1722715
4.4113884	4.568047
5.063129	-6.051431
5.075224	-6.0546837
-2.3921533	1.2854959
6.4417577	-13.392545
4.0177636	4.233707
-1.780855	0.49138322
-3.0483274	12.27673
4.2353997	4.4072595
4.079226	-0.45967472
2.8004463	-0.04663635
-2.1752174	0.5848261
-1.9138545	0.5214315
5.087896	-4.3796225
-2.7912774	12.160045
4.1237836	-0.16928884
4.097758	4.3059382
3.548654	-1.3198715
-3.0273237	12.275628
3.7911544	0.535006
4.784283	4.928654
-2.91158	12.243891
6.462922	-13.3703165
4.734213	-0.6324481
4.805005	4.9513407
-1.7671844	1.3564485
5.133639	-4.4540763
3.8847384	-0.054527055
4.1024394	4.304058
4.065088	-0.12827814
4.794354	4.937633
5.0610228	-0.57703346
-3.0449562	12.444903
-1.911258	0.44027212
3.25492	-1.1088572
-2.988343	12.157198
3.5478885	-0.46445686
4.8139687	4.954597
-2.807423	12.256152
-3.0846019	12.226628
4.4220047	4.585895
-2.999771	12.366821
-1.8389382	0.46598804
3.5465705	-0.5017574
3.6215804	-0.3625621
4.923853	-0.55932194
4.7410407	4.882573
4.8844094	5.0295644
-2.8073053	12.212909
4.794428	4.938891
4.0742803	-0.24783859
5.0554347	-6.046718
5.0965514	-0.69442636
-2.9420311	12.460437
3.1444046	3.1637125
-3.042556	12.42085
4.778799	-0.4721752
-2.9217026	12.190654
4.127487	4.3357415
-2.8930395	12.230086
-1.7824469	0.7343881
3.684796	-0.072914705
-2.7892666	12.048097
6.4462647	-13.387908
4.901052	-0.7128923
-2.2282236	0.8817184
3.5134778	-0.39947045
6.447006	-13.387884
-2.949701	12.4810505
-2.346458	1.4575802
6.447478	-13.386549
-2.8402543	12.28077
3.1573656	3.1891518
5.064012	-6.0530953
-2.8798718	12.161272
3.177301	0.03780769
5.0244136	-4.5827117
2.7097158	0.6304278
3.410847	-0.356951
3.141942	3.1623285
4.3525705	4.523505
-2.9542468	1.1007216
-2.7854304	12.122654
4.878681	5.0269923
3.1872408	0.019190803
-2.8188658	12.268714
6.4509993	-13.382272
5.040405	-5.987808
4.0054126	-0.44880724
4.712074	-0.45647174
5.1590176	-6.107763
5.0775795	-4.46786
-2.2103887	1.2124778
5.0661182	-6.057409
4.304839	4.4606957
2.9708433	-1.4289906
4.4925904	4.6347218
-1.9558787	0.6615108
4.17777	4.3977213
-1.8014958	0.52205837
4.2254963	4.4149227
6.440366	-13.393512
-3.0280905	12.143303
-2.828458	12.21431
5.128131	-6.1063356
-1.8069692	1.3173193
4.467423	4.635988
-3.034927	12.196191
3.2406826	-1.1300422
4.0212736	0.316466
-1.783537	0.40808263
2.901114	0.18535334
-3.0516827	12.220786
2.9997628	-1.359856
4.9767933	-4.5452933
5.072478	-6.0590076
-2.5693023	0.8642877
4.331835	4.482818
3.9838476	4.2119265
5.0560465	-6.0492144
6.4626207	-13.370948
3.3461242	-0.007904103
4.982313	-4.540046
4.065846	0.18800335
5.0712	-6.0584064
5.0511184	-4.4385986
-1.7514002	0.5646042
-2.924349	1.0632323
4.644421	4.792247
4.3219614	4.4826927
-2.8954496	12.403
4.257945	4.438745
3.1570857	-1.171826
-1.7009717	1.4097364
6.4400787	-13.393714
4.0814443	4.2955813
-3.0418732	12.24423
-1.744456	1.3100282
-2.8666835	12.341843
3.2037485	-1.192126
6.4618855	-13.371714
3.844876	0.42111957
-1.7997534	0.4405193
2.8416207	-1.0960884
3.3107142	-1.017444
4.8153176	-0.5047782
-2.7942135	12.2384205
4.667503	4.817632
3.1687486	0.19000803
-2.9767904	12.480401
6.446442	-13.387836
3.5877795	-0.20560886
2.9122577	-1.4836736
3.1566072	3.176788
4.879018	-0.49882573
4.324745	4.4989505
4.805843	4.953345
4.7656918	4.911408
3.451333	-1.2738842
4.938069	-4.577256
4.9705667	-4.563792
-3.0203283	12.179601
-1.9869102	1.2342409
6.4661517	-13.367218
-2.8294804	12.184283
3.2178996	0.22797407
3.1761606	0.19389622
3.0294597	-1.1797154
-2.9220734	12.175201
-2.8252563	12.231363
4.984031	-4.5420723
-2.9095924	12.206992
5.027338	-5.963478
4.819779	4.965654
4.862706	-0.7911472
-2.054715	0.6716382
3.6309512	-0.19994903
3.1790755	3.2057362
6.4464235	-13.386878
5.0481343	-6.0366435
-2.779941	12.208742
4.8502192	4.9960833
-2.7549624	12.335986
-2.8069088	12.129455
4.9242373	5.067844
6.4661403	-13.366963
4.214032	4.3852987
4.327303	4.479135
4.7928176	4.9376774
3.1639745	0.11882082
3.3909225	-0.45339686
-3.0636966	12.196637
4.780327	4.9253235
-2.3347936	0.59308356
4.1065197	4.3137336
3.0773017	-1.3295764
-2.8134167	1.1075625
6.446404	-13.388047
4.4880285	4.6278434
3.6306036	-0.36889315
-1.5940558	1.504703
4.121991	4.3210683
4.26192	4.4425106
2.931022	-1.5615408
-2.9196053	12.163612
4.7286158	4.874301
-2.9363077	12.298796
2.9753757	-1.5175753
3.0134954	-1.3379245
3.0622697	0.06768882
4.9767265	-4.5612335
2.8360507	-0.97087544
3.1656682	3.1812904
-2.8810709	12.238235
-2.863452	12.417126
-3.0200927	12.263306
-2.8905694	12.184392
4.849519	-0.446551
4.4945	4.6343474
-2.765496	12.239095
-3.0389476	12.235575
3.411435	-1.6398108
4.365015	4.512273
-2.5713847	1.0968506
4.901414	-0.64799315
4.3576126	4.5170383
4.9308743	5.071191
5.0991526	-6.0851264
2.9983478	-1.5242515
-2.7781098	12.253277
-3.0470836	12.254014
-2.9835365	12.179538
4.483019	4.63556
3.201992	3.2223732
4.201992	-0.18130186
4.507486	4.648877
4.93437	5.07292
2.8683817	-1.2228146
-2.7829225	12.220599
3.7306244	-0.078512356
4.812601	-0.8012171
-2.7820635	12.170221
5.05599	-6.050265
-2.7847	12.223411
-3.0242324	12.162607
6.2074738	-2.3884075
3.368478	-0.29896942
2.9819963	-1.5024297
4.8308997	4.977302
5.061466	-4.332857
-2.799934	12.2504225
5.165492	-6.143106
5.070278	-4.3861537
3.6378338	-0.18554088
3.0192385	-1.5473298
-1.8165493	1.365443
-3.0320566	12.415353
-2.2950902	0.5521304
4.099986	4.305753
2.9671285	0.15147464
5.0820575	-6.064721
4.1832724	-0.044733495
-2.8149242	12.134649
-3.0018778	12.166727
3.152007	3.173618
-2.9351304	12.523398
4.893878	-0.54730886
4.384732	4.531196
-2.839967	12.1463585
-2.903175	12.448218
5.072669	-4.2744546
4.7963934	4.941687
3.5991108	-1.578482
4.691836	-0.8285427
3.1551545	3.192204
4.840113	-0.84695566
3.9189663	-0.2909632
3.6945643	0.5818978
2.8271687	-0.98526037
5.143067	-4.6296306
5.116073	-6.089612
5.0774574	-4.334498
-2.8514886	0.9934729
-2.8147979	12.184109
6.4780903	-13.355561
3.6374767	-0.1563842
5.0974817	-6.08192
4.9267073	-0.6350178
3.275811	-1.0263982
5.07141	-6.052623
2.933905	-1.4715062
4.242325	4.4148226
3.1999876	0.23524095
3.5817297	-0.6733359
4.1971474	4.374644
5.021982	-5.9036794
5.3176365	-4.701888
3.0171654	-1.4883856
-1.809503	1.3502442
-2.9485042	12.476786
-2.781707	12.153202
4.9450045	5.090653
-2.2909052	1.428468
2.6653144	0.2880822
4.9874144	-4.59014
3.5381718	-0.6651416
-2.7390127	12.221
-3.0568879	12.172231
5.0720263	-4.473719
-1.7446907	0.676806
3.1353579	3.1648245
5.2005973	-6.1147223
-2.9844155	12.395368
4.351056	4.507578
5.0629544	-4.457646
-2.8613143	12.27171
3.9548225	-0.12840633
-2.8450813	12.131587
4.506562	-0.43592152
3.2690873	-1.0401337
4.910437	-0.8012563
-2.9633303	1.0710428
3.4573622	-0.36799055
2.955955	-0.2778515
4.416761	4.575505
5.0427756	-6.027506
4.830579	-0.82331043
4.3540235	4.493574
-1.8363484	1.2987224
-2.9087474	12.2588415
3.5426445	-0.21862145
4.8851724	-0.74712634
2.4096112	0.6013575
-2.963918	12.468333
4.9319944	5.0753384
4.30906	4.4762144
4.3449683	4.492336
4.0295887	-0.06359592
4.1185164	4.318384
2.8296986	-1.2106777
3.1618507	3.1772833
-2.9089797	1.1302739
-3.0342498	12.197952
4.0228333	-0.44269845
2.9886842	-1.4705855
-2.8235435	12.135736
3.9141068	-0.5199775
4.1544805	-0.28779045
2.832558	-0.7912265
3.14907	3.1634715
4.331307	4.4814944
3.3243933	-0.14956914
4.383647	4.5123134
5.1264963	-6.1039968
-3.0579267	12.320315
3.146104	3.1868653
5.1352715	-6.101171
3.152372	3.1705897
5.0171413	-4.509669
-2.9695914	12.461239
4.8144293	4.9605618
4.387659	4.5568237
2.8033347	-1.2600136
3.6829007	-0.06635225
4.290153	4.4535513
-1.8568412	0.4873059
5.0611973	-4.488485
4.9165483	-0.71787566
-2.7999	12.216541
4.331508	4.4849067
-2.9675672	12.452507
3.3082826	-1.2018638
3.9156175	0.37283522
-3.0607574	12.182839
4.909114	-0.63426536
-1.8058493	1.3654821
4.088171	-0.027794154
-2.76685	12.234845
4.141573	-0.30007192
4.982078	-4.5712667
4.376201	4.53333
4.2531652	4.4197836
3.1593163	3.1675673
4.7603993	4.90667
-2.7632296	12.218101
3.1593413	3.1728292
5.07652	-6.0644975
-2.3949342	0.49886897
4.3095016	4.463229
4.807112	4.953278
2.702912	0.30180314
4.8820796	-0.69380665
5.067412	-0.58377063
-2.3119578	1.1941429
3.108262	3.1580694
-2.9176908	12.253167
2.9159882	-1.5389719
4.6247625	4.7715416
-2.939979	12.143379
4.418269	4.576863
3.5515978	-1.5790884
3.491523	-0.87303257
-2.943535	12.279049
-1.6334023	0.7607988
-2.1384132	1.3527347
-3.0362945	12.437196
4.3280673	4.478285
-1.8200709	1.323445
3.165531	3.1802049
4.928301	5.0688195
4.0954347	-0.09659416
3.421957	-1.6660038
4.916051	-0.52020735
5.1212506	-6.1004376
3.4772859	-0.64185673
-2.9471946	12.504265
-2.7607343	12.230572
-1.8243352	1.3273778
-3.0364325	12.437932
2.845633	-1.5364754
5.058319	-6.046623
-1.7189882	1.3789004
-2.7995362	12.340593
3.4900537	-0.110555
3.3623278	-1.6117722
5.018644	-4.613974
4.917072	5.0639467
-2.8611915	12.427777
4.114625	4.3137345
3.1512153	-0.047579158
5.1044226	-6.070459
3.9245927	4.18017
5.15665	-6.1172724
-2.9170384	12.2844095
-1.700373	0.71587104
5.3205256	-4.6909146
-1.7830682	1.3699939
5.3909965	-2.7460637
5.0159693	-4.503927
4.807268	-0.35854477
4.7454286	4.889973
-2.8213365	12.410995
-3.000575	12.348861
5.066336	-4.457313
5.099232	-6.0770993
4.111709	-0.270175
3.2688901	-1.0820097
2.9909158	-1.457062
4.9249725	-0.5826272
3.6433556	-0.19322477
3.1611853	3.1768417
4.70929	4.853495
3.965385	0.3296428
4.9768662	-4.462299
-2.2075417	0.5526956
5.100811	-4.4656267
4.9772816	-4.5162907
3.1508758	3.184571
4.2318687	-0.019112255
3.194609	0.18678518
4.65096	4.7992578
4.2033167	-0.016849464
3.596638	-0.77088
4.7541	4.9012547
4.107112	4.313785
3.4241617	-1.6872648
-2.8461056	12.42269
-2.759993	12.272223
2.9753542	-1.510208
3.0036013	-1.465827
3.1543696	3.1701312
4.139211	-0.23983712
4.930507	5.0703444
3.9361637	0.3696041
-2.855402	12.421721
4.9709606	-4.582406
4.1345496	-0.30132493
3.5378997	-0.61197686
4.845044	4.9914393
-2.401124	1.3199477
-1.9479414	0.54241127
-2.1438756	0.6092639
4.8530827	-0.4493999
-2.9290876	12.447755
4.8724885	5.0160675
-3.0613654	12.209766
4.95226	-0.59069914
3.2658694	-1.0910146
-3.042251	12.460505
6.464391	-13.368907
-2.9812224	12.171818
2.9737158	-1.5442214
3.9887085	0.25210202
1.2122871	4.525839
5.0046906	-0.6731879
-2.8100715	12.2592535
5.219835	-6.1043844
6.444955	-13.388018
4.928533	-0.30553433
-2.8046114	12.326746
-3.1046066	12.239246
4.6326294	4.779268
4.1098094	4.314614
-2.3751523	1.4628304
3.1477869	3.1646948
-2.8541741	12.226919
-1.7491493	1.3571547
5.038331	-5.965216
6.449724	-13.388446
2.9859781	-1.4431136
