-10.633575	-16.08008
-13.296235	-8.284597
-2.9198365	-23.94672
-3.100316	-23.184742
-12.963845	-8.798723
-12.433933	-9.534532
-5.5538707	-22.195387
-9.970125	-19.06959
-3.3918147	-23.63525
-12.957811	-8.565806
-3.2814107	-23.746021
-3.4177184	-23.985296
-10.399456	-17.844957
-10.616833	-16.090265
-3.4304497	-23.6292
-10.677721	-16.819618
-10.638444	-16.0832
-10.302477	-18.144753
-3.251538	-23.392939
-3.194885	-23.323534
-13.259156	-8.324688
-12.535702	-9.422777
-13.28891	-8.298567
-13.169787	-8.456319
-10.372298	-17.824327
-3.085848	-23.208944
-13.278349	-8.311529
-4.6095476	-22.912786
-10.592476	-16.070814
-9.883071	-19.185156
-10.392881	-17.439545
-10.268015	-18.174492
-12.965931	-8.755332
-3.092738	-23.176172
-5.092372	-22.591871
-4.321287	-23.083502
-10.526501	-17.66364
-10.459604	-17.326036
-3.8179767	-23.39216
-5.115932	-22.572466
-13.053054	-8.637007
-5.135726	-22.555481
-10.188659	-18.095924
-13.194637	-8.436468
-12.871808	-9.495372
-4.2473354	-23.132755
-13.0543995	-8.626361
-3.3203044	-23.931784
-10.3946	-17.938791
-13.326642	-8.26752
-5.4389243	-22.31616
-4.98295	-22.672964
-12.832719	-9.481091
-13.198851	-8.428984
-5.100691	-22.584356
-10.134917	-18.755255
-3.1033866	-23.268312
-13.079566	-8.598395
-12.532482	-9.426553
-10.388482	-17.87332
-3.4181037	-24.050028
-4.9620547	-22.690985
-4.6088424	-22.911943
-13.087914	-8.582778
-13.17369	-8.462658
-3.3746812	-23.542248
-3.1010096	-23.19108
-10.598091	-16.812794
-10.407794	-17.89837
-3.1073477	-23.190508
-10.301964	-18.150358
-13.110634	-8.550137
-2.951804	-23.84423
-3.2984142	-23.892586
-13.386802	-8.189671
-10.111971	-18.805891
-4.232544	-23.145077
-10.578407	-16.123232
-10.597951	-16.809324
-4.3496428	-23.068705
-12.527329	-9.433875
-3.073507	-23.19717
-12.92077	-9.017331
-3.1260338	-23.22081
-10.297278	-18.158625
-5.5362887	-22.228058
-10.611045	-16.799892
-5.1089845	-22.57808
-10.147337	-18.779495
-12.815845	-9.352002
-13.0256405	-8.661164
-3.8400774	-23.390306
-3.8159158	-23.414646
-12.663768	-9.280139
-9.877219	-19.186977
-12.828698	-9.2554865
-10.065764	-18.959116
-13.246028	-8.336065
-9.825908	-19.251682
-3.0823746	-23.179232
-10.547503	-16.757193
-3.0472436	-23.137295
-3.7870686	-23.41349
-10.270174	-18.237692
-13.013789	-8.693662
-13.029407	-8.664842
-12.879409	-9.103332
-10.608345	-17.624485
-10.603324	-16.823158
-10.53382	-17.129898
-12.910544	-8.804791
-3.3959801	-23.540052
-3.0430644	-23.15445
-3.4893184	-24.354563
-10.577871	-17.671928
-3.258396	-23.646088
-12.928686	-8.77285
-10.546391	-16.756779
-12.832505	-9.48278
-3.7962053	-23.412542
-13.232067	-8.384013
-13.307876	-8.277681
-4.9637585	-22.703617
-3.4294548	-23.88186
-9.880986	-19.179916
-10.529144	-17.110252
-10.543455	-17.004797
-3.0154064	-23.11253
-4.3421354	-23.064236
-9.874949	-19.189535
-10.489549	-17.119223
-3.1294522	-23.21787
-12.530516	-9.373102
-3.0860202	-23.175459
-13.092008	-8.583274
-10.601024	-17.646715
-3.5095303	-24.470598
-3.422196	-23.626211
-13.305737	-8.27236
-13.267774	-8.325365
-12.911157	-8.799159
-3.0845287	-23.146856
-2.9383187	-23.964598
-10.553151	-17.668756
-3.5091836	-24.447634
-4.4899096	-22.989002
-3.305637	-23.886566
-3.3311067	-23.963293
-3.5167625	-24.46007
-10.5954685	-16.076252
-3.2733543	-23.741499
-3.4193473	-23.628292
-12.994348	-8.715451
-13.389663	-8.190079
-10.275066	-18.212362
-10.39965	-17.893099
-9.875244	-19.189272
-3.479198	-24.329039
-10.302526	-18.147802
-10.638229	-16.833103
-2.9795349	-23.91083
-3.1302948	-23.489021
-10.258545	-18.235077
-3.4128723	-23.68661
-3.2927856	-23.894348
-10.630785	-16.070871
-3.042238	-23.871655
-3.0760665	-23.199373
-3.402938	-23.556627
-10.592042	-16.04993
-10.624757	-16.077974
-10.384044	-17.8676
-3.8376648	-23.39256
-13.2646265	-8.345041
-12.901343	-9.054421
-13.014307	-8.848399
-12.425099	-9.540406
-12.498971	-9.471352
-10.394106	-17.491392
-10.147452	-18.787226
-4.3785267	-23.037138
-10.622518	-16.082373
-5.5350523	-22.22942
-10.657439	-16.17059
-12.433943	-9.538685
-12.849347	-9.505743
-5.072809	-22.608469
-9.972873	-19.05361
-3.3018003	-23.903992
-5.079199	-22.602005
-12.838742	-9.483622
-4.475784	-22.996479
-10.543604	-17.61264
-13.063854	-8.630122
-3.0828154	-23.233465
-3.4408684	-24.10112
-3.452944	-24.107882
-3.402861	-23.880507
-5.411888	-22.341232
-5.011774	-22.65338
-7.1948795	8.712193
-10.319647	-18.175545
-10.516541	-16.669044
-12.999157	-8.697128
-3.1658306	-23.145443
-4.337935	-23.07641
-3.0461845	-23.156937
-10.564015	-17.67132
-10.562628	-17.684914
-3.6786232	-23.42698
-3.422162	-23.84335
-12.825882	-9.377815
-12.39843	-9.551922
-3.0088224	-23.101444
-13.286686	-8.303156
-4.6029387	-22.91757
-3.3693461	-23.654676
-13.063388	-8.625454
-13.027423	-8.676575
-4.9930263	-22.667738
-10.61363	-17.701506
-3.0689864	-23.161253
-3.2701142	-23.701221
-13.3143635	-8.275627
-10.517581	-17.696688
-12.761984	-9.235062
-13.033226	-8.62394
-2.801734	-22.861752
-5.5266047	-22.236355
-3.5073695	-24.436869
-3.4130812	-24.20822
-10.5460415	-16.729185
-3.5619462	-23.543993
-5.451625	-22.30678
-3.2745042	-23.757597
-13.262296	-8.328736
-5.4706535	-22.290323
-12.93574	-8.824627
-13.141031	-8.550563
-2.8802657	-22.95701
-10.515576	-17.670187
-12.852171	-9.530588
-10.483501	-17.127056
-12.41814	-9.549893
-5.4896073	-22.264423
-4.2394323	-23.138653
-10.394328	-17.892336
-3.5888922	-23.5281
-3.5028574	-24.430069
-13.288297	-8.286033
-5.2028875	-22.494276
-3.0746841	-23.226652
-10.147015	-18.784521
-10.051522	-18.958315
-10.630171	-16.073643
-9.966435	-19.062214
-13.054327	-8.629807
-3.5350244	-23.416197
-12.916294	-8.799637
-12.861141	-8.914017
-3.246891	-23.652407
-10.490437	-17.127821
-2.78964	-22.851004
-9.877078	-19.196548
-3.076456	-23.211792
-5.0020742	-22.664122
-12.4697275	-9.485447
-3.31119	-23.905375
-3.4048417	-23.609856
-9.902248	-19.162477
-4.463493	-23.002417
-12.951491	-8.876681
-2.8242788	-22.886267
-10.602012	-16.607399
-2.930845	-23.95963
-2.9886677	-23.094336
-3.1260107	-23.162176
-3.4474282	-23.72346
-10.639348	-16.07753
-3.3729503	-23.547968
-10.661686	-16.082935
-13.066311	-8.623986
-10.354537	-18.157228
-3.4885955	-24.169909
-10.541457	-17.679821
-10.380414	-17.899296
-3.1171756	-23.207306
-3.0953913	-23.196184
-13.284853	-8.304696
-12.885828	-9.511677
-3.1938114	-23.273252
-3.006651	-23.115122
-10.510707	-17.079226
-10.644038	-16.079828
-2.918806	-23.963316
-10.133921	-18.777508
-5.0822806	-22.60361
-3.324581	-23.917566
-3.1182036	-23.202024
-13.066034	-8.603929
-12.811371	-9.38687
-3.3872833	-23.639746
-10.3951845	-17.923079
-2.9753208	-23.88889
-3.5360382	-24.475431
-12.551404	-9.421996
-9.878267	-19.190523
-10.406998	-17.461645
-2.9506395	-23.931368
-10.304843	-18.138588
-5.431177	-22.324183
-10.626242	-16.796312
-10.138675	-18.802631
-10.632678	-16.792408
-10.030105	-18.978668
-13.055416	-8.637333
-10.615194	-16.807747
-4.485903	-22.990576
-10.405071	-17.898098
-3.699864	-23.48981
-12.423397	-9.541428
-2.8008745	-22.851624
-3.50523	-24.440783
-10.668501	-16.079237
-3.0685701	-23.239265
-3.2941568	-23.87786
-3.2697113	-23.732592
-13.27494	-8.316701
-10.647579	-16.160889
-9.802565	-19.27205
-10.045244	-18.98346
-10.490991	-17.146803
-10.530067	-17.100178
-13.253304	-8.337753
-10.280528	-18.208685
-12.772324	-9.0817
-13.174251	-8.458982
-13.128777	-8.508968
-4.9730716	-22.683985
-13.079929	-8.601531
-11.790419	-7.904584
-9.874851	-19.195896
-12.541763	-9.422571
-10.56317	-17.6525
-5.1012387	-22.580082
-4.22733	-23.146866
-10.611143	-16.807457
-10.287672	-18.183203
-10.132281	-18.796495
-5.046069	-22.619751
-12.9036	-8.8208065
-3.3430438	-23.902866
-10.001224	-19.030851
-12.79002	-9.349569
-12.830149	-9.492562
-12.828224	-8.882572
-13.047425	-8.631953
-13.061146	-8.623446
-10.356631	-17.930168
-12.442857	-9.527504
-10.526201	-17.089886
-4.341706	-23.07285
-5.0898886	-22.595505
-10.642736	-16.070738
-3.2207417	-23.57704
-12.9021015	-9.045357
-3.2616088	-23.741055
-10.405975	-17.444233
-13.100403	-8.598612
-3.1841726	-23.331718
-10.2804	-18.188696
-3.4023662	-23.868633
-10.639219	-16.071335
-10.437696	-17.874699
-3.2964077	-23.426264
-3.3881958	-23.610916
-12.990518	-8.7999935
-12.816695	-9.38129
-12.906101	-8.880466
-10.402108	-17.896807
-12.802477	-9.354908
-3.8234825	-23.405598
-12.833926	-9.490839
-2.803383	-22.863253
-12.654279	-9.270126
-12.824411	-9.224294
-3.0664904	-23.15109
-3.8009124	-23.420462
-10.678446	-16.751106
-10.298392	-18.156734
-12.886141	-9.098901
-10.483569	-17.134306
-13.217569	-8.3897085
-10.026462	-19.003555
-10.507142	-17.118061
-10.269433	-18.228786
-10.313071	-18.123087
-3.1101265	-23.197289
-5.1090426	-22.578564
-13.023167	-8.684546
-3.6928458	-23.49223
-10.62883	-16.078869
-2.821117	-22.883543
-12.8232	-8.911284
-3.0404246	-23.148384
-3.4076164	-23.601343
-2.817018	-22.878397
-10.441793	-17.84048
-10.406839	-17.907618
-13.038807	-8.669048
-12.428374	-9.537531
-10.545166	-17.019644
-13.266712	-8.323601
-13.300483	-8.297201
-13.240009	-8.3733
-3.1023722	-23.185537
-10.551451	-17.090666
-10.548824	-17.196093
-10.060973	-18.966417
-13.304018	-8.2789755
-10.130369	-18.772532
-10.648429	-16.074417
-3.2186842	-23.577568
-13.03103	-8.683598
-3.4586725	-24.139122
-3.5424464	-24.480726
-10.381892	-17.88245
-13.128914	-8.5067
-13.079056	-8.58753
-3.5199542	-24.46585
-10.310094	-18.131905
-13.179164	-8.446898
-10.617139	-16.813303
-13.181469	-8.445642
-4.988083	-22.676313
-10.50842	-16.636467
-12.391786	-9.572616
-3.5020497	-24.428324
-4.9794464	-22.679117
-13.028352	-8.691579
-13.125153	-8.595099
-12.924967	-8.834196
-5.018773	-22.65915
-3.4180808	-23.718987
-5.4867554	-22.267998
-10.464995	-17.525429
-10.635245	-16.074377
-12.476642	-9.494426
-3.0411034	-23.267141
-3.3835607	-23.617893
-4.2236633	-23.143036
-3.2726252	-23.903156
-10.553709	-16.745344
-12.816443	-9.208954
-13.280049	-8.318919
-2.8799665	-23.97616
-2.92439	-23.953657
-10.143746	-18.79601
-3.0845153	-23.244757
-12.802257	-9.36775
-13.049127	-8.63807
-13.148467	-8.49512
-10.497364	-17.118565
-10.523085	-17.113909
-3.4139848	-23.722652
-5.444772	-22.311516
-3.8107882	-23.40668
-10.417614	-17.885195
-13.168237	-8.470129
-3.2733562	-23.847738
-10.346561	-18.086653
-10.517116	-17.16207
-12.806052	-9.383437
-9.879274	-19.17759
-2.7900298	-22.848532
-3.284321	-23.731695
-12.495112	-9.484513
-10.681772	-16.044285
-13.265115	-8.342207
-10.389393	-17.914806
-10.316382	-18.117414
-10.257468	-18.262024
-12.5468855	-9.411357
-10.38922	-17.378534
-12.8549595	-9.492543
-10.606223	-16.793201
-3.081198	-23.159426
-13.113182	-8.563187
-3.4201365	-23.963148
-13.376009	-8.20147
-10.310992	-18.13167
-12.673233	-9.33417
-10.643536	-16.853916
-10.616988	-16.797369
-12.972868	-8.842348
-3.660203	-23.489767
-10.515658	-17.12455
-9.8751	-19.192705
-3.333507	-23.969362
-10.581556	-17.666786
-3.399905	-23.637941
-12.913144	-9.016453
-3.3798213	-23.562204
-13.126145	-8.528989
-12.801815	-9.351421
-12.548664	-9.401015
-10.633082	-16.100746
-13.04574	-8.654588
-10.484186	-17.158745
-3.1650362	-23.227974
-2.798029	-22.856962
-9.864627	-19.209208
-12.424359	-9.544914
-13.157465	-8.491426
-10.570253	-17.662518
-2.9360902	-23.944815
-10.29858	-18.151686
-10.009319	-19.018888
-10.613618	-16.035866
-5.4003973	-22.354776
-10.411577	-17.89045
-13.063312	-8.61972
-12.852376	-9.169287
-3.51284	-24.447277
-3.0437098	-23.188478
-5.098452	-22.584646
-10.620592	-16.839935
-10.418052	-17.867998
-4.6540504	-22.887753
-9.97391	-19.047367
-5.139559	-22.553705
-3.5030372	-23.579515
-9.835386	-19.22872
-10.514779	-17.102766
-4.9864244	-22.673845
-13.252263	-8.350836
-13.083122	-8.5836115
-9.983469	-19.043346
-13.235017	-8.408308
-4.2626643	-23.121418
-3.266409	-23.704077
-3.0365095	-23.090736
-2.793285	-22.84861
-3.491981	-23.645023
-2.9514725	-23.927862
-3.0795293	-23.142576
-2.9314294	-23.945421
-12.96036	-8.870138
-4.3499703	-23.052984
-13.447625	-8.126628
-12.751699	-9.205966
-3.504751	-24.440716
-13.272785	-8.319867
-5.083937	-22.602951
-10.553451	-16.983723
-5.0801277	-22.603792
-3.681202	-23.497112
-13.047514	-8.654534
-3.6659029	-23.427977
-10.548709	-17.21336
-3.0980449	-23.177198
-12.984801	-8.821655
-2.9868336	-23.105236
-13.297636	-8.302443
-10.582424	-16.013655
-11.798968	-7.9105005
-3.4221637	-23.694948
-10.615136	-16.81491
-3.1333995	-23.232685
-3.0797777	-23.16478
-12.601877	-9.3347025
-10.020752	-19.0089
-12.851567	-9.354213
-10.494315	-17.634584
-3.4601102	-24.109123
-10.027411	-19.00291
-10.665173	-16.064644
-12.986099	-8.788769
-13.030788	-8.777198
-3.853786	-23.384142
-11.946123	-7.9909987
-13.085009	-8.577882
-10.610311	-16.828934
-10.571786	-17.649374
-10.429123	-17.357412
-12.514201	-9.475299
1.8468531	-7.508705
-10.633617	-16.795292
-12.815949	-9.328679
-3.4265249	-23.682613
-10.405795	-17.47923
-3.4153903	-23.677849
-13.039444	-8.649253
-13.282419	-8.31968
-12.903168	-9.037545
-10.345511	-18.08999
-9.87413	-19.196358
-10.637921	-16.838236
-10.169014	-18.745169
-2.8431175	-22.909988
-5.548328	-22.216093
-13.016762	-8.686241
-12.831286	-9.48689
-3.4896338	-24.36942
-3.7720444	-23.43257
-13.036063	-8.669307
-12.898127	-9.021039
-12.968047	-8.738301
-10.612537	-16.016727
-10.514003	-16.637222
-12.901519	-9.017152
-13.292692	-8.289181
-10.582141	-17.66465
-10.026635	-19.001049
-10.563429	-16.082138
-2.989966	-23.850365
-3.2344139	-23.756271
-12.838186	-9.480096
-3.4583068	-24.36838
-10.304214	-18.131413
-3.655412	-23.45286
-10.402036	-17.446241
-10.089669	-18.815529
-3.1038225	-23.180449
-12.533107	-9.418975
-3.5144458	-24.455648
-10.4198885	-17.856426
-2.9392233	-23.95326
-3.000071	-23.097906
-2.892734	-23.984875
-12.924501	-8.787385
-3.0229359	-23.289133
-2.8002942	-22.857681
-3.0960724	-23.186283
-12.888292	-9.050814
-13.136152	-8.515497
-2.9143102	-23.957218
-3.3750856	-23.658241
-5.493433	-22.257011
-12.425626	-9.539181
-10.18101	-18.74128
-5.5319614	-22.231478
-3.8134494	-23.4021
-5.431958	-22.322853
-10.685322	-16.011261
-4.2471504	-23.134357
-5.516598	-22.235016
-2.8061407	-22.86554
-3.2490077	-23.732656
-10.660209	-16.05188
-12.687495	-9.233505
-10.555325	-16.770727
-12.901096	-9.048381
-13.07968	-8.597076
-3.5066257	-24.437918
-10.636606	-16.077023
-3.1018982	-23.184183
-3.677793	-23.491365
-12.449592	-9.529876
-12.879024	-8.91006
-10.142747	-18.78937
-2.8539357	-22.925526
-3.3509073	-24.00474
-10.597198	-15.996623
-13.297526	-8.301605
-13.054456	-8.606981
-10.019646	-18.981016
-13.146925	-8.489738
-5.154706	-22.534288
-13.015325	-8.671391
-13.057645	-8.637958
-10.617069	-16.05093
-3.2140734	-23.526203
-4.4945555	-22.985088
-10.524679	-17.085222
-10.02779	-19.000711
-3.0823264	-23.16947
-10.014989	-19.00166
-13.022598	-8.7773075
-3.4130409	-23.700308
-10.131222	-18.784397
-3.124694	-23.279036
-10.139705	-18.776985
-5.544187	-22.219934
-12.661262	-9.268495
-12.838316	-8.875628
-10.4110155	-17.9059
-12.840185	-8.883018
-10.4049635	-17.91369
-4.9884043	-22.671144
-9.237033	-19.172558
-12.837778	-9.481438
-10.603283	-16.07022
-10.569737	-17.673506
-3.0640297	-23.1658
-5.4915323	-22.263464
-3.840931	-23.38925
-12.837165	-9.474778
-10.39268	-17.899204
-3.1101844	-23.202154
-13.328572	-8.258414
-2.9077053	-23.9656
-10.0657425	-18.96602
-13.401951	-8.173842
-3.41804	-23.851667
-10.308166	-18.129593
-5.489267	-22.26305
-10.388205	-17.459764
-10.635543	-16.800175
-9.8703785	-19.197725
-10.609586	-16.818283
-10.403956	-17.900019
-5.001929	-22.662926
-12.5813875	-9.403478
-2.9564645	-23.892666
-3.5098193	-24.380556
-13.02388	-8.785594
-10.614644	-16.101776
-10.612005	-16.044971
-12.918087	-9.025715
-3.0842488	-23.254637
-3.625355	-23.44308
-9.88363	-19.180143
-3.5016236	-24.43264
-13.070517	-8.588699
-10.382333	-17.460701
-12.867844	-8.80741
-10.395251	-17.876596
-13.286747	-8.299603
-3.460171	-24.369207
-5.0110326	-22.655222
-10.613631	-16.777895
-5.0725365	-22.609695
-13.050026	-8.649432
-12.507162	-9.381749
-3.0216377	-23.13002
-9.806305	-19.262327
-2.9708564	-23.918268
-12.887057	-8.797054
-3.3268304	-23.717323
-3.1472242	-23.253664
-3.1372006	-23.236134
-10.620006	-16.752079
-3.3023224	-23.90134
-10.62949	-16.063183
-13.405741	-8.173031
-10.305179	-18.144596
-12.614964	-9.410757
-12.966898	-8.822785
-10.591471	-16.084497
-13.281903	-8.301386
-5.1160455	-22.572142
-10.390532	-17.931948
-3.346386	-23.862623
-3.5014374	-24.44123
-10.527473	-17.112165
-13.286511	-8.315204
-3.365136	-23.760895
-12.8752165	-9.486428
-9.878401	-19.189604
-3.6380723	-23.444359
-4.61723	-22.898182
-3.4490883	-24.352396
-3.8383076	-23.391996
-12.996987	-8.757762
-3.3566499	-23.607933
-5.5342426	-22.230076
-5.449339	-22.307669
-10.627379	-16.062416
-9.9818735	-19.0459
-3.0886283	-23.249882
-9.876103	-19.190392
-10.631985	-16.830343
-3.2967534	-23.942394
-3.8271432	-23.399555
-10.403973	-17.907366
-4.319394	-23.08844
-12.926977	-8.897192
-10.400962	-17.44016
-10.519305	-16.645126
-5.534482	-22.229332
-10.632074	-16.798906
-5.024218	-22.648863
-10.536115	-17.078197
-13.1536255	-8.489979
-12.876336	-9.462175
-3.4727583	-24.29364
-12.423979	-9.540575
-3.376055	-23.679064
-3.111296	-23.201761
-9.989821	-19.025148
-10.570768	-17.05682
-10.505636	-17.639671
-12.807553	-9.465885
-2.804992	-22.863066
-10.412837	-17.81271
-10.521258	-16.636934
-3.0516994	-23.141369
-9.988623	-19.03995
-12.884824	-9.059268
-3.8388984	-23.388048
-10.481516	-17.136106
-3.150139	-23.264029
-13.00403	-8.769839
-9.862292	-19.20891
-10.53267	-17.085375
-10.630987	-16.08986
-3.0847993	-23.231272
-5.0741286	-22.608727
-3.4627895	-24.130028
-3.3188136	-23.928606
-10.362774	-17.838703
-5.0785265	-22.605356
-12.965909	-8.93045
-10.594031	-16.080091
-5.451701	-22.302242
-3.0821002	-23.224485
-10.413112	-17.448769
-9.881804	-19.181896
-3.1225283	-23.288473
-10.516978	-16.636019
-3.2870154	-23.751581
-9.868138	-19.1997
-12.923366	-8.796871
-12.82418	-9.2562
-12.866034	-9.092944
-5.41773	-22.335709
-3.2467165	-23.743217
-10.323087	-18.097063
-3.3718386	-23.86942
-13.187818	-8.433887
-12.802074	-9.36439
-10.507389	-17.16603
-12.877958	-9.1981945
-3.0994	-23.19244
-10.572808	-17.665304
-13.092848	-8.5689
-13.065413	-8.629097
-4.341953	-23.07125
-13.213499	-8.389916
-10.567978	-17.664768
-10.577978	-17.657314
-3.0710678	-23.197962
-2.950515	-23.965279
-13.06184	-8.625604
-12.812594	-9.391106
-10.47416	-17.060532
-3.0956495	-23.170418
-12.954349	-8.876696
-4.235318	-23.13975
-3.4096549	-23.603762
-10.485092	-17.14246
-10.04881	-18.936695
-13.324303	-8.271935
-5.484599	-22.249865
-3.1007032	-23.19635
-2.8099213	-22.872004
-12.495195	-9.46993
-3.4091144	-23.622133
-5.441917	-22.317709
-12.9751625	-8.733681
-13.267986	-8.32215
-10.53902	-17.67046
-9.879228	-19.18653
-12.908864	-9.024015
-10.666667	-16.794909
-10.619761	-16.777372
-10.532069	-17.101387
-3.1019824	-23.269058
-10.127906	-18.780188
-13.324848	-8.265325
-5.0795674	-22.60382
-10.563977	-17.675684
-13.298106	-8.302841
-10.629352	-16.80116
-2.931805	-23.94415
-3.3947186	-23.869589
-10.280649	-18.205376
-13.12038	-8.552528
-10.561353	-16.665627
-13.04363	-8.641311
-10.595434	-16.084278
-10.562374	-16.02955
-3.5043812	-24.429209
-2.9760273	-23.824951
-12.896007	-9.051192
-13.264951	-8.3432
-3.0623555	-23.120884
-2.928296	-23.950626
-13.108917	-8.56226
-12.487775	-9.456048
-5.110243	-22.577269
-3.2725	-23.411749
-12.842162	-9.486886
-10.619888	-16.129156
-12.822271	-9.326798
-9.87711	-19.192081
-3.4128869	-23.608973
-10.586882	-16.739075
-2.918782	-22.999971
-5.4502254	-22.306614
-10.405539	-17.440495
-12.811835	-9.378159
-9.872262	-19.200947
-5.003869	-22.660425
-3.2966511	-23.929482
-3.6744738	-23.497383
-2.9263573	-23.95366
-4.193558	-23.168362
-12.906045	-9.041837
-12.840662	-9.479894
-3.1322122	-23.226696
-10.5127535	-16.654524
-5.4761567	-22.280964
-12.484347	-9.504
-12.539749	-9.421884
-10.315272	-18.095695
-10.521423	-17.140545
-13.178641	-8.454381
-13.156052	-8.476987
-13.101387	-8.582082
-4.2554636	-23.130817
-3.0945005	-23.195246
-2.9996538	-23.111267
-10.633594	-16.1097
-3.0973482	-23.187712
-12.440297	-9.526352
-4.9890547	-22.674585
-13.042723	-8.650442
-3.4837837	-24.410189
-12.828657	-9.461407
-13.274122	-8.311812
-10.398604	-17.869034
-13.050158	-8.644944
-10.634233	-16.056393
-10.625718	-16.094654
-2.9470518	-23.960344
-13.345788	-8.248267
-3.6390548	-23.46064
-12.812656	-9.410626
-5.0082016	-22.657574
-10.385379	-17.81451
-5.4872603	-22.263586
-13.384617	-8.195471
-3.2971084	-23.727415
-3.0058434	-23.846865
-4.222576	-23.148087
-3.4036992	-23.618782
-10.5616865	-16.73181
-10.133178	-18.783836
-10.519658	-17.127935
-12.930337	-8.969072
-3.5003433	-24.434547
-4.195543	-23.165821
-9.977415	-19.049143
-3.138577	-23.229324
-5.0562744	-22.623428
-13.180543	-8.456414
-10.392349	-17.91641
-10.641029	-16.081911
-12.820765	-9.3453455
-3.2846901	-23.854115
-10.480767	-17.139446
-3.068568	-23.203999
-3.4943624	-24.417921
-3.3903787	-24.124964
-12.537006	-9.417811
-3.8451924	-23.378407
-5.0727468	-22.60964
-13.125104	-8.43789
-12.812585	-9.372463
-13.052915	-8.713792
-12.909446	-9.030047
-12.831084	-9.222576
-12.52051	-9.480302
-13.030714	-8.645537
-12.907226	-9.034965
-10.628113	-16.796345
-12.812965	-9.349646
-12.882863	-9.072502
-12.859347	-9.512252
-12.802809	-8.940235
-10.387164	-17.941376
-12.834491	-9.399148
-12.42291	-9.542731
-10.63995	-16.785072
-10.541815	-17.07129
-3.1094902	-23.196129
-3.163513	-23.246548
-10.616377	-16.048117
-4.9979525	-22.6691
-3.3786492	-23.622883
-13.396216	-8.18149
-10.430249	-17.558516
-9.953252	-19.08117
-4.433697	-23.032843
-9.938978	-19.082193
-12.520316	-9.421644
-10.66355	-16.04586
-3.467065	-24.16
-12.430382	-9.53604
-10.555756	-17.663857
-10.52091	-17.110533
-10.416182	-17.871513
-12.895988	-9.066214
-4.322702	-23.083975
-3.4498239	-24.35439
-12.960558	-8.750333
-10.54243	-17.04787
-10.520098	-16.663769
-12.846678	-9.044846
-4.357145	-23.065495
-3.0996387	-23.188251
-12.436429	-9.531297
-3.0104115	-23.832277
-13.102657	-8.565356
-13.027049	-8.689165
-3.0031755	-23.100956
-13.243736	-8.364981
-13.094477	-8.574626
-10.582266	-16.837936
-5.442495	-22.315502
-10.476621	-17.119406
-3.0888557	-23.22344
-12.798747	-9.419977
-3.5016162	-24.46121
-2.808022	-22.8642
-12.96738	-8.742881
-12.968753	-8.736227
-13.048701	-8.672813
-3.0969737	-23.181067
-5.4323316	-22.32389
-10.648832	-16.079245
-10.483939	-17.136263
-12.932873	-9.015787
-10.552989	-17.657421
-3.5013468	-24.433792
-3.6475477	-23.452353
-10.606996	-16.009035
-4.1972337	-23.17318
-13.392541	-8.184353
-3.3920636	-23.67311
-10.142109	-18.79413
-3.3904696	-23.630337
-3.8232725	-23.397842
-13.264312	-8.327402
-10.575823	-16.848156
-3.495114	-24.38975
-10.520917	-16.639177
-3.4837995	-23.709074
-10.529269	-17.092394
-10.626426	-16.085367
-3.461449	-24.379211
-5.4569626	-22.301407
-10.373799	-17.852112
-10.510444	-16.662146
-12.813779	-9.487668
-12.968057	-8.835344
-10.516674	-17.076235
-3.5955286	-23.481575
-3.3106325	-23.74768
-4.6085196	-22.912714
-3.2754273	-23.748423
-12.829586	-9.459799
-4.522112	-22.964592
-12.826804	-9.462129
-3.487784	-24.377102
-3.3059344	-23.903978
-12.660023	-9.313271
-10.140305	-18.75959
-3.5022922	-24.426996
-10.592453	-16.73094
-9.824025	-19.247036
-10.391174	-17.917595
-10.612256	-16.807074
-10.413007	-17.410265
-13.066976	-8.619795
-10.472303	-17.149393
-12.835188	-9.466909
-4.218595	-23.152174
-3.1362267	-23.242758
-13.064476	-8.627541
-9.873654	-19.191465
-12.849024	-8.894355
-13.312156	-8.286898
-12.827245	-9.480277
-12.893759	-9.503037
-3.5072649	-24.431614
-13.305075	-8.293425
-12.530223	-9.439101
-3.5112064	-24.4551
-3.8165324	-23.397587
-10.640045	-16.082481
-10.472439	-17.151045
-13.174527	-8.45874
-5.007279	-22.65791
-10.515779	-17.623003
-2.9302278	-23.956577
-12.505233	-9.470814
-3.4598458	-24.128704
-2.9932592	-23.084475
-13.253177	-8.343663
-10.3967285	-17.91593
-13.105122	-8.573019
-3.2669706	-23.553158
-13.085966	-8.583423
-12.865919	-9.484447
-3.8387408	-23.386364
-3.8134134	-23.403894
-10.323062	-18.097973
-12.926651	-9.0773945
-2.7838695	-22.845003
-3.3759315	-23.605732
-4.2325544	-23.141886
-10.625696	-16.132769
-9.976258	-19.056309
-4.576542	-22.933947
-10.614014	-16.798964
-10.167529	-18.75486
-13.080302	-8.593077
-5.4200883	-22.334963
-13.269285	-8.322486
-3.4981976	-24.428461
-10.615815	-16.825823
-5.516298	-22.237944
-13.237561	-8.367421
-12.80419	-9.370088
-10.389088	-17.914902
-3.162313	-23.486395
-10.565579	-17.662292
-12.844717	-8.899777
-12.42811	-9.539098
-5.442106	-22.308222
-13.055844	-8.816152
-10.674463	-16.74289
-4.067796	-23.176731
-4.99643	-22.665682
-10.378271	-17.913574
-10.508893	-16.656948
-3.4128327	-23.628317
-10.61597	-16.788494
-13.276125	-8.3133135
-12.83032	-9.370914
-3.5031772	-24.43244
-10.62352	-16.811638
-12.827999	-9.478577
-12.968933	-8.804771
-3.505614	-24.437572
-12.837623	-8.918692
-10.383671	-17.47289
-4.990801	-22.6687
-3.3381376	-23.790775
-3.8116033	-23.404692
-13.310622	-8.284526
-10.1544075	-18.76657
-10.642029	-16.068876
-3.1078787	-23.202099
-10.553196	-17.169779
-5.1210575	-22.567585
-10.605408	-16.826721
-3.8242905	-23.377165
-13.308095	-8.289879
-3.453773	-23.366798
-3.5015907	-24.436281
-5.468616	-22.291788
-10.442487	-17.57844
-10.551787	-17.180172
-10.607218	-16.809599
-12.949373	-8.766842
-3.3473952	-23.666645
-3.29955	-23.747458
-4.97459	-22.689592
-10.579244	-17.183353
-12.791807	-9.27986
-3.2733803	-23.755697
-10.613781	-16.807446
-12.9049015	-9.0211525
-12.543083	-9.435366
-10.63346	-16.085798
-10.637508	-16.066442
-12.642321	-9.332436
-10.290464	-18.151318
-12.5836525	-9.463535
-13.024243	-8.677917
-12.855875	-9.490297
-12.01505	-7.990225
-3.0653307	-23.258549
-10.425994	-17.361769
-3.4383588	-24.066545
-10.553073	-17.722626
-9.9849825	-19.037094
-12.824331	-9.367352
-12.877789	-9.518796
-3.0748596	-23.17086
-5.424938	-22.330168
-5.0130634	-22.652397
-4.343992	-23.072912
-9.874366	-19.199766
-3.052177	-23.172625
-13.237358	-8.364809
-9.847962	-19.218658
-12.905382	-9.033536
-10.272518	-18.221231
-10.63042	-16.810732
-3.2357209	-23.36178
-12.4352	-9.5350275
-10.445104	-17.828468
-10.025566	-18.985601
-3.4928234	-24.371284
-3.3017423	-23.901268
-2.837177	-22.904043
-13.263476	-8.332189
-9.9895935	-19.032793
-13.063548	-8.620172
-3.3004274	-23.923016
-4.609425	-22.912851
-3.4150088	-23.642557
-9.853705	-19.21553
-13.293762	-8.303751
-3.0556042	-23.142406
-10.032259	-18.996428
-9.882276	-19.182556
-3.3091435	-23.872519
-3.8229225	-23.39869
-3.092998	-23.17839
-13.390851	-8.189305
-10.405	-17.415216
-3.225005	-23.55955
-5.1382384	-22.556091
-3.4222262	-23.607004
-10.271727	-18.230158
-9.876683	-19.192097
-12.588171	-9.410165
-3.222663	-23.582706
-10.380874	-17.201439
-13.22285	-8.383335
-13.078928	-8.592712
-9.830374	-19.234453
-10.640678	-16.073904
-13.212242	-8.417257
-9.888057	-19.175505
-12.949628	-8.81226
-4.243133	-23.139334
-10.394154	-17.899862
-10.368114	-17.39678
-12.892345	-8.856621
-5.434517	-22.31862
-10.627412	-16.074793
-12.901607	-8.815686
-2.920298	-23.952917
-3.0848649	-23.207052
-3.4065523	-23.606201
-3.3742023	-24.11219
-12.900765	-9.03739
-3.1750102	-23.273987
-10.523469	-17.096552
-12.810717	-9.499177
-9.9767	-19.049212
-3.381626	-23.607712
-11.997985	-7.9858584
-10.401888	-17.90842
-9.876984	-19.193766
-3.9560964	-23.250874
-4.991349	-22.668856
-12.997511	-8.726977
-3.8085055	-23.403896
-10.406463	-17.405981
-3.0694501	-23.173605
-4.3237944	-23.080744
-10.5506315	-17.186827
-12.823368	-9.392073
-12.931783	-8.990413
-10.594358	-16.848303
-3.4139452	-23.829332
-10.367434	-17.865568
-13.050336	-8.620604
-10.13423	-18.77966
-3.6666088	-23.521515
-3.5169775	-24.465258
-5.4229646	-22.331705
-12.83296	-9.485425
-3.3955624	-23.64175
-5.028307	-22.642643
-3.0961897	-23.223955
-12.9631195	-8.754208
-5.423104	-22.330902
-10.520743	-17.079868
-13.230455	-8.364221
-12.598916	-9.376166
-3.328247	-23.914078
-4.2171936	-23.151802
-3.4977272	-24.431696
-10.381947	-17.873861
-10.512962	-16.651897
-5.0986156	-22.58684
-10.5129795	-16.65677
-10.624784	-16.093407
-3.4263644	-23.716944
-10.602313	-16.105791
-3.434177	-23.657015
-10.624854	-16.095284
-10.514286	-16.667856
-10.260858	-18.248407
-12.440566	-9.5340805
-12.971929	-8.8182535
-10.028383	-18.998209
-2.8178556	-22.878277
-10.634054	-16.076973
-12.945576	-8.777411
-4.596856	-22.92169
-3.0737019	-23.20297
-13.049997	-8.585258
-5.1352506	-22.55863
-3.3100128	-23.86637
-9.878201	-19.189093
-12.564295	-9.360683
-13.061678	-8.601544
-10.506047	-17.69289
-13.273727	-8.314359
-3.269376	-23.830795
-3.4169917	-23.700716
-4.446777	-23.009558
-2.9164522	-23.974411
-10.479467	-17.297638
-3.4111965	-24.185827
-10.1512985	-18.723543
-3.505845	-24.447487
-10.138863	-18.79466
-10.635568	-16.078114
-4.599517	-22.919287
-2.9160795	-23.927082
-10.581467	-17.644182
-5.0770826	-22.60626
-12.836683	-9.353767
-3.1985323	-23.489346
-12.414597	-9.550331
-10.434813	-17.865883
-9.87808	-19.187244
-2.9821632	-23.881563
-3.394967	-23.874912
-2.9316332	-23.961628
-12.542375	-9.414436
-10.6441555	-16.064165
-12.849878	-9.501459
-3.8151958	-23.411037
-12.881281	-8.80919
-10.586738	-16.097462
-2.9066513	-22.98684
-10.643324	-16.073864
-3.0569346	-23.185303
-3.3695679	-23.580574
-10.632482	-16.078773
-10.400031	-17.449259
-13.303043	-8.294787
-4.4665995	-23.000767
-10.646397	-16.082357
-10.610882	-16.016855
-3.512988	-24.451347
-10.38726	-17.882816
-12.888605	-9.075
-3.5061228	-24.439772
-3.4863515	-24.351288
-10.403695	-17.880234
-3.5120687	-24.455458
-12.837448	-9.239796
-10.633802	-16.073189
-3.0960004	-23.167797
-4.181097	-23.177103
-13.038079	-8.672212
-3.3380828	-23.544874
-10.513301	-17.699205
-10.389077	-17.861734
-4.993217	-22.667955
-5.0810547	-22.602818
-9.924944	-19.101484
-2.9950907	-23.906744
-3.131002	-23.231432
-3.2748797	-23.436441
-10.597426	-16.8263
-10.141038	-18.79684
-10.432772	-17.483839
-12.800864	-9.370706
-10.368527	-17.851397
-9.880227	-19.187185
-9.886526	-19.179535
-12.834227	-9.31453
-10.638982	-16.084991
-12.980849	-8.737779
-10.047976	-17.210646
-5.4452333	-22.31147
-10.524107	-17.118196
-3.6418495	-23.450676
-4.19052	-23.165848
-4.9639883	-22.690613
-10.515504	-16.654627
-10.027864	-18.997707
-10.6143055	-16.051561
-13.394464	-8.181451
-3.4031284	-23.753294
-10.43143	-17.554155
-9.869036	-19.191738
-10.626779	-16.086348
-2.8081148	-22.868662
-10.397663	-17.91054
-12.417241	-9.550523
-13.263386	-8.33257
-5.0613174	-22.61837
-3.138104	-23.249418
-13.180301	-8.454737
-12.8347025	-9.214858
-10.632615	-16.069906
-3.2905564	-23.908867
-10.617262	-16.006824
-12.438366	-9.528846
-13.064274	-8.611594
-13.044844	-8.640658
-3.0963542	-23.240135
-10.117995	-18.795916
-12.89882	-9.058796
-5.0858216	-22.596066
-12.803104	-9.360099
-10.390445	-17.434027
-3.392861	-23.65149
-12.410294	-9.320995
-2.904527	-23.959116
-10.642565	-16.864307
-4.6358438	-22.899277
-5.4694457	-22.28561
-10.633614	-16.096127
-13.292074	-8.311645
-10.620142	-16.827553
-2.9577606	-23.944803
-13.158577	-8.285427
-13.073355	-8.596925
-13.266653	-8.332856
-5.5288196	-22.235435
-13.137702	-8.48997
-12.985297	-8.808099
-4.59022	-22.924938
-3.0530992	-23.1694
-10.604408	-16.795395
-9.876545	-19.19321
-10.269775	-18.2291
-3.52819	-23.41417
-10.501849	-17.113312
-13.272783	-8.3355465
-10.644088	-16.80934
-4.9957395	-22.667099
-10.127399	-18.784935
-9.855555	-19.209604
-10.41547	-17.406935
-9.98251	-19.045532
-10.393432	-17.91283
-10.567725	-17.65384
-3.5102901	-24.465134
-10.493586	-17.125734
-4.2308807	-23.141878
-10.619274	-15.998211
-13.186975	-8.433656
-10.492209	-17.124716
-12.453706	-9.559963
-12.814534	-9.378065
-4.520947	-22.969147
-10.577225	-17.195152
-12.907114	-9.0599985
-12.977239	-8.825994
-3.0100498	-23.092833
-10.618827	-16.082167
-3.2537649	-23.377293
-5.4290957	-22.327532
-3.3055434	-23.906311
-2.839165	-22.901777
-5.0670257	-22.613857
-3.0876715	-23.24325
-3.4037209	-23.748955
-3.083098	-23.169144
-5.422952	-22.331675
-10.391214	-17.829832
-12.833693	-9.23362
-2.9254332	-23.959806
-12.817295	-8.901464
-10.40167	-17.447138
-1.3888232	-15.952784
-10.577971	-16.054203
-12.528349	-9.407414
-4.4962115	-22.98428
-12.846074	-9.508951
-7.5868196	8.334969
-10.402506	-17.423729
-10.630367	-16.810312
-12.916697	-9.084241
-13.280917	-8.304643
-10.538501	-17.677744
-12.418659	-9.527388
-12.716713	-9.260678
-10.5829935	-16.772411
-3.423035	-24.228725
-10.143085	-18.792952
-10.126087	-18.771645
-5.4437795	-22.312016
-12.982271	-8.81425
-12.85949	-8.882391
-3.2862148	-23.916862
-13.288563	-8.311931
-13.321852	-8.313424
-5.492501	-22.260895
-3.4709704	-24.134327
-10.617471	-16.086143
-9.990775	-19.033281
-9.890769	-19.171759
-13.114603	-8.550365
-13.174768	-8.45194
-13.273394	-8.317076
-9.888433	-19.170502
-10.607856	-16.831953
-12.504849	-9.414988
-2.9664428	-23.066967
-4.456751	-23.007483
-3.48527	-24.32966
-4.990063	-22.67169
-10.534012	-17.662573
-2.8073127	-22.86677
-10.533869	-17.037477
-3.2795637	-23.39675
-3.5061505	-24.447905
-12.509342	-9.474907
-9.837138	-19.240744
-10.589664	-16.752699
-13.243319	-8.30765
-4.3370442	-23.07302
-12.613601	-9.4239
-13.018782	-8.681973
-3.2304308	-23.627674
-12.514014	-9.398545
-10.562068	-17.671974
-12.816358	-9.333124
-12.820877	-9.349827
-9.87421	-19.197025
-4.997559	-22.66657
-13.078314	-8.595989
-10.4029045	-17.436293
-13.172209	-8.458571
-10.523729	-17.100029
-13.299984	-8.299353
-3.0850303	-23.218695
-12.868338	-8.852572
-10.398134	-17.897932
-10.611121	-16.15779
-3.274299	-23.3762
-10.427193	-17.552221
-3.1047213	-23.264246
-13.275904	-8.332929
-9.8871355	-19.178576
-12.9769945	-8.829147
-3.06082	-23.194912
-3.24708	-23.390171
-12.8130665	-9.349276
-10.307398	-18.136621
-12.83538	-9.350536
-10.1417885	-18.791529
-10.480017	-17.12752
-10.620812	-16.002127
-5.5416317	-22.224346
-12.556837	-9.407139
-12.801428	-9.316521
-4.991134	-22.670046
-4.355855	-23.059504
-12.836798	-8.892035
-10.462551	-17.150444
-12.820192	-9.349216
-3.0846512	-23.21749
-10.306281	-18.137575
-4.590436	-22.925087
-3.4542217	-24.363821
-13.031232	-8.683732
-3.4059088	-23.630054
-4.5977325	-22.92075
-3.0710452	-23.168932
-12.966567	-8.744943
-3.1005464	-23.272552
-12.837278	-9.484918
-3.607281	-23.445593
-3.5058863	-24.442616
-3.1129196	-23.278326
-10.674165	-16.022833
-10.494969	-17.129103
-3.4163582	-24.213108
-13.082021	-8.597803
-10.390368	-17.920786
-10.64498	-16.062286
-5.094091	-22.589392
-10.628431	-16.084145
-3.667206	-23.50735
-10.659458	-15.974084
-3.387788	-23.795366
-10.552924	-17.191986
-10.401963	-17.441095
-10.266976	-18.227718
-13.283476	-8.313354
-9.988778	-19.037374
-4.3685803	-23.055975
-10.5685835	-17.671864
-3.099431	-23.183779
-4.1893845	-23.168314
-12.809174	-9.34035
-3.8002837	-23.320847
-13.188287	-8.438485
-3.281553	-23.7558
-10.180019	-18.730406
-10.311886	-18.128677
-10.134708	-18.781849
-10.395766	-17.873096
-12.674882	-9.225486
-10.611888	-16.812681
-3.6063643	-23.52516
-10.541045	-17.08778
-3.4469488	-24.105228
-10.550251	-17.65979
-13.126946	-8.53585
-10.144478	-18.78764
-3.6301305	-23.503529
-9.969641	-19.06597
-10.529981	-17.084122
-5.0856442	-22.599749
-12.424808	-9.54075
-10.487871	-17.140186
-10.5195875	-17.087034
-2.8000124	-22.860039
-10.402876	-17.903763
-9.867374	-19.198795
-12.436353	-9.529608
-3.3010805	-23.637508
-5.1097016	-22.578056
-3.0952015	-23.274883
-9.880317	-19.186638
-13.165663	-8.463338
-13.073861	-8.61258
-13.1926985	-8.45082
-3.4523618	-23.79498
-9.870826	-19.19942
-10.588564	-15.9896345
-12.810159	-9.342971
-13.297278	-8.301812
-5.3563356	-22.398129
-9.881623	-19.180687
-3.4561806	-23.987785
-12.815576	-8.915005
-3.4423952	-23.670765
-4.999025	-22.66604
-9.878308	-19.190481
-12.549634	-9.417222
-3.0948632	-23.245405
-3.393185	-23.612871
-12.825946	-9.46772
-10.62766	-16.834078
-10.626448	-16.085176
-5.465401	-22.291739
-12.943531	-8.876936
-10.379279	-17.925064
-10.02208	-19.00984
-10.539023	-17.093246
-2.8143604	-22.874538
-12.806337	-9.2248745
-12.927361	-8.784404
-12.850263	-8.84201
-3.1346095	-23.320175
-2.9614985	-23.06272
-10.043542	-18.976929
-10.512669	-17.711002
-5.0109487	-22.656637
-10.292525	-18.138174
-13.375743	-8.204746
-3.4617884	-24.368948
-10.641412	-16.05707
-9.876561	-19.191774
-3.0801318	-23.160002
-10.104245	-18.79893
-10.536269	-17.074543
-12.82594	-9.423479
-9.878101	-19.188993
-9.870717	-19.194584
-13.365124	-8.217976
-9.980616	-19.038027
-13.192331	-8.292989
-10.4151125	-17.469603
-10.331546	-18.063341
-10.638474	-16.088099
-13.282027	-8.301538
-12.8293495	-9.482289
-4.6062717	-22.914972
-13.096621	-8.572878
-3.444086	-24.131313
-10.606558	-16.805727
-3.0200005	-23.139877
-10.521088	-17.065838
-13.173456	-8.459101
-5.4238734	-22.330664
-3.3547928	-23.894144
-13.389986	-8.189433
-13.138721	-8.509966
-3.3178196	-23.925802
-10.520924	-16.633787
-10.622052	-16.091534
-4.991177	-22.670124
-10.289053	-17.256971
-3.0223687	-23.119797
-3.5119426	-23.454762
-4.6138835	-22.911242
-3.1171634	-23.197243
-3.5051727	-24.436785
-4.9992886	-22.66471
-10.626738	-16.087044
-13.26802	-8.336048
-10.518301	-16.66696
-2.9527383	-23.04059
-13.100858	-8.551196
-3.5044944	-24.402264
-10.648006	-16.065567
-10.16277	-18.797318
-3.3199103	-23.934761
-3.2671754	-23.39913
-12.8213825	-8.902619
-10.606331	-16.043503
-3.4013417	-23.437984
-13.048325	-8.645208
-12.934773	-8.784157
-10.272106	-18.220629
-10.582067	-16.09622
-10.556039	-16.759249
-4.343792	-23.06954
-10.390186	-17.83255
-10.393455	-17.946978
-4.246462	-23.135187
-10.6121435	-16.000437
-3.8297033	-23.390615
-3.2749906	-23.427702
-13.136533	-8.500374
-3.1138527	-23.186354
-5.493354	-22.260654
-10.59797	-16.074574
-13.233656	-8.377639
-13.11783	-8.517067
-12.392458	-9.545919
-10.641086	-16.05966
-12.789899	-9.337707
-10.568848	-17.69462
-2.8205543	-22.889425
-10.004724	-19.020672
-13.250591	-8.36539
-9.881685	-19.186062
-9.866484	-19.205706
-9.877211	-19.186644
-12.768615	-9.1296015
-13.044302	-8.653321
-3.5053003	-24.432636
-12.847672	-8.879934
-3.4666846	-24.369183
-3.4199426	-23.835875
-12.953747	-8.841116
-9.967383	-19.066753
-12.972788	-8.743388
-3.7047431	-23.542221
-3.0700178	-23.15023
-3.109162	-23.272926
-3.470199	-24.332525
-12.803533	-9.349335
-13.074152	-8.602558
-3.2755778	-23.706734
-10.393819	-17.904285
-12.887985	-9.0969515
-10.5367	-17.038425
-9.989603	-19.036543
-13.190302	-8.437331
-12.920223	-8.80108
-10.477936	-17.152176
-10.309918	-18.135113
-10.374733	-17.956882
-10.530338	-17.087727
-3.6630068	-23.433886
-5.100933	-22.58533
-13.037368	-8.675913
-12.548696	-9.401354
-2.923855	-23.954409
-3.2786024	-23.739027
-13.0942955	-8.582989
-10.5582695	-17.047651
-13.29043	-8.291616
-12.803154	-9.355295
-3.4998207	-24.430084
-10.403356	-17.86442
-10.45512	-17.532557
-3.0596488	-23.222912
-13.27108	-8.319934
-3.3173082	-23.95275
-13.278715	-8.313838
-12.831629	-9.260903
-13.017933	-8.709191
-10.137986	-18.801395
-4.5940866	-22.922808
-3.096487	-23.187178
-10.610055	-16.016432
-2.920036	-23.964008
-13.168747	-8.47947
-5.426064	-22.32654
-10.525123	-16.638266
-3.1198957	-23.242065
-12.866337	-8.858753
-10.61013	-16.007423
-10.13199	-18.805515
-3.0940049	-23.1907
-9.887197	-19.175406
-3.3037503	-23.74946
-10.385773	-17.923832
-10.366327	-17.945211
-3.505059	-24.453121
-10.313124	-18.127996
-3.488726	-24.370445
-3.0072434	-23.108301
-12.974194	-8.824158
-12.556533	-9.409774
-10.13621	-18.808336
-2.9329717	-23.945116
-5.410389	-22.340975
-3.2938452	-23.757265
-12.831343	-9.503748
-3.0628679	-23.146029
-4.9670296	-22.697575
-3.1907735	-23.570145
-12.5504875	-9.416909
-10.552624	-16.99507
-12.91431	-8.997237
-10.630307	-16.806492
-4.6202793	-22.901918
-9.986768	-19.03779
-10.619436	-16.043316
-3.370775	-23.656662
-2.4830918	-22.91922
-10.565952	-17.669186
-13.0664015	-8.578926
-3.0882576	-23.181791
-13.047971	-8.639278
-13.083176	-8.594462
-2.925807	-23.959637
-12.808936	-9.403713
-12.553496	-9.410372
-10.630676	-16.05956
-13.272394	-8.317963
-10.405302	-17.428648
-3.6472945	-23.52182
-3.4909453	-24.1816
-5.4246616	-22.330547
-3.5072002	-24.43188
-3.0240014	-23.127178
-10.395218	-17.823517
-11.793368	-7.90287
-3.312993	-23.909449
-10.614415	-16.809078
-13.069536	-8.620706
-9.873119	-19.198818
-12.915679	-8.964495
-12.939276	-8.91786
-10.131128	-18.778507
-10.56505	-17.667816
-3.3881211	-23.611519
-12.507137	-9.483364
-3.496796	-24.39966
-3.0504475	-23.18522
-12.91414	-9.020162
-10.641429	-16.0637
-10.528421	-17.126211
-10.551807	-17.18492
-13.21657	-8.3990135
-10.3937645	-17.894764
-10.614911	-16.795624
-3.4054952	-23.846254
-13.205912	-8.425793
-12.648519	-9.332976
-4.9908557	-22.670038
-4.497395	-22.983624
-12.878701	-9.513801
-10.143695	-18.795723
-12.8172455	-9.394386
-13.006963	-8.768644
-3.2940152	-23.895588
-10.529213	-17.08516
-10.379927	-17.902243
-5.006269	-22.660236
-4.481208	-22.991444
-5.532664	-22.232159
-3.8208957	-23.40021
-12.837435	-9.257441
-3.0868387	-23.162458
-9.9887085	-19.037264
-13.051692	-8.643693
-3.0045664	-23.100477
-4.6090345	-22.913986
-10.4019985	-17.439302
-13.211382	-8.424724
-3.4995484	-24.427917
-12.929526	-8.789455
-10.408818	-17.434885
-3.5388238	-24.485281
-3.800644	-23.40809
-3.2333405	-23.739994
-10.6418915	-16.068611
-3.532412	-24.481228
-12.983945	-8.8117895
-3.5045862	-24.432938
-3.8588457	-23.361427
-10.492558	-17.322128
-12.965268	-8.8580475
-3.279416	-23.67998
-12.824871	-9.197173
-9.8808365	-19.186754
-4.344094	-23.069607
-12.419397	-9.545862
-4.2006984	-23.175652
-10.601868	-16.034718
-3.2503161	-23.787085
-10.080134	-18.804375
-3.3960059	-23.598255
-3.504768	-24.437874
-12.860811	-8.899891
-12.890819	-9.07543
-13.151441	-8.505273
-12.547483	-9.412835
-3.0702848	-23.207205
-2.8086483	-22.86827
-2.7878695	-22.846478
-5.471449	-22.289007
-12.408246	-9.5575
-12.845208	-9.505451
-10.496931	-17.108402
-3.092155	-23.178099
-3.6620934	-23.436134
-10.381052	-17.866838
-3.486207	-24.32934
-13.119807	-8.517871
-3.5091262	-24.442312
-10.550335	-16.7533
-10.606694	-16.814753
-12.844908	-8.885288
-13.150561	-8.499881
-13.014752	-8.662074
-13.000399	-8.703305
-10.424583	-17.439056
-10.546532	-16.757055
-3.372427	-23.575205
-4.2358894	-23.134794
-13.121544	-8.511085
-10.269315	-18.224604
-13.002377	-8.717585
-10.365164	-17.921814
-10.40136	-17.90745
-3.3946	-23.59516
-4.581283	-22.930573
-12.82995	-9.480528
-5.0902443	-22.595081
-3.3883164	-23.866863
-3.0821476	-23.247738
-10.49004	-17.136057
-12.816912	-9.390881
-13.051871	-8.643659
-4.991852	-22.669113
-12.4188385	-9.551621
-10.605744	-16.83522
-10.676478	-16.052765
-10.27351	-18.217123
-3.5052068	-24.424025
-3.823175	-23.393688
-5.021074	-22.650164
-5.4291973	-22.325716
-10.525988	-16.865667
-3.2928994	-23.8857
-5.4991813	-22.254646
-12.597844	-9.414389
-2.8187485	-22.881113
-10.596493	-16.840815
-10.274132	-18.221802
-12.852347	-9.482927
-3.4182634	-23.620413
-3.3498378	-23.955637
-12.810629	-9.375345
-3.799849	-23.40817
-12.817508	-9.4037075
-12.4265	-9.538439
-12.911815	-8.988937
-10.405612	-17.89757
-13.269151	-8.323819
-13.034932	-8.676501
-3.5083616	-24.454222
-5.0134606	-22.65456
-3.4035127	-23.857748
-13.1125965	-8.551569
-10.120873	-18.787977
-13.003235	-8.710148
-10.561401	-17.07373
-3.0729597	-23.212807
-12.527126	-9.435076
-10.55497	-16.749203
-10.607201	-16.813671
-3.3228507	-23.936935
-10.544172	-16.683508
-9.9947195	-19.027718
-3.5017378	-24.469234
-3.290939	-23.739344
-12.819618	-9.479294
-10.524171	-17.235285
-13.044818	-8.659423
-2.9883573	-23.086544
-10.605138	-16.814571
-13.219386	-8.40771
-4.4397206	-23.01442
-10.607103	-16.8124
-10.592596	-16.079351
-3.5057368	-24.444614
-12.964717	-8.8184185
-2.8393424	-22.909405
-3.406659	-23.703018
-4.1983643	-23.164682
-10.2930565	-18.156267
-10.554099	-17.175228
-3.4261305	-23.607315
-9.868428	-19.202408
-2.991604	-23.870464
-13.170391	-8.46295
-3.8531272	-23.377607
-10.361573	-17.937191
-3.228985	-23.338202
-9.877236	-19.191448
-13.161624	-8.477258
-10.150814	-18.69556
-12.980305	-8.816565
-9.865614	-19.197361
-10.260952	-18.25174
-3.2934988	-23.781986
-12.852857	-8.88334
-4.20394	-23.162527
-12.434165	-9.534339
-3.3839777	-24.1025
-3.866806	-23.357533
-13.035943	-8.665865
-12.722577	-9.23994
-5.001163	-22.66053
-9.964049	-19.048605
-10.626822	-16.079803
-13.30116	-8.296813
-13.162358	-8.47746
-12.895793	-9.064101
-9.879031	-19.188988
-10.319286	-18.089716
-3.370856	-23.674364
-10.617622	-16.066614
-2.922483	-23.956982
-5.4484143	-22.308058
-13.299462	-8.298058
-4.328486	-23.081907
-5.426408	-22.328543
-12.891294	-8.86197
-5.100341	-22.585726
-3.4959524	-24.420841
-3.5295153	-24.4134
-12.954482	-8.759107
-10.46966	-17.16824
-10.577553	-16.851435
-4.967669	-22.68627
-3.2135231	-23.562038
-10.587758	-17.621082
-10.393049	-17.82063
-10.293515	-18.139277
-12.820457	-9.379858
-4.3369584	-23.074038
-3.416208	-23.812717
-3.4332888	-23.843584
-9.862455	-19.204826
-10.517137	-17.685915
-12.928104	-8.808923
-10.628322	-16.069637
-5.4857135	-22.26583
-5.1095624	-22.5795
-10.551092	-17.66184
-9.850096	-19.196695
-13.124611	-8.52079
-2.9637496	-23.057692
-10.395469	-17.896427
-10.272326	-18.223099
-13.184153	-8.444748
-3.2770145	-23.654282
-11.797894	-7.9138203
-3.5007823	-24.413174
-13.180097	-8.453454
-3.1142068	-23.196905
-10.426551	-17.434538
-10.5475235	-15.934857
-10.403884	-17.42317
-10.602901	-16.009773
-5.398298	-22.356237
-12.904716	-8.803059
-12.536999	-9.422973
-5.529397	-22.234104
-3.4151988	-23.83643
-3.0903676	-23.223967
-4.9763284	-22.676464
-10.354204	-18.079124
-4.6164827	-22.908266
-3.5048664	-24.428783
-10.521371	-17.67589
-10.526068	-17.071545
-12.826905	-9.235142
-10.554016	-17.663055
-3.1465752	-23.31397
-2.7717268	-22.816492
-12.967651	-8.852039
-4.5925884	-22.923391
-9.879126	-19.187609
-9.9864645	-19.035955
-3.2823849	-23.7433
-10.473658	-17.63924
-3.4329236	-24.325945
-13.284207	-8.300964
-5.025426	-22.642591
-5.474724	-22.275078
-3.1044345	-23.190655
-12.903996	-9.050624
-10.131227	-18.788706
-12.526238	-9.423919
-12.956746	-8.79313
-10.552472	-17.12033
-3.0962927	-23.265545
-10.136205	-18.791315
-10.608848	-16.817562
-3.147915	-23.137041
-2.9935794	-23.092676
-9.876826	-19.188951
-3.0943365	-23.242023
-3.542492	-24.466196
-3.5938656	-23.477438
-3.4622772	-24.120102
-3.384881	-23.60777
-9.8790865	-19.188623
-12.943367	-8.882662
-10.028693	-18.99769
-12.967926	-8.748517
-3.8298118	-23.391443
-5.135185	-22.55418
-10.129935	-18.779839
-13.264081	-8.33119
-10.136488	-18.76606
-10.265731	-18.228613
-3.1036243	-23.194878
-5.115833	-22.573843
-10.620088	-16.782995
-4.990646	-22.667456
-10.511191	-17.67334
-13.241706	-8.360083
-3.2973976	-23.757025
-10.618145	-16.109106
-3.4249601	-23.717276
-3.495088	-24.13377
-10.516203	-17.688791
-3.0328243	-23.144747
-10.12411	-18.788664
-3.28325	-23.420609
-12.973763	-8.727334
-9.901541	-19.149641
-10.633212	-16.795527
-10.559137	-17.169764
-12.537032	-9.417918
-10.550975	-17.020895
-13.045905	-8.63929
-10.571598	-16.778017
-12.438046	-9.530405
-10.121426	-18.787865
-3.1080282	-23.191805
-10.662495	-16.211948
-12.943363	-8.748768
-9.883266	-19.183369
-13.04271	-8.664662
-3.4928114	-24.356361
-2.9891284	-23.880812
-9.8756275	-19.193659
-4.9821577	-22.679983
-12.837225	-8.898282
-5.452551	-22.304056
-5.5734057	-22.189932
-10.581636	-17.650017
-12.808898	-9.375739
-10.613314	-16.785765
-9.85985	-19.206776
-10.557298	-16.857035
-5.4503846	-22.30673
-12.511794	-9.470491
-10.539492	-17.041584
-12.42183	-9.543715
-13.143528	-8.513111
-2.996148	-23.10461
-10.406365	-17.439571
-10.553305	-17.125877
-12.547874	-9.412216
-10.548637	-17.688335
-3.2765138	-23.760147
-13.107065	-8.541752
-13.282806	-8.309957
-10.023325	-19.000675
-12.980227	-8.830268
-3.4911578	-24.131428
-13.295934	-8.293203
-12.523951	-9.46522
-10.53875	-17.077976
-3.505054	-24.440168
-3.8149035	-23.400774
-3.0752535	-23.216017
-10.40244	-17.934721
-13.190825	-8.438842
-10.401093	-17.463747
-3.286252	-23.7505
-10.414962	-17.928938
-2.9533505	-23.940317
-3.1350324	-23.227112
-10.0241165	-18.984373
-10.629685	-16.07428
-10.54037	-17.08851
-10.607507	-16.069239
-3.3038955	-23.931917
-4.5087256	-22.973831
-10.3896055	-17.934298
-10.40191	-17.88611
-9.9905405	-19.051771
-3.0810177	-23.210752
-3.2974107	-23.95463
-10.149197	-18.782583
-3.5011415	-24.4145
-10.1475525	-18.773281
-10.607427	-16.008917
-10.617487	-16.801788
-10.432482	-17.375586
-10.320734	-18.095829
-13.100122	-8.574705
-5.4248595	-22.329731
-2.9944818	-23.897785
-10.375445	-17.929544
-10.416124	-17.890263
-3.0705585	-23.160992
-3.2788029	-23.772285
-12.829285	-9.234369
-12.814402	-8.906338
-12.579858	-9.407015
-5.4301534	-22.32523
-3.5037744	-24.431923
-3.0524979	-23.187742
-3.0952375	-23.182415
-10.041615	-18.983765
-13.152631	-8.483513
-3.10265	-23.19021
-10.595934	-17.64321
-10.6321125	-16.797377
-12.552723	-9.405847
-13.432395	-8.145317
-3.4749634	-24.090208
-12.829564	-9.465004
-3.2080002	-23.590485
-13.301343	-8.296032
-13.30303	-8.2878275
-10.513251	-17.117226
-3.503105	-24.421951
-12.964769	-8.752905
-5.5348783	-22.229778
-5.4985495	-22.256283
-3.417483	-23.61428
-3.0062847	-23.101458
-13.094639	-8.539892
-4.23443	-23.140768
-10.023515	-19.008163
-2.8070235	-22.867126
-4.481383	-22.990805
-10.554623	-17.167477
-5.015884	-22.649412
-10.632546	-16.071274
-3.8186345	-23.399828
-10.291405	-18.169033
-12.81828	-8.904735
-5.4235296	-22.331066
-10.40217	-17.438152
-13.046331	-8.670506
-13.088053	-8.6025505
-10.64443	-16.765713
-13.059914	-8.631087
-9.876089	-19.221376
-9.971286	-19.058512
-13.393232	-8.1855545
-13.133883	-8.511276
-9.883314	-19.182322
-4.6343203	-22.896704
-10.404409	-17.449894
-12.619768	-9.28949
-10.612175	-16.790434
-3.0773592	-23.169428
-10.628557	-16.080774
-3.0975199	-23.184072
-10.530868	-17.144487
-10.398185	-17.911163
-12.97833	-8.734699
-10.643605	-16.063908
-10.554868	-16.148966
-10.00332	-19.01143
-2.8122444	-22.871775
-10.5772505	-17.67972
-3.4992988	-24.436874
-3.3774846	-23.62252
-9.984859	-19.047434
-10.39976	-17.424316
-10.603669	-16.807802
-10.367851	-17.938663
-5.449361	-22.307972
-10.301637	-18.150303
-10.64215	-16.070946
-10.146421	-18.78525
-3.0651042	-23.194635
-9.991132	-19.033901
-3.2798696	-23.867184
-2.953389	-23.9194
-10.642864	-16.080103
-5.45668	-22.292162
-10.627138	-16.072582
-10.635825	-16.0697
-3.4996684	-24.425957
-10.555717	-17.148851
-3.0181208	-23.888367
-3.302403	-23.874035
-3.4992883	-24.428888
-3.4619606	-24.124323
-12.918348	-9.078854
-12.834882	-9.500517
-5.4542556	-22.304947
-9.907384	-19.160177
-13.381477	-8.197154
-4.22587	-23.144684
-3.5031085	-24.439272
-10.637841	-16.073248
-10.61909	-16.824457
-10.564017	-17.661592
-10.591203	-16.079222
-3.1366222	-23.225702
-3.098436	-23.249271
-12.837213	-9.472933
-9.873203	-19.198067
-13.112535	-8.551179
-10.512111	-16.61815
-10.400239	-17.431492
-12.633809	-9.334786
-13.176396	-8.453131
-3.29613	-23.7393
-3.0982454	-23.179525
-3.4728024	-24.383547
-2.9436033	-23.938532
-3.3882575	-23.631807
-12.890513	-9.0764885
-5.0849843	-22.597069
-4.999937	-22.666245
-9.884165	-19.185215
-3.0729854	-23.211327
-3.1300066	-23.268198
-3.55156	-24.495234
-12.876195	-8.8803215
-3.8214815	-23.39729
-4.4811535	-22.99064
-10.5585	-17.168333
-3.1143343	-23.204979
-5.4310727	-22.323187
-3.3491564	-23.414461
-10.458884	-17.478453
-12.816276	-9.364896
-13.29653	-8.288522
-12.828547	-9.455009
-2.7777483	-22.838512
-4.214294	-23.160913
-12.976697	-8.732816
-10.309471	-18.130474
-10.026561	-19.00032
-3.5166214	-24.45893
-4.2425637	-23.136862
-10.439254	-17.547043
-3.4311135	-23.831572
-3.3193266	-23.92194
-10.101226	-18.821522
-10.609008	-16.004574
-3.1011226	-23.232433
-13.176781	-8.457537
-4.99687	-22.666819
-3.0467756	-23.169222
-12.921582	-8.79481
-3.0803695	-23.218317
-10.375113	-17.934345
-10.260323	-18.25355
-4.3451977	-23.068888
-13.397596	-8.178228
-5.4567356	-22.30025
-10.295375	-18.166191
-10.459564	-17.560268
-3.4677467	-23.636587
-9.996328	-19.021715
-10.547828	-17.667658
-12.968688	-8.846951
-10.425192	-17.855862
-3.442353	-24.0811
-10.411988	-17.434305
-12.813795	-9.367911
-5.0861516	-22.598148
-9.978716	-19.031006
-3.384866	-23.59516
-12.925093	-8.788249
-2.847296	-22.915293
-3.3729687	-23.656261
-9.86987	-19.19615
-13.039599	-8.67212
-13.221581	-8.391296
-9.98653	-19.030252
-3.2815976	-23.697208
-13.141921	-8.496484
-4.987034	-22.671509
-10.388582	-17.480087
-11.799602	-7.9054484
-12.830689	-9.473995
-10.631391	-16.847801
-3.08585	-23.218336
-10.125576	-18.787313
-3.6221888	-23.456316
-9.864204	-19.2097
-12.440212	-9.525746
-10.608573	-16.01352
-13.084641	-8.581379
-13.306988	-8.289604
-12.8465805	-8.877521
-12.836325	-9.4776325
-4.1930323	-23.167868
-13.066993	-8.616073
-12.859883	-9.250414
-10.403855	-17.866474
-5.033193	-22.636402
-10.553678	-17.165918
-5.446576	-22.309664
-10.412916	-17.427853
-10.286269	-18.185482
-12.906762	-9.047916
-2.9097915	-22.991123
-10.377056	-17.8877
-12.991358	-8.799972
-3.2032645	-23.539013
-10.406817	-17.87566
-10.669562	-16.106838
-5.0844593	-22.599705
-12.803388	-8.9410925
-3.059618	-23.207335
-12.96433	-8.866113
-12.912214	-9.023155
-12.528121	-9.471819
-13.064115	-8.614998
-13.193171	-8.437129
-3.5745912	-23.505157
-5.4239936	-22.329952
-4.5898004	-22.925068
-13.392546	-8.185322
-10.600575	-16.815588
-5.422495	-22.331276
-9.876484	-19.191965
-3.3192813	-23.924965
-5.3929067	-22.362389
-3.0708034	-23.216383
-10.145723	-18.788233
-13.172519	-8.465557
-3.0832357	-23.226246
-10.525613	-17.128984
-3.1285267	-23.206436
-10.4955435	-17.636276
-2.8885283	-22.966288
-12.835678	-9.482102
-13.157742	-8.488481
-10.495467	-17.124153
-3.2823627	-23.744535
-2.9891264	-23.085262
-3.5062962	-24.43521
-3.7823958	-23.405548
-3.3966367	-23.60013
-9.968353	-19.053217
-13.300101	-8.29866
-10.287458	-18.202696
-10.608665	-16.011875
-3.3195143	-23.875551
-13.097369	-8.585582
-12.923965	-8.791902
-3.8237922	-23.396057
-5.0862255	-22.596611
-10.400686	-17.798782
-12.424955	-9.541654
-3.2395625	-23.579021
-13.255756	-8.353327
-13.335027	-8.25755
-12.53039	-9.434504
-2.9276044	-23.948572
-10.316674	-18.051958
-10.100507	-18.807632
-12.966758	-8.742028
-10.616404	-16.053247
-10.143413	-18.789433
-3.4262345	-23.645748
-10.409281	-17.895733
-12.59041	-9.374714
-12.822818	-9.386314
-10.305476	-18.131582
-3.0466974	-23.168282
-12.816772	-9.250649
-10.517203	-16.631123
-3.2882733	-23.757408
-5.000406	-22.663876
-12.587998	-9.358062
-13.213167	-8.39797
-3.317207	-23.928911
-10.133945	-18.784079
-10.030342	-18.995523
-10.529977	-17.690603
-3.6822271	-23.491732
-3.4010386	-23.62106
-13.158995	-8.480873
-13.08112	-8.593935
-5.0172215	-22.6496
-5.4752383	-22.285076
-10.567845	-17.053228
-4.998538	-22.665743
-4.993695	-22.668701
-10.2945385	-18.149878
-3.0853186	-23.222174
-3.6221366	-23.454254
-4.988454	-22.663599
-10.53077	-17.062042
-10.517894	-17.087221
-3.2848272	-23.755611
-13.182323	-8.452433
-5.4859324	-22.265734
-10.401777	-17.907242
-2.940906	-23.944843
-3.4976244	-24.411793
-5.070734	-22.610977
-10.555322	-16.997974
-4.360386	-23.056906
-12.880275	-9.353949
-5.0065336	-22.659554
-10.029009	-18.99845
-10.389812	-17.848541
-13.042135	-8.687947
-3.577171	-23.55931
-12.435727	-9.531296
-10.394603	-17.911177
-3.3269787	-23.82298
-10.558686	-17.183037
-3.1428998	-23.254541
-10.56349	-16.751007
-10.478715	-17.156746
-3.2131295	-23.335974
-10.302589	-18.135468
-10.398096	-17.909359
-3.8259065	-23.403322
-5.070327	-22.61119
-12.820692	-9.381102
-3.3745224	-23.610504
-10.477335	-17.652088
-2.8072298	-22.865196
-2.929747	-23.950111
-12.917305	-8.812299
-12.931968	-8.699011
-12.5011215	-9.48398
-10.529278	-17.672873
-10.126024	-18.790703
-12.64163	-9.329445
-10.5186825	-16.641285
-10.348417	-17.967844
-10.592209	-16.074347
-13.267253	-8.332569
-3.5193925	-24.46572
-3.023744	-23.121527
-12.5891905	-9.394151
-3.0772638	-23.221579
-12.835331	-9.460541
-3.4111218	-23.835829
-10.400545	-17.867214
-5.5331903	-22.229694
-12.832215	-9.469046
-4.054723	-23.185816
-5.0767956	-22.603344
-2.9296916	-23.94758
-3.283909	-23.909319
-10.145329	-18.78698
-3.1674795	-23.292124
-12.932884	-8.783155
-5.008744	-22.654764
-3.2731307	-23.696262
-13.264053	-8.328522
-10.641219	-16.067715
-5.008246	-22.653618
-3.3734524	-23.644674
-2.8124328	-22.877031
-10.550819	-17.20327
-12.71008	-9.255187
-3.2665896	-23.625774
-12.947044	-8.762302
-3.3900955	-23.610136
-10.608176	-16.010878
-13.278016	-8.326437
-13.070282	-8.61698
-13.271753	-8.336122
-9.872764	-19.187576
-10.533751	-17.106146
-3.1159062	-23.220951
-10.631536	-16.070997
-3.0460126	-23.171377
-3.0863297	-23.179256
-5.073635	-22.608534
-10.552029	-17.183664
-10.492435	-17.12774
-3.6298041	-23.466585
-10.572434	-16.781475
-3.490772	-24.3653
-3.298597	-23.764786
-10.633474	-16.074219
-10.621765	-15.993943
-3.41409	-23.633472
-3.0716069	-23.208344
-12.5550995	-9.406359
-12.84441	-8.881838
-2.8120103	-22.871872
-10.5378685	-17.096352
-3.002709	-23.135803
-13.188464	-8.445785
-13.038825	-8.672963
-10.605243	-16.825592
-2.808006	-22.86662
-3.6631398	-23.49913
-10.3942795	-17.436611
-5.005583	-22.659943
-12.831933	-9.481358
-3.1004407	-23.203625
-13.118787	-8.535229
-10.617841	-16.08674
-9.871486	-19.19497
-10.557847	-16.751123
-9.874881	-19.193592
-9.879422	-19.189312
-10.52724	-16.68061
-12.430191	-9.537806
-3.6448874	-23.50406
-12.981801	-8.798609
-10.532632	-17.08994
-12.972481	-8.790759
-12.988435	-8.801174
-10.51448	-16.646362
-10.617187	-16.01923
-10.311208	-18.13153
-10.389681	-17.86974
-10.4900465	-17.623264
-10.005492	-19.021877
-3.1127868	-23.25569
-4.185286	-23.170582
-5.4510403	-22.305386
-10.393372	-17.900114
-4.3469605	-23.067938
-10.305446	-18.143734
-10.61053	-16.795942
-3.511727	-24.43637
-10.41862	-17.880865
-10.448794	-17.367783
-3.477142	-24.310886
-3.683389	-23.483858
-3.3056526	-23.909174
-10.397666	-17.942095
-13.278339	-8.307705
-12.80114	-9.319593
-13.282574	-8.323797
-13.276364	-8.311991
-2.9420142	-23.948305
-10.565303	-17.67869
-10.63101	-16.074064
-12.9716	-8.92626
-13.304067	-8.294351
-5.410666	-22.341654
-10.626476	-16.08507
-3.1184545	-23.17749
-10.541321	-17.728249
-12.50217	-9.471544
-2.941413	-23.946745
-9.870311	-19.194345
-4.1964417	-23.163511
-3.0352674	-23.158812
-10.25923	-18.239517
-12.851631	-9.498819
-2.9236877	-23.959211
-3.3066115	-23.955956
-3.4040105	-23.836058
-3.103834	-23.194294
-10.402586	-17.904848
-3.0993748	-23.193895
-3.0770376	-23.229462
-10.635496	-16.09223
-3.4154317	-23.847626
-10.482587	-17.154978
-10.127935	-18.743652
-2.9311392	-23.94963
-3.6641748	-23.502275
-10.409459	-17.43756
-4.9964	-22.666922
-10.603294	-16.798758
-5.4280686	-22.326872
-2.9415333	-23.938614
-10.534926	-17.086086
-13.279424	-8.30984
-13.208836	-8.293088
-9.873541	-19.195568
-10.395683	-17.819187
-3.2684698	-23.778362
-2.8421535	-22.90767
-3.0115182	-23.113146
-13.197686	-8.420588
-2.9447944	-23.043392
-3.4062495	-23.828548
-10.507046	-17.116077
-3.6173093	-23.464098
-10.29903	-18.157715
-3.2603643	-23.910006
-10.641391	-16.104292
-3.479225	-24.31101
-13.082481	-8.599414
-10.553251	-16.742758
-5.520939	-22.240202
-5.007265	-22.657108
-9.976907	-19.055243
-10.407987	-17.87476
-9.873022	-19.188698
-13.056	-8.62035
-12.83031	-9.454566
-2.8578465	-22.923466
-10.578248	-17.68059
-12.848384	-8.868795
-10.638583	-16.080906
-3.614535	-23.45963
-3.2669058	-23.41753
-10.5097275	-17.668634
-3.4135668	-23.83408
-9.856717	-19.215723
-3.4407847	-24.39688
-13.269229	-8.326834
-4.607409	-22.913914
-10.523806	-17.142076
-4.5928726	-22.92259
-10.099099	-18.81951
-11.796262	-7.9095316
-12.965404	-8.748209
-3.148568	-23.2691
-12.812885	-9.471301
-10.637086	-16.083708
-3.6323621	-23.454788
-3.2846196	-23.734032
-3.310891	-23.910063
-12.971479	-8.748353
-10.38875	-17.861776
-3.0282958	-23.883722
-3.5165815	-24.453798
-5.445774	-22.310688
-10.618546	-16.121628
-5.0721116	-22.609507
-3.315238	-23.909058
-10.019417	-18.982824
-12.905	-9.046647
-3.045114	-23.164944
-9.86998	-19.202034
-12.834232	-8.909235
-10.549804	-17.091726
-13.244778	-8.365985
-10.593819	-16.82554
-10.367765	-17.916143
-3.3826165	-23.58719
-12.541794	-9.417173
-3.1044016	-23.204178
-5.0738525	-22.608677
-12.91606	-8.797925
-2.9850328	-23.080519
-3.50071	-24.424532
-13.286265	-8.297383
-13.301975	-8.297118
-4.335758	-23.071974
-10.306877	-18.133856
-12.84424	-9.478418
-2.9819012	-23.853142
-3.3025377	-23.736372
-3.089098	-23.163652
-13.081467	-8.597595
-12.96547	-8.730415
-10.620371	-16.808714
-3.2846177	-23.754822
-10.549608	-16.73977
-3.4999502	-24.432735
-4.5942993	-22.92234
-2.9599104	-23.90457
-3.4521124	-24.34691
-10.463529	-17.553616
-3.1032689	-23.197334
-10.60578	-16.818584
-12.857206	-9.452385
-13.138875	-8.496359
-3.1191375	-23.21136
-3.5309646	-23.351791
-5.080922	-22.60257
-10.557356	-16.760866
-13.014284	-8.860392
-12.954826	-8.902382
-12.468241	-9.510413
-10.388935	-17.908455
-10.406708	-17.436598
-12.420743	-9.544114
-12.839406	-9.488097
-13.057705	-8.629689
-12.620195	-9.331844
-3.517642	-24.442226
-10.617169	-16.00814
-10.508869	-16.658297
-3.3040867	-23.898972
-10.4111595	-17.43633
-2.8034217	-22.86252
-10.613159	-16.004011
-3.8070838	-23.402225
-10.143451	-18.79299
-5.422794	-22.330877
-3.5182574	-24.461208
-3.6070142	-23.463629
-10.406716	-17.42636
-13.232152	-8.361278
-13.261958	-8.333764
-12.840583	-9.48309
-4.485016	-22.986387
-3.1497262	-23.263107
-12.810852	-9.371543
-10.401065	-17.88657
-3.4559178	-24.115047
-10.622563	-16.803947
-10.484757	-17.139389
-13.260531	-8.333966
-5.4546256	-22.30332
-2.8154445	-22.871185
-10.3128	-18.127714
-3.104634	-23.259283
-9.883089	-19.180466
-12.907879	-9.067494
-4.226967	-23.143532
-3.4461586	-24.083784
-12.959906	-8.823606
-9.997557	-19.025755
-3.3057408	-23.714079
-3.3290906	-23.487015
-3.134497	-23.236698
-10.258086	-18.256414
-4.355082	-23.062717
-12.808037	-9.377967
-10.02565	-19.001217
-3.4064221	-23.617607
-10.313786	-18.120487
-3.3952572	-23.656778
-3.299009	-23.86424
-13.296259	-8.306218
-9.881705	-19.18972
-10.005852	-19.009472
-12.895696	-9.056083
-13.244233	-8.371039
-4.227143	-23.136396
-10.387801	-17.861326
-10.390976	-17.909094
-12.815622	-9.373186
-3.4861293	-24.398537
-10.144879	-18.78869
-12.987328	-8.814702
-9.9861	-19.039398
-3.2950752	-23.902874
-3.3886766	-23.62588
-5.0945563	-22.590036
-3.5609357	-23.552927
-3.4594824	-24.121143
-13.3888	-8.189991
-10.410334	-17.41097
-10.023566	-19.000208
-11.799204	-7.909013
-4.6147723	-22.909142
-13.311142	-8.284347
-4.342716	-23.070301
-4.992275	-22.667665
-3.4252393	-23.729578
-13.260996	-8.348601
-5.424951	-22.329798
-10.538403	-17.682943
-3.0678196	-23.216476
-12.797303	-9.349678
-3.5056965	-24.433178
-12.925655	-8.789548
-10.406594	-17.44487
-3.5097177	-24.446138
-10.648884	-16.854753
-12.427163	-9.5384865
-10.390721	-17.895798
-3.3900754	-23.628618
-9.960437	-19.076345
-3.3119075	-23.7278
-12.682325	-9.244515
-10.521746	-16.671564
-13.30061	-8.298327
-3.2719073	-23.69868
-3.1070347	-23.192484
-13.111511	-8.565236
-13.268604	-8.331405
-13.290729	-8.308539
-3.460858	-24.115528
-4.9697676	-22.685106
-10.60643	-16.813778
-12.821701	-9.465017
-12.852086	-9.484042
-10.590727	-16.082932
-12.83049	-9.2229805
-13.299831	-8.310646
-3.026234	-23.86895
-9.960193	-19.056257
-3.4979005	-24.420065
-10.374558	-17.88073
-10.155844	-18.774754
-3.4161842	-23.834976
-10.612478	-16.813738
-2.8172414	-22.87863
-12.551119	-9.399091
-3.3113096	-23.908876
-5.075387	-22.60677
-10.6249895	-16.092888
-4.3359733	-23.074425
-12.428805	-9.536421
-10.617971	-16.00878
-3.463209	-24.12078
-3.445728	-24.111187
-12.422681	-9.541525
-3.2384603	-23.59928
-10.537497	-17.334694
-13.192429	-8.431126
-13.196576	-8.42775
-10.517675	-16.651037
-9.879473	-19.188961
-12.967669	-8.859194
-3.4892476	-24.36162
-3.5003629	-24.427895
-10.493002	-17.13538
-13.002622	-8.700123
-10.625076	-16.094452
-12.976175	-8.83537
-3.260787	-23.757063
-10.143475	-18.791288
-3.8169894	-23.392405
-3.6440747	-23.456558
-10.642665	-16.071913
-4.334345	-23.075577
-13.154664	-8.496365
-13.050034	-8.643155
-12.913235	-9.065317
-2.8109298	-22.871567
-2.9653854	-23.91833
-12.432298	-9.534211
-10.404912	-17.434465
-2.99824	-23.096169
-3.46809	-24.12671
-12.850672	-8.862385
-10.624739	-16.076365
-3.1504648	-23.287071
-3.5036693	-24.424295
-13.275925	-8.304325
-10.598621	-16.803211
-3.2846122	-23.73865
-3.5047805	-24.432997
-12.43096	-9.51729
-5.4244347	-22.330208
-13.29877	-8.30051
-5.1483364	-22.547537
-5.1111536	-22.576479
-3.4095643	-24.025213
-12.428212	-9.538679
-12.962256	-8.8649
-10.398917	-17.903032
-3.481545	-24.405811
-3.0966988	-23.238997
-3.379902	-23.584425
-10.528673	-17.12578
-13.061461	-8.624826
-13.064349	-8.623
-3.2689095	-23.761662
-10.63496	-16.80119
-3.6562512	-23.523996
-3.4927447	-24.391233
-3.4905298	-24.336695
-9.869351	-19.202013
-10.506413	-16.643017
-13.255091	-8.342953
-5.41885	-22.334423
-10.312216	-18.139061
-3.0686712	-23.216955
-12.601581	-9.401169
-10.627226	-16.076347
-10.379894	-17.90904
-2.9467373	-23.031212
-2.4936833	-22.928612
-13.240102	-8.360538
-10.642371	-16.067095
-3.488412	-24.38749
-9.878263	-19.189428
-10.31746	-18.107927
-3.3117385	-23.905592
-5.1236286	-22.567062
-10.565509	-17.678411
-13.084962	-8.59661
-5.478136	-22.272589
-13.00713	-8.70318
-4.3313727	-23.075832
-10.603149	-16.82469
-12.979912	-8.797351
-10.300159	-18.154509
-3.411648	-23.637024
-12.9636545	-8.853883
-10.528671	-16.970543
-12.902672	-9.036362
-5.0366545	-22.627846
-10.379376	-17.88664
-10.60966	-16.012411
-10.56653	-17.656471
-10.295736	-18.161974
-10.623387	-16.07106
-10.580723	-16.834536
-13.16761	-8.47901
-3.264004	-23.3777
-13.296057	-8.303976
-12.563925	-9.422418
-12.907187	-9.013235
-10.633729	-16.060379
-3.100636	-23.249949
-3.4901133	-24.367037
-10.516002	-17.67631
-4.330915	-23.078342
-3.408043	-23.812271
-3.795972	-23.414383
-3.500171	-24.424671
-13.390434	-8.187156
-10.547025	-17.189966
-13.16428	-8.476153
-10.401408	-17.917772
-13.089333	-8.593888
-12.797685	-9.366864
-10.379019	-17.892008
-10.630029	-16.829775
-3.3842437	-23.61307
-3.4298534	-23.652746
-12.9765	-8.733048
-5.439397	-22.31414
-3.0863883	-23.234632
-3.101245	-23.274641
-13.040863	-8.671352
-12.902273	-9.043205
-10.14005	-18.794071
-12.43959	-9.52936
-4.205622	-23.137035
-10.6162	-16.001554
-10.447326	-17.59649
-3.0621884	-23.18738
-10.511733	-16.657646
-3.6806588	-23.491877
-10.024971	-18.983698
-12.502261	-9.481561
-3.6703825	-23.500557
-13.1179695	-8.5260515
-10.51527	-16.660814
-3.4630384	-24.125496
-10.523368	-17.069605
-9.986086	-19.040554
-3.0372064	-23.874735
-10.606133	-16.806116
-2.8000398	-22.859108
-12.824314	-9.363473
-4.95975	-22.68826
-5.1176662	-22.571053
-4.600975	-22.917744
-9.873717	-19.173693
-13.163819	-8.441064
-3.3054028	-23.880999
-3.2882097	-23.73148
-3.4901838	-24.352728
-12.913363	-9.040598
-5.5383215	-22.227139
-12.842068	-8.889201
-3.6612086	-23.447891
-3.1008215	-23.18851
-4.3358693	-23.074966
-12.990487	-8.815302
-12.893671	-9.006642
-12.436068	-9.530906
-13.121897	-8.526879
-12.811691	-9.365444
-9.880081	-19.180515
-13.124757	-8.533573
-12.844372	-8.878546
-10.135429	-18.68608
-9.872629	-19.196907
-12.946322	-8.774316
-12.848423	-8.893711
-5.4249964	-22.329638
-13.271509	-8.317477
-12.985801	-8.726056
-5.485637	-22.265694
-13.053944	-8.647171
-5.07936	-22.603848
-4.2265	-23.14578
-5.533872	-22.230387
-3.019129	-23.120586
-10.632469	-16.072903
-12.812545	-9.378055
-10.610636	-16.79821
-10.617461	-16.015802
-13.148641	-8.502978
-5.42281	-22.331795
-3.6960049	-23.476498
-10.531875	-17.114103
-3.4180675	-23.824146
4.0383973	1.2820826
-13.19732	-8.438195
-3.0604537	-23.181606
-12.489485	-9.491519
-4.231073	-23.142073
-3.309731	-23.908121
-3.4256825	-23.828367
-12.807002	-9.368756
-10.617668	-16.018248
-10.616793	-16.077696
-4.2422094	-23.136417
-5.015313	-22.65299
-3.1318989	-23.241896
-12.533218	-9.420701
-12.554325	-9.400509
-10.617928	-16.01101
-10.50355	-17.625694
-10.1430855	-18.789593
-12.428301	-9.537241
-13.0727	-8.60438
-9.880941	-19.187803
-10.567671	-17.670755
-13.38559	-8.1923065
-10.629613	-16.841003
-13.307016	-8.291823
-13.132207	-8.511212
-4.586225	-22.926247
-12.917581	-8.942343
-9.878	-19.188107
-12.809456	-9.366405
-10.57841	-17.655827
-10.115649	-18.799515
-2.9347587	-23.94324
-13.092432	-8.5960245
-5.535902	-22.228483
-3.4650047	-24.12369
-3.1111815	-23.237232
-10.403462	-17.888605
-10.517544	-17.167336
-3.2715914	-23.725477
-10.531987	-17.050959
-4.179242	-23.181757
-10.562673	-17.674448
-2.8114638	-22.871983
-13.021409	-8.681448
-10.566797	-16.765873
-3.1030185	-23.198112
-10.404218	-17.428741
-10.611441	-16.02131
-10.38333	-17.47214
-3.4015589	-23.811497
-3.118266	-23.200232
-13.265701	-8.328886
-13.164052	-8.493101
-10.274456	-18.219429
-10.644548	-16.07687
-9.885319	-19.176926
-3.4316366	-24.007586
-10.382709	-17.42552
-10.444788	-17.574228
-10.491207	-17.658102
-13.269711	-8.337692
-3.5053935	-24.43486
-4.3261933	-23.080946
-10.533022	-17.124311
-12.538026	-9.475777
-5.110972	-22.576447
-13.276873	-8.328201
-10.566648	-17.661243
-3.5052502	-24.417765
-3.5968783	-23.53777
-3.4519346	-24.34591
-12.959861	-8.846365
-10.5242815	-16.66166
-5.533919	-22.23019
-3.7949111	-23.409986
-5.44943	-22.308039
-3.1099863	-23.20612
-3.368025	-23.571583
-10.644021	-16.068726
-12.94501	-8.7652645
-10.390807	-17.915558
-13.2673435	-8.326949
-5.111928	-22.576025
-3.299037	-23.779568
-10.622686	-16.093695
-3.3717968	-23.801851
-3.3222957	-23.92863
-10.395539	-17.909258
-13.070579	-8.613407
-10.623725	-16.791811
-12.825301	-9.487763
-2.9227986	-23.0047
-2.8116407	-22.87262
-3.2903056	-23.760077
-3.2438133	-23.37211
-12.813322	-9.367269
-10.617083	-16.06626
-13.085628	-8.58558
-10.018983	-18.990196
-13.386408	-8.192996
-12.794302	-9.352719
-10.604595	-16.816202
-13.175215	-8.450507
-10.300689	-18.145832
-10.407498	-17.892286
-13.071764	-8.601237
-12.97552	-8.826599
-3.5007854	-24.3846
-13.27205	-8.330822
-13.176933	-8.295605
-5.088459	-22.59399
-3.4062662	-23.824314
-10.598455	-16.090652
-13.066104	-8.61195
-5.530515	-22.23267
-5.5271783	-22.235294
-12.8001375	-9.358743
-5.002171	-22.66205
-5.119553	-22.567413
-13.063669	-8.622339
-4.1854405	-23.176235
-3.475667	-24.378815
-13.151922	-8.490403
-3.6700866	-23.498972
-10.303401	-18.142359
-10.509931	-17.696125
-12.952874	-8.762795
-10.402968	-17.886044
-5.106846	-22.579887
-10.497473	-17.654657
-10.545132	-17.691479
-5.079656	-22.60346
-10.61469	-16.052843
-3.3976395	-23.647362
-12.84351	-9.498556
-3.310873	-23.907333
-12.619422	-9.340121
-10.633009	-16.075912
-12.841004	-9.488681
-3.8514066	-23.397175
