4.394896195779107	1.9498656049517822
5.794575716174851	-0.6465333605840446
4.363624136230924	-0.3314174872929808
5.685676052715268	0.1997733362615395
5.548643541541844	1.1497674829365723
5.687804783009734	0.9335745958432828
5.427007579749597	0.5911152614504391
6.048675588551811	0.7530137594946648
5.498748394761607	1.916505507960648
4.365715164664289	-0.6887816062795711
4.742775448056639	-0.9898466627250647
5.564761940201204	1.517389608777815
3.650133499129179	-0.5341351056898985
4.463503385295705	1.7002999036732964
3.0974875979798933	0.5148597109468973
5.9290728375323045	-0.332314904786039
3.7189361771958533	0.9997037768678344
3.780219552847145	0.96667590085207
4.166511500800931	2.929099637034432
3.954198849202935	0.8302191349469448
4.655382556345386	1.1144283977475822
3.9735641288263412	2.5989265119637945
4.822899429073551	1.446590305382189
5.438671545212946	0.11785586623519562
5.998907557223312	1.6898472412917105
5.5875522603469445	2.566027283503443
6.482835171754303	1.5092817591111942
4.8384181748754385	2.1627183301253687
7.074058743831572	1.2588350731867566
4.466819590352596	1.4848908915162093
3.9553533910421805	2.3305325150555625
5.709836413832646	2.4707487298817443
6.2327573137312084	2.6672592284368757
4.650650394790506	2.8397852079952486
4.008228687806844	4.177807562432687
4.573899530846978	1.4590802835751404
4.143857574860571	1.1068226814631978
2.425325244079706	2.0455770532327198
5.067075275516388	1.4982038835900156
4.866142491254538	1.7389152443441533
4.975529434324691	3.224555736529338
7.953966184923361	2.7603914967076553
3.479220947102953	2.1481151057839734
3.9326008828404766	1.2868949392212417
4.405407813666464	3.293338722212851
3.3220069035038744	3.122384751386395
3.1154658717106063	1.6916948821700712
2.231594199819501	2.9341469011604873
3.9578726765479564	3.3236681335910068
1.9043414423709333	0.6741774919958718
3.230955881407446	3.2115522862683976
3.643608504117955	1.6717930281079731
6.645200537243443	2.618191968935772
5.8310446160154905	3.6755472063547496
2.440889919671563	1.9154566733514937
4.700384153234593	4.519794630569217
4.826314077514851	1.9068754449319705
2.674661004302445	2.0868008651013654
6.015800858074768	2.880278390992614
4.143713486587618	2.893219900435354
3.691907198606472	3.113630082065308
3.5321639918867476	4.591200312740837
4.811205854049154	5.121652459600642
3.607929068478929	2.2457942987517927
2.6537231461537445	6.205737566695255
3.3907530653288624	3.677903043910475
3.63487499819868	5.322341285428207
4.087944601518051	3.8034682807525018
3.428536091386709	4.746800900349146
3.55204741205175	2.5000461224124955
3.376118280533277	2.7374347675083186
2.9157094873716978	3.8549238124079954
4.573088672152452	3.528314835613217
4.3849541847973015	5.01851320937637
2.772449964829469	6.552810313479515
0.932998226596566	4.650203263412935
3.329344026294774	4.14061275163657
3.87153689529397	3.938009301053709
1.4373758657770563	4.9871236054406705
2.0455711120075315	3.569285511991446
3.265437275254352	4.008995219594076
1.6112763018922158	5.224128041500535
2.511868779325098	4.04770149820839
3.0998937235001254	3.5395538385835645
2.1043879776245555	4.972147227411888
1.276628848533532	4.224513584352935
2.188381295912246	3.95639198893135
0.9137994040152011	4.368731028101538
2.2314596278836043	4.0498027249163595
3.3544064961106277	4.110382323232919
0.639926578625261	4.312050441533682
2.9559968170868878	4.221479898196891
3.9982855684228547	4.401076238238766
0.6819551399567318	4.452025572497069
1.294348386052712	4.788832855104197
1.7540963876917361	5.259916818409778
0.5271005738884733	6.2047077189414725
2.9960561320236314	4.614556427196653
2.885564537742976	4.025033818382879
2.1429348939633712	3.3371959246406
-0.9102296212508378	4.040370560952825
0.42276793668663637	5.034640022006462
1.6848547132299603	6.3018530146870315
2.4577419402225242	4.466960836843215
0.4607215716170193	4.469026179776398
0.5464756569443149	5.6935433211898605
1.869228284136038	4.78212772100406
1.2280702867093192	5.285538195424023
1.5755321977596235	4.767829895539311
1.1206095945967447	6.521921876300955
1.1674163141189133	5.218502453200615
-0.32079558746798775	5.377729231007924
-0.03409133475049264	4.342566592712833
0.8803295686018282	4.548049741594089
0.12964287186861168	4.471593341933183
0.09479100256412021	6.020003888084317
0.7875596585825624	4.372014577728461
0.11717033528421361	3.9356359202253737
0.7227530847601136	6.414205758043347
0.3500806178385719	5.374702985776361
0.4562440448459586	5.159029294688364
2.6532990787531494	5.548970200932326
-0.0189201969863336	2.9611958852876827
0.4253654319720792	6.465836275754583
-0.5469697954679099	4.563669804227272
-0.6019178109788264	5.972066684837829
-0.8838467840693547	4.4404677296087876
-1.2210357175007238	4.847795892865694
0.32538253536857525	7.34015398096044
-0.994815613747499	3.4887625303179703
-1.986934446806304	4.894435012507017
-1.249965146922102	5.90288124239601
0.3114898466053372	5.622212589453704
0.27912292936964833	8.046473704720848
-0.0835368635670507	5.736543134246493
-1.2848892945586978	4.574054557222857
1.9955417606910646	5.341319442486151
-2.0104500673298897	3.8609272097397143
0.5235190128765352	4.980106768718117
-0.6668893713128956	4.37193136274074
-2.018287058840336	4.743262496143515
-1.256179460012488	4.372375248090946
0.17744344222345299	5.574061008800111
-1.9476271267280605	4.072260706726887
-0.3991927444133838	5.053329087302918
-1.502821010798455	4.920079263823159
0.903429821482677	5.8244770232585585
-0.9345686755437332	6.373177072465683
-1.9595968702386508	5.610894742927962
-3.6918928291587623	4.655689823654367
-3.5933144571037143	6.664702871865493
-0.5071473691825379	5.159115924570516
-2.0760132254614856	4.450783836257356
-2.093326997798135	4.664076136792581
-2.6365125813458565	5.069037607472784
-1.4232230316295973	4.919362078532357
-0.43962551412256623	3.068459129783394
-1.1172542996393533	6.43884932111755
-3.0289282901930674	4.991191489998311
-2.427464673111489	3.1937747853727956
-1.948444365438692	3.952663125692746
-0.7881732287371539	5.865367544675088
-2.8104372047728945	3.8294620993407094
-0.13952405636305354	4.019799289128543
-2.875253357380973	3.333570304053355
-4.0157404560769585	2.5057244017699523
-3.1151979541860046	4.0353268640486375
-2.000559710191686	4.066135741358334
-2.818267261070987	3.525669561753794
-1.5256248043556313	4.317933212429646
-1.5565893737645622	5.110865191548177
-3.7161046577530104	3.98130588586992
-3.686088533576283	5.079361798485608
-1.2470800114359142	3.406229180880675
-4.902083897534059	3.2645192428905947
-4.733052412037979	5.482421273805516
-2.8236772907717937	3.590808648100337
-4.156921800451459	4.556470603880577
-3.2259320937684426	3.4690055835723794
-4.632791730657638	4.526271084634725
-3.380441245900126	4.804807816456179
-4.567106636435511	4.491150551426443
-2.919275583667941	3.470099069969015
-2.096089940840461	4.002434942259543
-2.3176591434453875	3.8913674896874526
-4.07168353552155	4.186046013175209
-4.849556258035617	3.9487435140448293
-4.452897802037816	4.330173071187473
-2.949334894915169	5.377818605909236
-3.2897323874258086	4.139479610375723
-3.0673408496191925	3.0786963719785003
-5.429454457444166	4.491345039358027
-3.7301345480729635	4.694499459172449
-5.755107259120461	3.2475694832692334
-4.0633392588948425	2.446549465773225
-3.339160759168535	4.785086732245379
-4.415541734932269	1.5262803008164028
-4.744627893630997	3.5124705274867316
-3.173635994032037	3.226038351702531
-3.790196138724772	3.1465487701425023
-4.368102572053573	3.106431557827148
-4.429282030427318	3.95732942591618
-3.3374213081725403	2.1936234724842407
-3.853608602224177	2.6004406463478267
-5.039891496981421	3.1378671222957317
-4.138400565695209	2.362391234077645
-3.936728652694309	2.3909087417713866
-5.973982882730573	4.4388144483565215
-4.306143845331299	3.2913282569833164
-4.773957738933107	1.7138932521302275
-5.916786719085039	0.8461420970153644
-4.886115509616065	2.1999531922482247
-5.445901487343457	1.8952156107039957
-6.746204688459508	1.8229097592992844
-3.696991947950816	1.3270469133230338
-4.363801942461728	1.177852106962106
-3.8177412615209607	2.6407861440483744
-5.7329470963507525	3.739876645549554
-4.801330162866672	1.2449825278843996
-6.499607282765728	1.7547274090710596
-5.29521772230615	1.417549182276759
-5.545671851769059	1.4606529554251206
-4.275153044293588	0.8365294451252879
-5.136734978466158	1.9127297609886451
-3.866114225734651	0.8801874031069241
-3.3566559550116777	1.6332930876928577
-5.057892514445332	0.8971879731885727
-4.418901814882033	-0.1689641551435348
-5.319750537128482	1.3072788877581203
-5.769270436713187	1.4095117629433687
-4.466791010399416	1.8953053602275847
-5.667755043386835	2.021450488266358
-5.362830924449716	2.0459767701065434
-4.429747065148789	0.6053136333088002
-5.28726982333914	0.4519659674606854
-5.320222489674372	1.0343182880622135
-4.761224697091428	1.040122233395313
-4.747997966077666	1.7783504411107045
-3.2752633173418557	1.0463890209373337
-5.1271114403060025	0.5195135678304591
-4.502662243993255	1.3127511604443072
-5.200242582530984	1.1635844920307281
-4.4563982129896145	0.11919604752325141
-7.127803165482849	1.2355321550853495
-4.6751097449233825	1.3616571794627021
-5.614292995956804	1.8833496612761755
-5.542005327452138	1.2869769583977997
-6.6014298976083925	-0.2138287661073691
-5.49296117735967	0.3202688879418014
-5.647790473230999	0.5286330252066659
-4.217843724811331	-0.20885914908605102
-4.879510996116911	1.8561291578401469
-3.7577884756901576	-1.6185675268443493
-4.265206548526417	1.6601949742696351
-4.652264151935038	-1.4114961954046703
-2.1731439640338315	-0.4137067439656527
-2.7210201718335183	-0.13677353239359502
-3.6906054263930033	0.1669285754651686
-3.81846237189734	-0.5087994238973718
-6.2484299664110985	-1.722067087572726
-4.327984355746042	-0.5805004749059208
-5.698702171982337	-1.2091688422204192
-5.470501354670652	-1.3376085047647008
-5.410533024924899	-0.503219805058019
-5.0388280852509535	-0.4843857057334058
-5.3916130290968844	-0.34591045654373853
-4.74510214660828	-1.008049382506567
-5.657905933103043	-1.5507953870600446
-5.217532599505888	-1.547513409362975
-4.745348456142705	-1.6657272239793954
-5.301315569630791	-2.0858594301821833
-4.244089354324905	-2.484786472333151
-3.5776377091071208	-1.5734992102599064
-6.309591184076387	-0.6568765355691326
-5.761043409763195	-1.7847647931717587
-3.1948510781178063	-1.255316085750497
-5.468848222621753	-1.6990178205118511
-3.574727640353861	-2.139826551022514
-4.6373645074704255	-3.3111989753202637
-3.7483088786096146	-0.7541304672328522
-6.490233920154894	-2.9508952887120317
-4.1106423305944295	-1.8144352742172363
-4.839494556284728	-1.6665103435620456
-4.54413590202897	-2.1076678464721903
-4.592120212547456	-0.40604145143828196
-6.509356038241183	-1.3867281132870066
-5.7443677015370245	-2.189908658610818
-2.5921545126720855	-3.349834674231772
-3.955419984534588	-3.6508009914059087
-3.692430884495114	-2.624298506917156
-6.157113768662367	-1.355770604022071
-5.618789482587473	-2.8071019012111496
-4.799531009317256	-3.1860803124556565
-4.2451686344412485	-3.2614453508966235
-4.9513084582871265	-1.7826183719855324
-3.8226621421402056	-1.314693595663064
-4.602100661992732	-2.922502447992083
-2.844681884984319	-3.413395096529118
-4.383303174535584	-3.1520109354244807
-4.214075012749999	-2.9736463839526097
-3.4262230967988816	-4.4232733047390544
-4.6063849944091455	-3.12213636761022
-4.139895837845219	-2.495101724005747
-4.854086821643816	-2.8495076759258735
-4.898744788468121	-5.53105686102249
-3.6951583008005455	-0.7885612025080713
-3.487491138665566	-4.387131031984049
-3.0658201539796064	-2.8458992175272035
-3.934881374537157	-2.116543766470121
-4.294309336162908	-2.1830944480269956
-2.380570317882717	-3.184433662171085
-2.2157288838570874	-4.333378676527167
-3.8778482995494334	-2.378036496664437
-3.495684182805418	-3.591230144341983
-5.203190738106056	-4.0981608019111
-3.010518691645168	-4.684716208507443
-2.88428180365593	-3.886161728461787
-3.9785904833106223	-4.890744781892504
-4.7098201487606	-2.9143378143735954
-4.998432688097221	-2.811667575621854
-3.5295193545397567	-2.9979646683601686
-3.264757555862945	-4.036820141032537
-4.501946805411919	-3.400366160796545
-3.5948463603648326	-4.416178780807418
-2.8269330562115194	-6.157560710607436
-2.7311827640074857	-4.526885017303478
-2.521618809361357	-5.0930110254530065
-1.4602075709434161	-2.6646385275155886
-3.082782631774136	-2.152078561635226
-0.8007536107476889	-5.039708232154738
-3.415591887192436	-3.765047422901205
-2.451811365462909	-3.425652568355749
-3.2082030997149813	-5.983145652945624
-1.4515182306685883	-3.1199628173750305
-2.636816810248295	-5.437386888528317
-3.937701725308589	-5.677073943875785
-2.534844221916077	-3.1958758867378343
-0.6022450145471796	-2.7263168301799476
-1.7436702666237276	-5.224855080523868
-0.6353431575472395	-2.7465823081089
-1.2438096294645922	-4.842363383991653
-2.667793724581754	-4.784106033917568
-2.910567741918809	-3.844844243427537
-2.0362045626410588	-3.2265537575505503
0.5228624384413076	-5.408267070789829
-4.190385246024402	-3.746061028491188
-1.9795405416180363	-4.883198914861759
-2.1959089328191155	-3.39341081538154
-3.477594621865892	-3.7088551509345233
-3.1269132437109115	-6.390302451011744
-0.6469019452739861	-4.854928064876113
-2.0726614707925095	-3.6321492701216966
-2.623698737680424	-5.936914666880918
-1.8201111336188711	-6.0989312699261635
-1.4175435596417154	-4.560590113421391
-0.8370389468113495	-5.173859196111469
-1.9294427915926056	-5.497179685123442
-0.7027383882675904	-6.378165855441481
-3.477785242869209	-6.068029014394339
-1.7041371338475515	-3.0899735719639487
-0.3604826025447503	-4.691601729423889
-0.4166714841011836	-5.170541683483079
-0.6221873669504664	-4.654552997003608
1.2351184187571163	-4.061465407019026
-1.442755166066954	-4.747835504392507
-1.0250674914714226	-6.382777529933483
-0.36993209570891056	-4.513249483107726
-0.13532471167936827	-5.371857997114019
0.8058419755523015	-3.7613847174207717
0.3974997588884452	-4.6925222823370065
-0.11114315844663591	-5.092952896946769
-0.4377840219061203	-6.459617305723141
-0.741328766168826	-3.6194335125256654
-1.2373666705912862	-2.7349582327766377
0.20978391627143658	-6.297341588466047
-1.975549424416538	-6.113796493129744
0.6748186708788912	-4.9619898277980665
0.3911865150553364	-4.297405602632882
-1.1886565162717784	-6.678146107987615
0.6895099711942025	-6.0656230476698765
-0.5110112763232654	-7.2470136209504386
1.7663873529570608	-4.420411921815044
-0.06932435116493774	-5.438290421129756
-1.504480113023337	-6.079528517613726
-0.02575791556494733	-6.695532112295195
0.23138218476552913	-5.579157479809034
-0.04058474897197639	-5.675065722082795
1.4585991718727422	-5.507873887010721
0.6625242955130486	-5.090765982499582
1.4412167695478653	-5.492968230354315
0.7279404829979483	-4.911746388700372
1.9677478024841841	-3.613650220573529
0.8369822810778458	-4.729930931767471
1.6640951188112494	-5.58092887435838
0.926209505910252	-4.229933181668161
1.2478410970039917	-5.080187939431667
0.18235898297755826	-4.282987636571756
2.338927896233603	-6.311950837478893
2.1562908843507502	-5.406080074927957
0.7823428446671475	-3.496615308585772
1.3043586704685972	-4.533272017626088
2.225007758966217	-4.846345408191861
1.9760058839772756	-4.651503769345349
2.7762304391204062	-5.2862158940327255
2.8850973294188704	-4.382336842196759
1.3804965679949006	-5.886311339067386
3.4542320474269945	-5.037254338588773
1.503180070602767	-6.117593661813889
2.394264071891724	-5.435148372981382
1.9479219665615282	-4.774908654558264
1.7464228714035444	-4.795096002486322
0.26153858089474147	-6.9922797218602675
0.2038529598933878	-2.6805646857138825
3.367129179085032	-4.665941634301751
3.7861921589197767	-5.3026478023599335
1.9003865310671006	-4.979355491367332
3.572462487033558	-3.7731137111359567
1.4122822620559656	-3.3666671974380047
3.0475318648587466	-5.184757636735443
3.6608260831119277	-3.789996409838638
3.720977638082214	-5.072036265056497
1.8336877975230177	-4.580168896510166
1.8328368186767983	-2.5743352434376456
3.1634469071717835	-5.53754913195278
2.71629787916556	-3.3185769277891843
4.065445447195704	-4.909091214993158
1.1365322412275787	-4.941012731453439
4.202193011145633	-4.1867767546559245
2.8827936002203316	-3.42319791772634
3.357284103862008	-6.213730129555556
3.6233977971716254	-3.159463684311842
1.5810895671619083	-4.10753856992211
3.2600079657552183	-3.095933533427944
4.877500159381485	-4.439556630884539
3.329446826143939	-3.2863640505626375
4.785349515960803	-3.37561719452951
4.047404103728563	-4.440047776504757
0.8102328718387626	-3.8401230799943544
3.7981407090775776	-4.719266849107622
3.1699301093445644	-2.1664755699947493
2.9903182197449274	-2.2186088906742967
5.878707323777128	-4.638209226633521
2.9304261983230337	-4.245518776575649
5.074254162617193	-4.365360296152174
3.2092112286910472	-2.5376430118375364
4.4964575905699355	-4.8603203100283014
2.625335419130206	-2.8317222054864475
3.643149825795266	-3.36398993032037
4.358668818099499	-2.419930137371863
5.006017397001823	-3.2048192328775427
3.889096637283869	-4.301734974855092
5.081057970907894	-4.3068590961149145
3.401838938170382	-4.211544577102097
4.777175769151317	-2.051985105694264
5.518735195798257	-2.146766132440598
3.389894413627999	-1.7888002607309321
4.39377329428242	-1.210135336766738
3.931911750813233	-3.099561753339941
3.7116169718661554	-4.314414651297827
5.136003375229746	-3.987695496081624
4.587570730819301	-1.3882408529986385
3.6841068430335246	-2.4016634774644117
3.352089758552604	-3.130844830834268
4.695840847062076	-3.0380750980777087
3.668822746725273	-1.3963423612320702
4.665782563984845	-3.362298845659655
4.471855543597867	-3.799079805838164
3.228107232703258	-0.030920086341924558
4.322862790258584	-0.5247776597625973
3.6006677961873987	-2.609417006335624
5.414261844289947	-1.022488494738356
4.350751613144084	-1.4712541187151407
4.5667344489724115	-0.46895881424335006
3.0402029540515505	-2.4702338570150686
5.643223781235534	-2.8160678689950123
5.5160212571620235	-1.2356599395700307
6.09885926251468	-0.4104860218770303
5.03339316978563	-2.1796293381366216
5.62099109083298	-0.8417844835388055
6.293414679556223	-1.8647375158645048
3.583745146396827	-1.0953484925286048
5.000331461760747	-2.1975345144706475
4.3828066728350725	-1.7475024233695078
3.4360989279787058	0.2881544371689886
5.008158506974912	-0.7703495984290291
4.806949406487866	0.6755855877972899
5.530836289933598	-3.5029206257817456
4.444283392968648	1.2344509268743005
4.954360297764897	-2.2395258994775187
6.445331972178268	-1.2196408660439404
4.416389692203229	0.5070380087632262
5.633540386943598	0.14855897480145397
5.735730610938905	1.362471831461743
4.886402677932101	-0.025815002552858624
4.902627122445981	-2.3475393888059926
6.426408084322599	1.4533150052710289
5.282895677050693	1.853901461387648
5.841794675441717	-1.7360082491002495
4.967680604225311	0.4058723672123345
4.310109819912717	-0.3119152848080152
25.185350397843624	-3.8597305105017305
25.30261172885103	1.4543189237133525
24.40711578300638	-0.11186624578341742
26.812686878716065	0.391482267876778
24.89457449170367	1.6833081964363037
24.139806567876317	2.647341128202701
24.883841116026517	1.2246965318919036
25.78485856365743	-0.7071555462392518
27.45843371654792	1.942176220175023
23.684160211332674	-0.3789768576872654
27.471768130927355	4.066940678382835
23.44080335822776	2.287413669042446
23.207684616526944	5.7494836734231605
23.930380983104705	6.980482720498948
22.404952085734447	2.558085034407799
27.22777874873205	3.4138359535781673
27.15531496669862	0.8160118170951751
23.673794605442307	7.055153467848008
23.83128993604521	5.117007213837428
28.357177981114642	4.281624982848063
24.059941782393448	7.180389429885425
21.27260867493102	8.86523543259033
26.15259668824845	6.797533688549126
20.72133845737434	6.836510928775758
26.484856878801157	5.555271947691523
24.438892219024048	7.537741091797144
27.561260080650925	7.256264768570992
23.071620953345356	9.054405832193893
23.79695530719463	10.465452792032078
21.99003517280634	10.59697946761673
23.73013639654841	11.902316845270956
22.209869021443353	10.564266543852208
22.00310816787848	8.267540186099984
20.391303146283633	12.643310071041157
24.15578813576455	8.82698591078913
22.37023718731049	8.033972842871862
18.55957293996753	11.068004634603115
22.821613112398587	11.46735855207933
22.69314785434218	10.012970223346633
21.64045891554247	10.613612072914451
22.319574931765896	11.367473479721971
20.29325820662683	16.458397114951456
23.502848294887492	13.237636904020988
23.061587828753627	10.824208826676493
23.58660408112469	13.029552908356552
18.219122423712168	11.860162315728816
19.618066428831927	11.371655186594817
22.12654039228277	16.552988768023354
23.03999700954199	15.801869066436982
18.3015624765614	10.447135247947642
19.25228975626834	13.151425208082236
16.312257893520894	15.818664440898598
18.956222914337836	9.073239681407642
20.404273032604948	14.8234231419028
17.21601574955801	18.01948954854269
20.562726463685152	13.589290501885792
18.823267068081016	17.711067593207098
19.67963171127144	16.099925798847867
23.575840553454007	16.0002712724646
15.65032191031302	17.012183686180393
15.52985958196808	16.63941671466189
19.846572590610386	20.353938635026893
17.729750829587882	17.50952580721364
17.235502076988833	17.213956308019142
15.485625381244724	16.10240109098682
14.424914792769215	14.719104158904756
12.365089786458132	16.132137437163525
16.106782344861923	19.348163779264908
18.73194599130558	21.080072551500773
15.424044438370329	22.626676217342595
15.692975738820307	16.617753898221927
16.95125053102683	21.157873300531946
13.618428391887317	20.916118570733314
16.22542638188317	21.781162014768636
16.876244340405393	20.772659635968363
16.499799581552438	19.938081403550992
15.699325965937104	15.435014222540094
16.138878457171145	19.309972761123976
13.418430608144876	20.139570335734856
13.520354485609248	22.427838764871066
11.863677827256089	20.087187854186404
10.681989913654329	22.873719964190702
13.295616953324881	22.370646989372528
12.232141567605893	22.41004657866116
17.91185365854816	22.232776289193655
12.43630050846635	20.992208439892345
13.05331943656859	20.75480087956378
14.907904224410053	24.721613486145568
14.301833151695241	24.872984434140925
11.3995919929868	20.94856362754898
7.420061917045349	22.888802061305558
8.12658704111197	21.267938230909575
11.37691982693081	20.043037121799358
9.057962367967242	24.484832394487174
9.02137692865088	21.7542576806395
4.131441879286247	20.057453385407307
12.230070123503175	23.699272831254948
10.079312334772958	23.864367837535106
6.379546645371423	26.161978802219874
10.809641642971425	20.350986708731888
7.857545644461243	25.274847501909786
9.041117126213189	28.39664438425948
10.086920384295967	24.440544547294547
5.316158580498938	26.66110945445247
3.6510435049796253	23.800895388639574
3.746753534194583	24.813132011521795
5.180393572049179	21.90947899376894
6.968849384900132	22.98103261181532
1.6643051629623864	26.88443157056354
3.9827012535351707	28.329686360747626
3.9509949253220342	23.85757420418301
2.5407502276981644	26.640033119406617
5.981874664244286	25.309735399722722
5.84234193706766	23.256895288988684
0.24681176407853744	29.339352435683267
1.8828557868989344	24.58382116756617
0.7092378131547217	25.483232951018312
-0.6643764687032707	26.130737004826177
1.4813432807864908	23.160812024396073
0.6963861295713252	27.640193273280627
4.682442934530613	22.544255926534277
2.447509626571132	26.242115286750398
0.572090066171024	22.637671462256755
0.20973415844645843	23.533473712898257
2.8607702199120792	29.17432442492855
3.1774610534219985	24.389007310090122
0.22456964766400028	25.904861312560158
-3.310441189550684	22.83305721576901
-0.706210374621886	21.454498655633685
-0.6971692198511745	26.203298906926936
-2.0186021789946818	23.615313173190685
-1.6231962784896452	24.360808649733894
-2.5661629326636617	24.805562499032504
-1.9830580247459246	28.00644592449866
0.10065104489286902	26.004637774478823
-2.832787335648104	24.831414659843627
-4.463904537034342	22.727232901391144
-5.298378308060792	23.7196169066335
-6.814394821129051	21.592174416570693
-3.981246663720267	27.435073400355826
-2.922656245967322	22.717843464027112
-9.780981451432144	24.15334169752938
-2.5096840373992193	27.473114350791523
-5.426810295580604	24.754981212131785
-4.620098974902212	23.70736454931941
-5.576826365383315	22.08697923166507
-8.79930228243319	25.4559150300776
-3.7358991037509717	23.430804181939617
-7.624297084837826	21.04749382581054
-7.751607183313064	27.312135457989676
-8.252822194531424	20.985338744178385
-10.014199301737712	22.193622614254412
-6.781486534444648	18.979362197988742
-4.879235665387312	23.30291762510083
-10.795468556655383	23.89549473623086
-8.513005738837176	19.994474453739628
-7.3205334297157965	20.332702868474055
-10.833928261260128	24.688766062397924
-7.5943416345613866	21.838525451875253
-14.660087324516134	22.621072417262866
-10.301496017334774	21.660153363104556
-10.007016112520372	23.911776302900584
-10.753357443648438	21.35356314859089
-12.908105536816274	23.54869455524041
-12.744407301348115	25.316387446891657
-14.637958255008162	23.064776720646442
-10.483106029107693	17.143792493927375
-12.782144946633782	22.444090686707778
-14.788948891063713	23.340412559756736
-9.881652800207803	21.163123742737252
-14.200524686046293	22.915586983068767
-17.803494587984616	20.44599190551931
-14.816447923205434	17.36010880200077
-12.358217494633905	18.912334072037876
-12.377733147844008	18.289359417427104
-13.081100572761564	19.98535665904875
-15.233141958427106	19.216754291836313
-15.799217159311945	19.644191559133475
-16.94629615228778	20.304247297420638
-15.405657336705149	20.431881116944073
-15.76855323921391	17.48310768729568
-16.136657139506774	20.144077967814574
-18.45804282036621	18.50700200045492
-16.34256501055199	21.832513663403628
-17.477787561821014	19.020773479677576
-16.587307927604474	17.70072429310651
-17.139362593747652	18.453864213108243
-16.510878843181583	18.571234224796832
-14.968128810556442	20.7239154939283
-16.659148657086494	16.49512083472368
-17.90178697993561	18.82226345297518
-19.82364186513592	16.99234722893932
-21.80090151666696	15.157649935810245
-17.280987130742417	10.887487795108385
-20.552819255075967	16.25899068798093
-20.447435869809976	15.50863467369244
-19.531331452819153	14.378148382803095
-21.266125465725185	15.535501525441463
-19.468737374850228	13.951633882916893
-19.743681680637245	17.219302256394332
-21.588703627598125	16.94076896754339
-22.9035474339238	14.319592556500032
-23.40318088732295	14.624571029443878
-19.171923401962093	14.301169721291735
-19.59647146145349	12.684631756664245
-21.088147687964135	13.383535981964362
-21.210288302908637	11.44919608245125
-18.31394014957839	11.946235262877611
-26.713378348043534	12.46918840099656
-18.856049692878877	11.700080915013308
-21.667542857868156	11.617796798833416
-23.05704716294012	12.298060108171223
-21.733787768170565	9.763463157302162
-20.415254251508745	12.572477032215195
-25.08546789472692	12.867516431017632
-20.41857059641847	6.3703822768877
-22.632266158378883	13.175847390843387
-24.18836827552863	6.39052772428453
-20.081924769453742	9.189583087429053
-21.58428513624629	8.20836036036578
-25.32590934799145	9.208231313332442
-21.98058038990668	4.783461618878378
-21.91108292883576	9.02480698868266
-22.573527859052223	8.312741605540424
-22.597744701901274	6.250826697061081
-27.469839820457537	7.322776226074658
-26.819889286092234	6.361641960784335
-24.93523259841146	6.626216544115751
-27.023123266156766	6.50546386962569
-23.514253072398166	6.682744114838065
-25.037989724050107	5.377692402040689
-26.652770954348114	7.130233735968644
-23.01375785675499	8.339208077839563
-26.559273457774484	3.0429129564030055
-23.721734419569973	4.152583636898445
-23.743873563632825	3.664192841811131
-24.673699219508645	3.3716549981957886
-24.20914739029085	7.035783451124589
-26.985943842268657	3.0872858693618266
-26.639726395188255	6.245525726997915
-22.68628569904396	3.6725774112497196
-25.395449035018547	0.7974579124489816
-27.582060125553998	-0.6038408632090575
-22.936172482422805	1.8839817511608796
-21.110208825632284	3.5269349716014853
-29.142122078146116	4.658848740625002
-26.706649007236567	1.284183559548541
-26.866661627799974	2.6894718349890736
-25.97416006617335	-1.0146439751593235
-27.078467889820512	1.765101009053044
-22.835989435849783	-4.382209725067594
-20.71661193330089	-1.019207387499062
-20.251925267504816	0.29579040316553695
-25.467767081907752	-0.9625917260853869
-24.915014195041636	-3.4343708575470924
-20.063135487057085	-4.448846918677491
-23.74054683312836	-2.6271514747810527
-26.413253620875658	-2.208375609263188
-25.70233557829432	-2.005532626283196
-23.517998811538053	-5.277750337915988
-22.428060399579646	-2.424614011049413
-23.85105758285292	-2.9494289345739046
-20.896719318141844	-3.884300763327166
-24.19019166287838	-6.42504913861198
-25.164332697487847	-3.732478963610255
-24.678320252827973	-8.96685645533605
-24.056690479261498	-9.014022823989553
-26.96164776619052	-5.006111948587061
-22.00233144980874	-4.613011525801641
-22.02060780480617	-5.3882963835203945
-24.39894751604578	-3.0939375082143368
-24.45901705807184	-4.645351732522537
-21.971747261674835	-5.050449733858354
-24.217858970335847	-7.4499513633216035
-23.439129338110398	-8.823759870500867
-24.410733865313865	-10.603133969265556
-23.846223407325663	-9.341972288009977
-22.570680925047725	-7.262385846550467
-22.8553818796593	-6.023553914975222
-23.05824314268666	-10.349140868791842
-23.539025716621467	-8.262452216093504
-21.45973486369959	-10.574594810696972
-24.533861483386115	-5.724526830394076
-23.77088114080113	-8.865726404328957
-22.12032331123659	-11.417235957548987
-21.893318321490703	-11.00789452750668
-20.828129963483587	-11.225463960090808
-24.03980431622444	-10.832720084380817
-22.852504182237535	-14.774943435336729
-18.6064827721461	-14.19966286691493
-20.003569218180587	-12.71472248193554
-25.63984487621846	-12.621441138023133
-22.28534567874724	-15.454481157857522
-24.529109049815933	-13.943431615222746
-20.75822937782087	-9.553724605517765
-18.319126985920853	-12.14870915955201
-19.399980897525516	-11.291217646894287
-17.200451137517174	-12.735540912938227
-19.481461716177364	-15.143202816162253
-23.633260896190357	-14.944573616294676
-18.0832577955491	-15.138694403280818
-20.790503472630963	-13.288772856988386
-16.37905142138379	-14.537129379635465
-22.498233700944162	-16.27600745752966
-20.926051578182005	-18.290863854720676
-19.983316722626572	-20.029041562204462
-20.648463167516862	-14.537896156869698
-16.13143811216836	-15.43489690481358
-18.73316737249511	-17.741440807229246
-15.77723711556803	-18.440438863708245
-23.52565335522118	-17.409086866778864
-16.931132750687343	-15.284534852155076
-18.569734238915775	-17.378807601289285
-16.901709415807094	-20.78565816903292
-15.679167746796463	-16.96871230382341
-16.374432154105605	-17.76571615658799
-19.77113721483547	-15.968489274368459
-17.311293872715517	-17.801700266054628
-13.192618573020201	-22.186660865289713
-16.044325234118222	-18.625772746174967
-16.250064535473506	-19.599176008707754
-16.502599141775175	-23.043878198122304
-13.0165565868748	-21.02991999778578
-15.514212679411719	-21.065915500516233
-17.06477675688418	-23.262468218426218
-13.334215059511456	-22.927787705056264
-15.6398092045279	-17.373538555227423
-15.674539070232012	-19.050598879766618
-13.682363787950443	-23.348672402419623
-11.841963197312468	-22.246132553376892
-10.933558067466985	-21.898549471221287
-13.535153322178854	-22.39299356881556
-13.426324839427851	-22.38627768737205
-11.860283344013125	-21.537261075486523
-10.505501500432379	-19.689398174567152
-13.178832453462908	-21.50777276376414
-11.159096041803535	-19.457799642324414
-9.090298337470692	-21.297737640179353
-10.68469935632465	-18.514053515648442
-9.961248755590223	-19.718034638838
-7.763524786989491	-21.638705326606264
-11.085763362313461	-21.042609453723404
-10.305627133260908	-24.680072681091044
-9.861588369395902	-25.07957935038419
-9.762548897080915	-22.391722820390914
-9.375849176032064	-23.260310744278293
-10.361017321417455	-21.257655901469853
-7.76119421255323	-24.641563296937136
-9.466104134797376	-25.326728018034345
-10.942382212159787	-23.751038599896496
-11.32114967814027	-24.000813317478396
-4.182989175572761	-22.411087860451783
-5.395292647486767	-26.303268178499465
-7.4746561810039225	-25.95009330442126
-5.4476144990187745	-26.218062471174242
-6.542231718176641	-22.676970099864814
-5.080795785725487	-26.079502360433473
-2.9230173690295067	-22.553165949574662
-7.6872648707923865	-23.255725047907497
-5.461547744672514	-26.46662457878411
-4.395131018696313	-24.859569423366654
-4.114105882116144	-26.412659210313468
-2.764464542750159	-23.12196157366894
-5.855696747187533	-26.824117255471446
0.19648068705559263	-22.56477089561819
-4.040530224175573	-26.340785091454535
-1.4696908479212365	-25.231540846279966
-2.405643289649429	-24.435750075133246
-1.3688664775871144	-26.300031849425224
1.2618892487157862	-24.46421471272565
-1.4785685715925958	-20.263602195449202
-1.9373235808646643	-22.325930348334193
-2.197887440009641	-22.76858563756479
1.1213904432455841	-26.872001504353207
-0.9509446406107844	-23.371523450767363
1.310849789031229	-23.49105005889822
0.008604109439687257	-24.56129883882961
0.9773754250165847	-25.31210244908883
-0.08508824173019214	-24.722027207872966
-0.7194700134389322	-25.375172491863335
1.9757210841310267	-26.699562659760236
3.3922498233863516	-26.593150853910235
3.757598754163947	-25.604573129023443
0.641051379370948	-22.64517538904308
3.084463066011725	-23.126257683627
4.1072210381791	-22.303840711912734
-0.18086284819383724	-24.41811372060786
4.294951351484431	-28.641383354983716
2.75177521158225	-24.639849845481624
3.061857106476978	-24.344008860868904
5.803334153849843	-24.35100603200773
2.6434721128407985	-26.09518758212081
5.381439833115782	-26.113293731872094
8.145866198880471	-21.620810408015664
6.726894435311652	-26.418198554998856
9.058058288338524	-23.301441801873228
7.168070171397018	-26.4464372434907
8.834290791284618	-23.69923600495064
6.8798096551765635	-25.350618007829866
6.993178751831133	-21.974723219397113
9.534505182675241	-24.649697911592177
4.327400147810045	-24.514882135554018
10.242826987614867	-25.992903727484407
6.599288554374668	-24.117927835312276
10.618647601474551	-20.29155805234224
7.835776766404472	-18.08368933832518
10.442025730715164	-23.806661788079495
13.35265508825053	-21.637006896315814
13.840172857833428	-22.016010805241027
8.235696256370503	-22.676411725741556
13.46488065697724	-24.931798346090915
9.963821372205839	-19.980297583905994
12.717706643189228	-23.66861372351437
13.681389024141833	-22.53806734321729
13.418733782884162	-20.005227274888618
12.921034369593823	-21.648115683680544
13.794869173716327	-20.663518569460827
12.907277904179745	-22.29799006790014
12.23279563422599	-23.81736211648723
13.851877027349653	-24.50083896584328
13.37764520377539	-24.530657794808924
13.407752636411391	-22.21928029103278
13.448582659312256	-23.209867285816046
15.73347437312634	-18.74287269900209
15.856548507056281	-22.16938076407646
15.863383804310999	-21.03068002761437
12.80745922284881	-19.630227567247008
14.617052917586557	-18.57350807417898
19.615253367863904	-20.98308205204772
16.54906397123218	-17.710925577646893
14.148967374637428	-15.34393851146595
14.949487172969642	-19.111251132939262
15.99536845272654	-19.861767472646783
14.579671794704357	-18.70361484504442
19.22380138178285	-17.251361070255705
17.270733166967208	-17.677227328905005
18.438555807350664	-18.462463206447424
14.348323109629158	-18.328295464751367
16.765627125647622	-16.898055194390714
17.171718139019507	-16.920050413799675
17.3279801246355	-19.814095086085423
20.865591967704226	-14.246768314468731
18.71962800590901	-15.810766765940535
18.929717269951464	-15.500700962135157
20.082339582183007	-16.084992548870677
18.19212064581398	-17.293810237842784
22.120809079448122	-14.777783613608596
21.594007884476902	-13.761171622470624
23.35305059050227	-14.226774216231819
22.69709436767708	-12.867913430027643
16.02905990747883	-12.903575271781627
17.518832073312023	-13.548197508305247
18.796932151383594	-10.408915795470767
23.222983005427466	-14.376943474414865
19.47817273263175	-12.800833262791693
18.70645442527573	-14.964642146192293
20.38920170747646	-11.699300819977195
22.63767514810949	-13.9382417883911
22.308312707907128	-15.695615230013816
21.471224707089267	-10.486466257759798
22.657816204546343	-12.485773411376261
23.838596528610584	-12.48587861128759
21.605343174395536	-16.79943389769956
23.79092810458864	-11.567757941893527
23.144515478608298	-10.921752834012347
19.610841874020107	-12.329517700047385
22.243450415693722	-7.650060982602067
19.94656578335385	-8.914375529178912
21.427235016653974	-10.013304379582332
21.581011965765654	-6.70771139419927
24.295537200905017	-11.297541317067141
22.44442526550361	-7.51369068287975
25.15735350559191	-9.153254675684762
22.08860365860064	-7.33735991656677
27.06851223900012	-7.289656103187777
24.178896075368147	-3.060367509475922
21.932218285982756	-8.926936308551474
24.719358022156307	-3.2498649411269707
24.57715243880926	-4.876952122844784
23.564437904514165	-1.7686356393110367
26.796624553233826	-4.977276108658596
23.884013611061924	-5.902602311795278
26.268224347758732	-3.995740570879123
23.415923757541535	-6.058395881650787
21.802177413472567	-6.903969706142052
25.37670923040047	-4.30456235260323
21.59600371522023	-5.851128718863231
23.020805076798297	-4.06567683331905
25.491829586486222	-3.0111584192978675
24.072432370334308	-2.911695414091726
23.90015934010628	-1.8923528138167969
24.33416336351412	-3.8687878671620237
26.81213157695054	-5.267425292591748
26.176421355356386	0.3618384929065328
23.33484245854098	-5.326037315447929
20.331303077363003	-5.513267200521076
26.740702825131276	3.7660079839980756
27.448272798403814	0.463646238218241
23.988931844637158	0.15516975869791944
24.598672214647152	-1.9823451789670656
