37.77197	43.528633
32.977814	33.551315
32.997517	33.568844
33.02215	33.53397
37.42769	41.273994
37.188503	36.411343
37.18934	36.41393
36.459885	41.44843
34.885063	42.219948
35.44447	41.61407
32.847572	33.540184
35.46679	41.585724
32.88157	33.553352
34.748837	41.955643
34.854496	41.86083
34.78931	41.877354
32.7953	33.480335
36.806835	41.600685
35.105522	41.883717
35.142414	41.90932
19.831898	31.474812
37.109	32.471416
37.0011	32.467545
37.082954	43.909283
37.188816	43.892242
37.344193	32.153004
38.214165	34.005173
38.250294	33.88801
38.01558	34.476624
37.40671	43.649998
37.864536	33.740543
33.078064	33.52842
37.74966	43.634647
37.61928	32.262547
37.56683	32.20484
37.543343	32.196568
37.55587	32.2244
37.454937	32.122116
36.18005	43.648422
36.108105	32.790245
35.806004	32.847397
35.953983	33.04399
35.86486	32.95962
35.882145	32.876263
37.517006	43.84225
37.520515	43.852577
37.518322	43.813522
37.59485	32.270878
20.932598	32.267982
20.841484	32.15495
19.864643	31.456602
19.86719	31.45278
37.739944	33.4995
37.34917	43.917027
37.394604	43.87973
37.06657	32.371304
37.44731	32.29365
33.898586	33.739307
36.930244	41.6136
36.825844	41.6358
37.89471	43.194176
37.229927	43.459423
35.58381	42.415466
35.797794	32.941257
35.13086	41.984093
36.707943	41.589886
36.620853	41.531754
36.701416	41.598755
36.5257	41.496555
36.13852	41.515236
37.12219	36.257126
35.806118	32.85186
35.040363	41.839127
32.632618	34.17447
36.488407	41.383747
35.664577	32.677032
35.668415	32.572033
35.698597	32.57955
35.70112	32.715824
35.52545	42.212795
34.91802	41.83384
37.293514	43.586823
37.435596	32.764484
36.790432	41.606567
37.0869	36.2839
36.804497	41.54374
36.39689	41.489002
33.703144	33.33811
37.570694	32.50253
37.54708	32.720673
37.674866	32.71391
37.63854	32.72544
37.7537	41.267357
36.41884	41.33302
20.18976	32.1311
37.236305	32.187428
36.316338	41.401596
35.503418	42.016212
36.480206	33.181908
36.44928	33.19585
36.469337	33.172863
36.522823	33.167965
35.410587	42.708645
35.654625	42.221603
37.08858	41.461273
33.603394	33.81079
35.53452	32.98827
35.82671	32.526497
36.659718	32.243935
36.622902	32.19813
34.83455	33.548653
35.443535	42.01668
37.570183	32.278603
20.001225	31.710587
20.781324	32.08077
20.875355	32.206287
20.866905	32.16755
20.854824	32.200752
37.562607	43.534077
37.457874	43.858875
37.834866	43.57554
37.709366	43.695892
33.64823	41.508945
33.60974	41.446236
33.64019	41.50871
35.077503	41.846348
35.05281	41.783844
33.687553	41.43909
35.013145	41.725506
34.263145	41.304237
34.24452	41.29381
34.247013	41.299477
34.255028	41.285828
34.25073	41.278534
34.917572	41.65215
35.08323	42.7031
35.089424	42.672554
35.098373	42.70286
35.04717	42.754272
34.2227	32.161976
33.924404	43.1872
33.94019	43.288036
33.902336	43.25307
33.946575	43.16334
33.834873	31.320463
33.92564	31.354914
34.116123	32.12235
35.093937	42.745697
33.615284	33.435402
33.68856	33.51407
33.654095	33.52856
34.485332	42.385586
34.605816	42.352432
34.377663	42.422718
33.484955	31.738758
33.421078	32.468185
33.22557	32.986217
33.529083	31.990894
33.56537	31.68079
34.176605	42.921856
34.158028	32.688255
34.117886	32.597996
34.152	31.226166
34.054188	31.163822
33.966515	43.303165
35.569607	43.19528
34.661526	33.357555
34.31328	32.94183
34.20972	32.53006
34.197834	32.088894
20.987135	32.390633
33.77528	31.553797
33.73273	31.576464
20.87759	32.290806
20.841629	32.379765
33.81236	31.671738
34.20349	32.153282
33.466625	33.573315
33.54495	33.48572
33.467514	33.492523
34.324047	42.4446
34.18761	42.57718
32.67786	32.55141
36.234554	43.693382
36.212875	43.604115
38.189167	33.722805
36.74052	31.025972
36.442192	30.725754
36.141968	30.474195
37.812218	33.715103
36.506176	30.687943
35.836838	43.406326
35.859814	43.38247
35.854008	43.368023
33.756058	42.95672
36.55242	33.019188
36.611008	33.033955
36.391346	33.056854
33.821754	31.165909
33.908173	33.46496
35.39102	33.412876
37.086964	32.627094
37.00691	32.407635
36.84833	32.322037
36.8532	32.33035
35.957993	43.474606
35.96587	43.4678
36.04814	43.56885
35.982212	43.483585
35.97599	43.46912
37.83266	33.484264
37.802876	33.460384
36.292847	30.72339
36.265495	30.762619
37.791218	33.562057
37.7646	33.41466
37.91414	33.520966
37.882595	33.23899
37.812046	33.328396
36.713783	31.192003
36.694027	31.156076
36.319157	30.559004
36.41158	30.649149
36.823242	31.349619
36.71092	31.153696
36.28683	30.53719
37.699875	33.31849
36.247208	43.678078
36.379574	43.623142
37.544724	33.03819
36.762566	32.692852
35.968246	43.475586
36.26015	30.73409
36.752712	32.59816
36.217022	30.912907
37.472164	33.08787
35.96278	43.503273
36.033302	43.598858
36.993523	30.776167
36.999763	30.768808
34.936466	33.61366
34.824745	33.51236
35.688583	43.182644
35.687115	43.097588
34.711918	33.534054
20.735918	32.372017
34.46482	42.954746
33.97671	31.8171
34.185486	43.040615
34.10579	31.10559
34.051517	31.127254
34.75305	33.354404
36.77059	32.254147
36.77508	32.279568
37.022808	32.38006
36.640835	31.205074
36.354656	30.894003
36.334938	30.913734
36.150627	30.564821
38.176296	33.87484
38.109528	33.767395
18.944525	31.97521
18.968855	31.961462
37.87357	33.46739
36.57345	31.053528
36.388714	30.646498
19.14719	32.069046
19.129904	32.058117
18.938818	31.974041
36.23157	30.651672
36.291374	30.660517
35.316586	33.274227
33.92994	43.29045
33.512375	33.38804
33.478218	32.08906
33.796833	42.827095
33.427883	33.283947
20.15297	32.19318
33.16372	33.465153
34.135822	42.45347
34.562576	41.52685
34.614418	41.611397
33.244087	31.829992
33.218403	31.855265
35.71825	43.289303
35.711845	43.25723
34.383812	31.063341
35.297073	33.550476
36.376934	32.22058
35.06566	42.834938
35.401085	33.676304
34.249226	32.07199
34.49686	31.007153
34.22386	31.155558
33.829227	31.521374
35.057	33.679577
34.871834	42.826557
34.31246	32.09586
34.315857	32.139023
33.558117	33.512608
33.107426	31.939459
33.342564	31.937248
35.946095	43.13402
35.728874	43.034733
37.372868	37.694103
37.412937	37.68899
37.573215	30.394144
37.57588	30.354607
37.57024	30.366196
37.561176	30.335836
37.567764	30.364807
37.60184	30.276936
37.609673	30.272646
37.61396	30.226692
37.629215	30.227968
37.578068	30.240803
37.53377	30.401695
33.193012	30.27063
33.186665	30.225864
33.192554	30.254726
33.17338	30.23679
33.128258	30.226469
33.094906	30.260416
33.03042	30.300566
33.052742	30.300076
33.032543	30.308407
33.03861	30.287687
33.06688	30.269285
33.045498	30.342916
33.90699	42.533707
33.03114	30.36896
33.93988	42.510853
34.054863	42.477867
21.051886	32.475357
21.033087	32.46349
35.125767	31.589476
21.202765	32.496845
21.157152	32.50103
21.128891	32.52469
21.139032	32.52144
21.152597	32.483963
35.06509	31.527044
35.08499	31.554665
35.09805	31.54288
35.094513	31.558893
35.029198	31.56174
21.188328	32.53432
20.710001	32.696476
20.705511	32.700703
20.78232	32.68933
20.880947	32.66043
20.931595	32.57709
35.43226	32.986736
21.093077	32.43458
35.115616	31.968544
21.09669	32.44941
35.16596	32.054615
35.116234	32.103165
35.097076	32.113335
35.12397	32.202976
35.069508	32.189423
34.954235	32.203163
35.016464	32.150135
20.815456	32.46368
34.847157	32.332077
34.845196	43.554924
34.8807	43.5892
34.872543	43.57324
34.843605	43.560852
34.63434	32.199963
35.18059	32.12067
35.174835	32.048542
34.957928	42.905075
35.051556	42.9378
35.389687	43.209873
35.35073	43.18293
34.710854	32.284924
34.434277	42.953136
35.061256	32.06613
34.888668	42.872875
34.84076	42.881153
34.871395	42.888763
34.947193	32.063423
33.690853	31.60942
