24.25075	17.921421
5.650911	24.371819
7.3728867	-1.3601667
21.273281	26.136086
16.602455	12.411002
-0.33726928	13.321394
19.19142	11.946048
23.161444	15.565444
19.805487	19.098772
-1.3471082	4.2162905
23.166195	15.195961
25.715534	7.40644
18.756449	11.582023
17.75211	12.082017
22.514475	16.102795
14.675504	21.046333
23.209175	17.34401
2.2181118	22.625359
7.574079	-0.16080715
21.228436	15.081791
22.722368	19.164679
0.5335707	22.248377
10.387675	13.727233
7.618034	-1.5695436
23.530554	17.050146
21.917662	18.86029
18.747843	13.532223
-0.63472044	4.3369193
7.831709	-1.3942746
6.0147705	-0.21709272
14.942534	21.80252
22.50867	15.991743
19.897943	19.103704
6.864605	-0.63342786
19.423311	19.348843
6.6831675	-2.0492797
7.9008737	-1.4260274
24.190495	17.797853
21.500137	18.188469
20.854403	13.9919615
22.740686	19.092154
22.49865	17.507961
25.040012	8.739293
20.291943	13.594093
8.780873	27.105656
-0.57245547	4.2786546
21.165861	14.9170685
19.233086	11.878114
0.3658447	22.449306
19.083862	20.683306
17.816072	9.198764
17.62706	9.392731
17.88665	13.391689
21.156212	15.061317
-0.16377385	13.469769
7.546481	-1.3489763
7.3287253	24.971779
17.76511	11.204441
21.230467	15.082209
25.7682	8.741703
18.25746	14.218414
18.114557	9.310807
18.645418	19.643522
22.676733	18.915073
0.2874749	12.386062
-0.17163776	20.612118
-0.21501425	13.415527
-0.5672761	3.863951
0.15191036	13.356579
23.578018	17.497662
0.4111153	22.392124
21.758377	26.140306
21.155313	24.835701
-1.3588879	4.208365
23.985579	18.12287
20.894505	14.597252
17.998077	11.620111
8.596171	26.732147
14.989035	21.839403
24.145464	17.732723
18.68103	13.4729
6.727491	-1.2528375
0.17263144	13.081161
25.141037	8.546517
0.45151868	13.229131
14.509772	20.264816
23.028774	14.904488
-1.2430116	19.9292
7.9414954	-1.3818885
26.0004	6.6677847
21.485476	25.592566
17.844473	11.231518
25.730059	7.3624415
0.4550329	13.275385
17.24709	12.103669
4.445865	23.87274
23.967024	17.990597
0.5144448	22.266956
-0.5975757	3.8863304
-0.33114895	13.319164
2.0311837	13.096791
18.384378	13.602142
0.74893993	21.915886
1.0458637	13.755205
6.9247255	24.692244
16.06102	12.391093
17.757584	12.130188
7.19492	-1.2294998
21.696325	26.052776
8.747111	27.055885
1.1530902	14.217768
15.4608345	11.241372
17.948215	14.350043
16.243143	12.314927
21.148373	14.813968
18.088976	9.676816
16.06062	12.373524
26.097765	8.856723
20.921917	14.490763
17.984083	14.37785
21.044565	24.672758
21.281013	15.048386
6.128313	0.0611388
22.489252	18.183012
-0.48781243	13.064289
22.309076	17.249353
18.668509	14.101039
7.522889	24.859575
17.967152	10.081358
6.9997125	-0.9783935
18.984987	20.08455
-0.3905678	20.374756
20.29668	13.592793
22.891422	17.234217
6.5130563	0.3764078
25.244326	8.483671
18.98768	11.666253
15.690459	11.084501
7.3916907	-1.7560663
8.548007	26.64989
7.3674045	24.69774
23.399967	17.356998
23.655653	15.830139
17.937225	11.173854
20.8135	14.512038
19.07356	11.8688545
19.059374	10.592126
21.439041	18.226757
10.306403	13.689011
22.585627	18.180788
7.3623796	-2.2121613
5.144516	24.192265
21.25565	15.083388
17.819582	13.370983
21.707642	25.974758
17.85842	12.050456
0.5774682	22.011597
0.5734612	22.212551
23.127409	14.81342
17.404804	9.817801
-0.23356715	13.387499
19.593485	19.218998
6.748445	-0.7412541
5.9007106	-0.2792902
21.300907	26.093143
21.560911	18.605434
8.969298	27.425446
22.566967	18.946358
7.159735	-0.45596132
23.112873	14.795107
17.59374	10.024866
25.231693	8.472726
18.584246	19.579382
21.08611	14.914141
20.562271	13.79738
6.695495	-0.29066342
0.5025753	21.48615
6.874279	-2.147355
26.061947	8.8022375
22.645626	18.442741
7.18098	-0.36902842
5.1129107	24.202234
23.50108	16.87256
19.885187	19.0423
22.162384	19.025768
14.935891	21.794834
18.296005	13.593018
21.854305	18.999634
17.442045	9.83354
20.83671	13.985481
25.96221	6.762689
7.8447556	24.737844
19.119253	13.88415
22.36884	17.702265
19.342733	10.932256
6.086597	24.479818
18.180174	14.269105
-0.18446179	13.463748
19.04141	19.677086
19.716743	19.086557
19.037584	19.682613
6.6805773	0.16207142
24.085558	18.146154
19.691422	19.12928
6.85512	-1.2797111
19.579906	12.067956
-1.2671605	19.906633
-0.09803023	12.760955
22.647436	19.137892
0.33832934	13.193126
23.590113	17.115944
21.143478	15.048816
26.018026	6.7106943
5.8502045	-0.464716
17.990343	9.223582
10.392182	13.734454
6.8341136	-1.3435389
10.062673	13.618431
8.497323	26.555397
0.35693413	12.273938
15.672027	10.1273155
8.730954	27.130098
23.561703	18.707264
22.065077	18.82119
19.98895	10.752777
22.842937	14.795659
-0.10382039	12.795339
17.723377	11.31263
10.331567	13.66403
7.0586357	24.761353
25.665829	7.434071
1.4765095	13.7577715
17.860664	11.138349
5.167851	24.258223
18.744743	10.169998
21.487562	18.174324
22.64268	18.551907
6.829481	-0.11871137
21.514517	25.62337
5.062026	24.161913
7.2874827	-2.1766043
21.23932	14.679913
6.015681	24.470207
17.663137	10.055461
19.715021	10.804833
4.0161886	23.562168
8.542249	27.637943
18.688063	12.02161
6.7300444	-1.4237666
-0.14552999	12.811007
7.98315	-1.4905998
7.9216747	-1.4849334
15.610635	9.847153
21.979553	18.898695
7.628228	-0.41582063
6.598623	-1.0836561
7.7418246	24.792587
23.04142	15.69377
0.64130485	21.665688
21.078753	24.716684
19.401329	10.934561
17.611502	10.074901
6.454765	0.10721127
25.07641	8.939196
7.8804073	-1.4763395
7.23719	-1.1965145
7.475149	-1.7454903
21.398975	25.625969
18.899414	9.95566
-1.3022367	4.265468
6.6415753	0.30627453
2.19863	22.657143
21.03659	24.66646
25.975025	8.753649
21.58122	26.007826
19.786402	13.274233
7.5086803	-0.114829086
21.287666	26.061426
15.790324	10.696799
-0.51786244	3.8995807
21.076702	14.292222
-0.51696795	4.3045893
25.679794	8.680317
19.064465	20.655201
21.299065	15.105745
26.010754	8.712032
14.5057955	20.251291
0.37238288	21.269909
15.762163	10.675289
6.330857	0.36430424
-1.3383677	4.180348
19.569221	11.638589
19.831028	13.556893
25.707254	7.344777
7.2540693	-1.3596547
8.482197	27.69878
1.1145717	13.733427
10.244798	13.664545
19.490126	20.914572
5.6119027	24.331785
19.091606	10.68921
6.605005	-0.70848334
16.80338	12.528424
4.05055	23.59763
0.1522341	20.974682
25.536694	7.6018
4.4468665	23.871387
6.3933153	0.44367287
4.09625	23.63758
22.634918	18.973097
22.81654	18.391273
22.434513	14.756359
6.3917327	24.548943
21.768856	18.945044
18.035095	9.889713
8.753017	27.045258
6.112693	24.485723
14.533205	20.370142
7.0626383	-0.71577305
6.713636	-0.3099422
22.288454	17.819563
20.467604	19.196129
4.104728	23.63869
17.920313	14.303753
25.450743	9.238767
25.561413	8.699792
25.608833	8.989548
2.214136	22.676888
0.45384598	22.328842
21.323633	26.08907
19.678059	19.12308
19.221018	10.415517
16.050728	12.384968
25.564556	7.590838
-1.3452108	19.830757
19.316793	13.719752
18.246176	13.617432
6.9606347	-1.0479875
19.48788	10.81248
7.396285	24.374666
7.514247	24.451704
25.823961	8.696833
1.5737455	13.847278
7.2360587	-0.4070247
21.618776	26.135159
22.659761	19.140787
16.479568	12.583396
22.31226	17.569796
21.273693	15.049554
21.268562	26.053486
8.583001	26.707512
0.20777586	21.044033
24.252396	17.889704
9.68209	13.743655
1.9721539	13.182852
-0.111741714	12.814629
15.65432	11.078046
7.056922	-1.2063919
6.606485	0.31365305
7.6754646	-1.5157852
2.0336246	13.090484
16.622803	12.383852
18.98932	14.171553
6.7638617	-1.4098119
21.45826	25.614666
-0.40240544	20.370075
18.937988	19.896576
-1.002271	4.047325
14.751889	21.179182
15.606685	11.890092
5.866841	-0.41505355
6.0842314	0.09171833
21.487011	18.122553
17.700531	9.198583
0.2400748	21.070024
17.733595	9.271388
26.169548	6.5566487
19.461699	10.840629
9.275302	13.836524
18.09729	13.50948
19.489952	12.621106
-0.6659987	20.23104
25.612091	7.4978523
17.868378	12.103488
23.296926	18.868418
22.926355	19.049416
7.2093844	-2.2454028
17.942358	14.344663
18.462976	13.752602
7.44535	24.397299
25.679472	7.410429
23.218288	14.964337
1.6770232	13.786201
16.533094	12.51261
16.833944	8.521444
7.6981688	24.588451
15.652481	11.923409
14.702979	21.140863
2.4533548	22.419228
23.611494	15.869452
26.003082	8.754656
17.361855	12.082567
17.738577	12.111802
19.124836	13.844487
18.93506	10.077637
18.528414	19.626642
7.5714703	24.514296
19.535105	11.897956
9.040827	27.429985
6.910735	-0.7224534
14.528184	20.278069
18.662582	9.711974
7.590022	-0.83576936
4.1671557	23.680017
14.685732	21.10634
-0.97187984	4.015582
22.262085	19.084335
18.445404	13.565942
-0.083663285	20.6983
10.355174	13.601969
14.509227	20.29209
22.406038	18.75874
0.51963866	22.310675
26.097527	8.857389
7.570681	-1.2332556
7.5698223	-0.15643553
14.838756	21.676603
20.445202	19.13531
0.6971453	21.936745
-0.09117141	20.69265
17.495613	9.936795
5.282105	24.344671
25.964916	6.7463746
23.558872	17.472122
18.473322	19.56709
14.73179	21.146551
0.0036654521	20.785624
6.0894938	0.086357385
18.492043	19.559418
0.20592414	13.142078
20.933134	14.795459
21.259998	15.015728
22.400505	16.484434
18.355906	9.583483
7.445611	24.497877
22.594755	19.058725
22.319437	14.75631
19.011349	13.901345
6.925005	0.32168776
-1.2554507	19.978342
5.766606	24.448856
1.106251	13.922094
18.998169	19.797432
0.35623014	13.070933
6.059517	0.026173808
22.497105	14.704949
-1.2175987	4.06214
26.051458	6.649014
10.432035	13.684284
23.142097	15.13387
21.288761	26.053162
-0.9487857	4.2348456
19.998938	13.540871
21.460823	25.607767
15.580367	11.516184
18.817608	11.995598
16.312355	12.431263
6.3340893	0.49718317
6.9601154	24.840752
17.989363	14.358577
19.34521	19.319399
15.779119	11.052206
23.366755	17.006413
6.87106	-0.45281103
19.89349	10.864755
24.01812	17.953407
7.880948	24.778738
22.292862	17.78495
18.078712	9.25997
22.872257	15.850732
17.756857	12.018655
0.094735414	13.399913
21.09906	24.742884
2.4342575	22.323606
7.0097322	24.70981
26.088776	8.73039
23.363808	15.197437
21.325886	14.934058
19.435833	10.7007675
17.856005	10.102616
9.541305	13.869569
26.040733	6.64818
6.7272854	0.37544936
22.592703	19.064447
19.075832	20.621355
17.98585	9.220676
23.714233	17.652151
22.793226	18.35867
25.506947	8.5271635
8.740063	27.172829
6.812081	24.74873
0.8846701	13.71081
2.0237384	13.106692
26.022778	8.795944
20.361382	13.556114
19.514126	20.944239
23.64418	15.84371
7.8474574	24.744236
6.4027724	0.44274873
0.26842487	12.37362
22.364386	17.921438
0.34044096	12.388448
7.832597	-1.4528005
7.033701	-0.9087155
17.516083	9.152526
19.295666	11.038528
6.951792	0.3227069
18.573496	13.526887
0.41698158	22.381294
22.269558	17.979723
18.035301	14.325474
0.4268214	12.200623
19.288229	11.90037
19.354252	10.797619
19.005878	20.090384
25.675423	7.3774486
24.16767	18.035835
-0.547498	13.130008
20.356682	13.63616
-1.3192759	19.85664
10.376706	13.649704
19.217876	11.809361
21.207878	24.865513
18.995333	20.083965
19.133455	10.396475
8.964075	27.395689
23.981096	18.033682
21.110802	24.75148
7.4288507	-1.7818725
21.522938	26.093979
25.661709	7.423943
6.71318	-0.3076246
6.6302366	-2.0804524
21.478226	18.166458
0.41388512	13.340877
2.2181616	22.491852
7.1534324	24.788506
16.510813	12.540934
-1.3387526	19.83764
25.104918	8.957296
23.670147	17.198563
8.753172	27.200115
23.781744	17.656494
18.721498	14.121054
6.7400594	-0.7741779
5.253525	24.29418
19.728842	19.076424
0.7683629	22.034023
25.435938	9.236115
19.584702	12.059916
5.1582575	24.249393
6.7243986	-0.8331607
21.685833	26.104
25.492214	8.357946
25.54148	8.446635
6.8257003	-0.26033437
15.577455	11.878294
22.181746	18.708065
24.060062	17.703539
-0.30737266	13.324998
7.509247	-1.734494
7.6088786	24.527029
6.892748	0.29196566
22.88169	18.396208
22.913012	14.751457
-1.3590821	4.2150345
25.969881	6.760004
18.896202	9.9768
18.792559	14.111481
17.998396	14.3126955
10.380661	13.627502
18.024115	9.994448
20.891153	14.750929
6.071782	-0.33143398
25.453747	9.230506
18.142275	9.8037405
18.907804	10.010175
23.764198	17.651648
22.399918	16.358562
-0.15578525	13.393554
20.976746	24.598213
5.822278	24.427055
4.558302	23.93552
14.986463	21.845064
6.8340764	-1.28799
16.11665	12.215621
1.8291932	13.466875
-0.36520326	20.401741
0.4613499	22.340197
19.824835	19.066263
16.574547	12.482455
6.82639	-1.3362101
18.587816	13.467299
6.5676866	0.28187174
0.13899332	13.253191
7.866098	-1.4524907
5.831989	-0.526599
21.13227	24.723375
17.813032	13.324039
18.278044	13.61262
25.691734	7.436407
5.36889	24.268759
18.497791	13.543492
17.66219	10.055699
19.52069	19.273453
0.08264589	12.796685
19.58566	12.7146845
-0.56690353	13.140894
19.806244	13.230574
22.171183	17.707417
22.413473	16.246113
21.028599	24.658949
23.032032	14.758397
21.36789	25.568605
21.377611	25.5092
26.124104	6.568302
0.59581065	22.193684
21.444145	18.24642
23.208769	15.897565
19.438005	19.333439
22.410477	17.932222
-0.046207722	13.448631
23.337543	15.315847
23.319263	15.366954
20.832525	13.975728
17.658754	10.061404
6.074651	0.008324847
6.918421	24.643187
9.450273	13.889713
6.749774	24.888523
14.512349	20.264065
23.085127	18.518482
24.007544	18.03625
2.111463	22.63835
6.7227674	24.554415
5.909981	-0.39862156
18.9561	19.937094
17.412207	9.793321
21.193815	14.946849
6.3004155	0.023830483
7.9982653	-1.5238811
0.14384948	12.789026
18.44646	13.533073
19.037998	19.702244
6.4521966	-0.9619778
5.2794714	24.352581
6.8185477	0.22212388
20.313532	13.667267
2.4487557	22.285097
2.4923131	22.320112
18.618418	9.769644
6.184991	0.20581707
22.374508	18.286043
22.695263	18.918533
7.2745056	-2.167727
15.968671	12.112321
6.113776	-0.97588325
17.448877	12.81315
19.513271	12.6649685
20.504755	19.194134
7.438709	24.419159
25.16852	8.470248
14.971167	21.824736
0.15560435	13.412918
6.852258	-1.2021765
22.890862	14.780619
-0.17025399	20.605324
22.231941	17.541603
2.5921264	22.686094
21.289013	15.090791
18.773548	11.570765
22.534258	16.00734
5.2248163	24.303787
-0.15953554	13.393812
7.089469	-1.4857016
7.418233	24.966253
22.664383	19.147366
22.40552	16.27019
9.880746	13.673967
6.9300814	0.25512588
1.3954911	13.79709
7.1968923	-2.2008297
17.997929	10.311031
22.72677	14.907341
-1.1987318	4.0418873
17.933361	14.380356
19.830685	13.63739
18.758362	14.15169
18.815687	14.186844
21.6936	26.046782
19.249853	11.969648
0.34500602	12.303883
0.35953805	12.2673645
21.05295	14.405266
-0.5411517	13.145079
23.585522	17.496916
7.3963995	-1.3647747
20.844145	19.04984
-0.49828297	4.2795424
21.314116	15.10156
1.5072124	13.81287
17.71071	9.217327
8.550129	26.651611
21.18063	15.03663
19.962673	10.773188
19.577503	10.874322
0.54485315	22.24232
15.884715	11.99862
17.766323	9.972103
22.350449	18.388828
17.22743	9.04688
18.99304	20.07489
7.8593307	-1.4633788
0.39818254	22.414612
19.32912	10.780108
18.97045	14.173567
25.210714	8.053976
6.662731	-1.4204972
25.134188	9.024992
16.579876	12.432007
1.613126	13.807617
18.706339	14.029415
19.27564	11.646608
18.551777	9.59368
-0.51963043	3.9268754
8.940599	27.464603
18.431126	19.53035
22.308363	17.779945
-0.49868393	4.1803865
-1.3826125	19.790169
-1.0957184	4.200341
-0.43914115	13.1130295
0.16541009	20.982151
2.0276988	13.097207
19.343384	11.72243
2.5306532	22.3614
23.618418	15.838431
2.0922363	22.645218
23.288858	15.385254
7.886794	-1.7552233
6.9120517	-2.117442
16.599752	12.346814
19.057745	20.635952
19.496452	20.918268
-0.74153125	4.272372
2.0316393	13.096541
6.752087	-0.18098322
-1.2759736	19.899818
7.8570275	24.718855
7.793776	-1.4252182
4.3184714	23.773888
22.504642	17.739502
19.084723	10.359715
21.78382	26.075829
22.43821	16.826853
23.120762	15.813779
22.731123	14.913718
24.224646	17.966362
6.928539	24.574871
22.40978	17.94354
6.625386	-0.9048217
22.497307	14.844542
25.59602	8.337523
18.522177	19.607056
0.3818677	12.328296
18.955324	10.048073
10.2897835	13.7267475
23.69962	18.560827
6.7749195	-0.28007975
4.3720765	23.8199
7.556641	-1.3185625
5.643957	24.379045
6.738116	24.904339
7.4481516	-1.7659359
16.738104	12.374161
7.216117	-0.8212572
22.324667	18.549799
6.832246	24.860624
17.971357	9.95689
19.943039	10.85073
0.16312078	20.983908
14.72001	21.153475
24.19812	17.985052
22.579023	18.288109
25.945433	6.771558
6.945322	-1.8814912
6.754547	-2.023013
17.056038	12.673023
14.649342	21.014395
21.849215	18.95273
7.1013603	-2.2661045
21.105452	14.992253
22.458559	15.963697
4.0889916	23.627142
14.585496	20.411507
4.0131063	23.574804
21.098516	24.741987
19.051182	10.584022
14.704384	21.085737
5.894674	24.517954
6.5873775	-2.0382383
19.561737	11.997307
-0.40979	20.359947
25.761646	8.807291
-1.2066215	4.1901546
17.373259	12.124609
2.0970573	22.64768
22.899532	14.746139
22.38445	14.787877
18.355839	13.598847
22.615322	18.16939
7.610053	-0.816828
6.684725	-0.65734816
18.46707	19.557873
6.6980734	-1.9251863
18.00162	9.990765
8.714849	27.02204
21.193113	14.816152
-0.49097055	13.116079
-1.040215	4.0478115
0.73613733	21.82495
0.3912802	12.318261
25.513197	9.17625
0.64658993	21.697905
22.491064	14.705709
16.614168	12.465474
5.836319	-0.51572984
23.376127	15.186403
10.263957	13.684956
7.4019127	-1.6981297
10.252371	13.71582
25.776188	7.3004737
14.955812	21.807858
17.77977	9.906332
18.92007	19.897385
7.2141504	-0.8550933
26.184015	6.5329657
-0.37108168	20.396065
22.577778	18.263079
17.944624	13.906011
5.0104856	24.134983
25.633785	7.4523153
10.103972	13.582376
-1.1483859	4.2972717
0.24981992	21.087503
2.501337	22.320614
-1.1589314	4.1729164
7.791434	24.750425
1.6152542	13.79081
7.9666324	-1.3904089
18.267729	11.997894
19.553284	10.833528
7.3683357	-2.022934
14.867859	21.714859
9.038212	27.504738
22.55648	14.714999
19.224907	11.684092
14.559763	20.289158
7.375519	24.384878
20.58306	19.133585
14.619309	20.35418
25.942636	6.7615848
18.365072	9.552394
7.3324995	-2.052757
4.094965	23.63055
18.762335	14.141031
-1.2709103	4.101937
20.825977	13.965383
-0.5100259	13.135946
18.891417	9.971999
-1.3125945	4.167883
8.612915	26.779625
7.4304504	-1.7673218
21.771952	26.132809
23.184633	15.539561
21.043518	14.89247
19.535833	11.686781
22.431469	16.223995
0.33452135	12.62287
2.4782	22.382593
18.102793	14.270817
7.937437	-1.5594957
6.577054	0.3599201
14.5320015	20.318426
22.559631	19.013971
2.5106692	22.284634
-0.1577679	20.619223
0.38418674	12.277139
18.098618	10.243269
3.9997282	23.567179
7.593605	-0.16164544
17.763563	11.177833
-0.06530251	12.778945
15.626376	11.098063
19.917143	13.480678
19.056206	20.624125
-1.2242486	19.947683
-0.5256098	3.8525155
1.5863159	13.798016
2.5842464	22.684563
18.158333	14.237336
5.908937	-0.40420184
18.297184	13.592444
16.131582	9.59843
21.983545	15.285236
17.893314	9.420615
9.461033	13.875796
17.636152	10.084903
-1.3125736	4.189358
0.38816655	12.26966
7.1203833	-2.2873967
0.07445885	13.47533
9.964092	13.708054
18.80769	12.093037
7.3371553	24.41309
-0.03340146	20.757713
8.895591	27.282784
19.590101	12.079708
-0.16625741	13.487711
-0.20030014	13.423096
-1.3668536	19.804762
6.888604	24.896729
20.510588	13.848799
21.449467	18.22813
18.9992	20.034838
22.637579	19.122595
19.585735	12.055059
19.438046	13.671665
17.614876	9.226122
18.931389	19.863073
25.77671	8.725013
7.9907136	-1.4941151
7.871171	24.712345
24.16707	17.749926
21.384083	26.11368
17.961893	14.337711
21.188192	14.9735565
7.480717	-0.9249158
23.660221	18.60358
7.398553	-2.2250464
7.373209	-1.8237972
22.846579	18.42814
1.1395981	13.779118
-1.3434334	19.83067
7.286944	-0.5285321
2.5784268	22.6608
5.8821015	24.447264
19.183527	11.767744
22.361765	18.914272
6.4095693	0.44605887
21.03054	24.664543
21.63274	26.014605
7.385918	24.416962
20.839632	13.97596
18.131824	9.862029
2.3946595	22.32443
10.345407	13.66179
19.947586	10.835059
7.677768	24.96312
21.098284	14.854887
22.964432	15.3817425
-1.3209511	19.854189
23.612097	17.49757
22.106663	18.25688
22.560312	16.064178
7.0565987	-2.2853165
19.555786	12.735868
5.874116	-0.40542594
7.1296377	-1.2131617
23.491907	17.425922
16.503439	12.494578
18.930372	10.060215
18.566137	19.650951
8.528762	26.621853
18.796347	11.772723
24.122252	18.069838
14.510516	20.307198
17.995476	9.990838
6.769017	-1.1959292
7.0499268	-2.2555177
1.5356942	13.861516
7.208151	-0.35230872
0.375101	12.269371
23.647387	15.836672
19.564709	10.932208
10.227908	13.605852
-0.3247498	20.445084
7.4597516	24.431713
19.457973	10.945789
17.687588	11.928114
18.485733	13.595846
18.516546	19.604609
5.286628	24.416525
-0.3244482	20.444036
22.444185	14.777856
19.771309	19.062328
7.2386904	-0.32455626
0.3641654	22.447042
6.4928694	0.31370014
25.558605	7.585678
25.974087	8.753025
22.396214	17.834782
7.5410147	-1.2979869
5.5716705	24.307411
19.817879	13.631357
16.62049	12.350867
25.619421	8.601137
6.728083	24.630226
-0.09340475	20.688189
23.09716	15.644507
2.1248772	22.621061
22.660881	18.238789
25.099377	8.981012
-1.2872037	4.084051
23.998882	18.192963
22.712997	14.699335
22.543186	17.784357
2.071292	13.055653
-0.25611594	13.437851
18.955875	20.02106
25.0746	8.814868
25.7337	8.991527
7.0580482	0.15807635
-0.48997858	13.161926
6.774886	24.819859
19.048738	20.630903
23.410313	17.395226
7.533065	-0.7817289
0.11779818	12.684059
23.274914	15.000463
22.56568	18.806173
22.502052	18.172806
17.896389	11.126008
-1.2987839	19.875782
1.6127809	13.763117
21.27183	26.036694
14.649367	20.318506
19.14764	13.73321
25.671366	8.537411
14.769149	21.342937
21.356644	25.680166
6.6410894	-1.0983703
18.109472	14.301936
18.472794	13.487392
0.32256255	12.49631
7.3594913	-2.043491
24.102936	18.075228
6.6131997	-1.9233094
20.426577	13.716511
25.296404	8.4041395
9.006856	27.453588
25.323519	8.477059
17.390165	9.129466
21.038137	14.91574
14.981811	21.835136
19.521658	20.929619
-0.96693796	4.0631742
6.976465	-1.7096744
14.522	20.398624
7.514862	24.467955
6.1020203	0.012179509
17.78234	11.164124
19.350393	11.112472
-0.3513725	20.418083
2.4771326	22.246641
25.96992	6.7503476
7.152734	-0.48750806
-0.60368484	3.8497062
7.1850777	-0.92198515
23.43395	18.786825
20.593058	13.848339
0.52054626	21.500647
20.754917	14.395003
21.98926	18.881222
18.562624	19.654573
23.445745	16.960003
17.598705	10.015299
6.940776	0.32854977
7.2094297	-1.2234268
-0.5211377	4.2739472
10.323381	13.680562
26.12826	6.55834
18.664627	14.009746
1.3193526	13.817589
-0.50863045	4.2832985
23.092525	14.830364
25.70043	9.00664
19.467962	10.931358
0.26572296	12.974047
26.154387	6.527239
18.343521	11.068747
19.31896	11.251653
7.0822515	-2.2850947
25.44564	9.229121
-0.22437717	13.405803
21.169258	24.867786
6.679784	24.632156
22.748213	18.446932
18.059513	9.938426
17.55635	9.285671
17.370522	12.114565
10.310506	13.706403
0.1232202	20.923697
21.105835	14.991857
19.807829	19.060583
14.638277	21.023834
0.07780888	13.382718
25.383408	9.156957
17.880672	12.095478
7.7979736	24.621477
9.920177	13.687809
7.9792624	-1.5710418
6.08273	0.09520179
22.821728	17.581505
14.704782	21.133162
-0.16712716	20.605494
23.202099	14.911224
9.035226	27.47174
22.093632	19.005276
7.4678755	-0.8202503
17.97087	14.392329
-1.3313996	19.844765
0.8477047	13.633403
22.98069	18.830547
25.471832	8.36219
-0.11176771	12.801111
-1.3777102	19.795103
14.5362215	20.383036
14.620703	20.366734
17.777885	12.478288
23.624025	18.632586
0.06199463	13.415204
22.596449	16.101603
22.989895	19.05839
22.404222	16.647287
-1.0526475	4.0481625
23.73851	17.632874
0.5073104	22.289557
-0.41311625	13.0309305
23.139282	14.881293
19.302069	11.025759
25.108938	8.811836
17.573666	9.761101
19.840302	19.083319
17.384506	9.713628
19.036991	10.610156
6.7992997	24.880808
6.789038	24.894203
21.00396	14.42903
20.59032	19.132786
19.972456	10.789559
22.198801	18.354424
0.35614884	12.26623
7.5814033	-1.677988
7.11297	24.7321
21.128447	24.777351
5.5971007	24.3165
18.669815	9.709031
14.654859	21.018375
18.319393	13.601994
24.055614	18.16036
15.520756	11.423582
22.231613	17.50027
6.4612894	-1.6796271
23.654345	15.802235
10.168765	13.5694065
22.99007	15.686332
7.200982	-0.38820866
20.5374	19.171589
-1.2392883	4.2419753
-1.3678169	19.806374
5.198219	24.287588
19.516445	19.270676
7.5337596	24.48976
1.6485834	13.810133
25.610388	9.042842
5.2935996	24.19266
18.915775	10.018356
0.33246422	12.294776
19.510113	12.643022
6.426874	0.36975902
21.01593	24.640451
-0.53050756	3.9004014
24.154934	18.043339
26.114895	6.571239
-1.3509315	4.2125263
0.51765496	21.500187
6.17366	-0.33157846
23.945816	17.925
14.531219	20.319695
10.152899	13.608003
7.395016	-2.2485476
5.754122	24.415266
7.381143	-1.6248097
25.911959	6.834075
18.333979	13.579467
17.50743	9.91298
20.634466	19.111338
0.36024728	12.233261
25.430275	9.18309
7.252361	-2.1976936
19.34503	11.215542
6.6043687	-1.0534282
7.2472944	-0.42031184
7.785256	-1.4200265
25.986872	8.872431
25.995014	8.853757
19.094465	10.810281
15.008249	21.868736
6.0898633	0.10522544
25.983637	6.7887917
22.42792	17.541979
-1.238739	19.932255
14.596621	20.42742
6.8209085	-1.2707641
23.48431	17.016655
4.0449023	23.593494
-0.21564381	13.429832
19.386072	11.30577
0.17075229	13.121928
19.558016	12.094011
-0.51298374	3.881897
5.9208508	-0.29910502
0.36671934	22.447325
18.313416	9.582601
18.910471	10.040168
6.4095955	-0.9486876
6.610802	-1.0572251
18.531507	9.591835
6.359255	0.4857902
0.45459187	22.325048
18.902431	9.99549
17.815418	13.323293
8.5048685	27.660913
14.656648	21.003897
22.497484	17.761187
15.872212	11.975197
25.539652	7.60356
0.107355975	20.904957
20.88199	14.660474
6.3550143	0.40196675
26.096773	8.843493
1.4125816	13.785995
7.8804502	-1.493723
17.23003	12.567182
-0.8414466	4.2595882
25.05188	8.813891
18.873083	9.921237
-0.4638612	4.224357
5.3800616	24.217707
25.147415	9.026357
19.488207	12.634272
-0.0736852	20.709812
17.65656	9.287267
23.295328	15.089831
0.38752323	12.263388
21.604479	25.985863
7.185872	24.817362
8.725408	27.016241
-0.49866515	13.131966
6.690225	0.11024929
6.9535203	24.837494
18.913267	19.893799
19.283663	12.375751
5.397228	24.255367
19.565704	12.013936
14.70514	21.137848
5.4928193	24.271357
18.590446	19.615686
23.623772	15.7976
7.0633264	-2.0346487
6.74682	-1.8945656
22.495691	14.729006
-0.04331537	20.739725
25.189857	8.478021
18.571001	9.628785
20.97722	24.594366
8.495275	27.669073
18.918982	14.169918
23.099012	14.9920845
24.020456	18.034597
6.80528	24.607746
19.627357	12.076036
-1.3636322	19.810118
14.876383	21.71444
-0.53838384	4.2686195
5.31735	24.240007
6.9756994	-2.2638257
17.804802	12.087836
7.039003	-1.0794725
2.2647614	22.455938
2.0151331	13.115315
21.31035	14.892019
0.36324906	12.357179
23.151608	15.944803
19.42844	10.863433
21.752413	26.129349
9.966836	13.692973
23.430384	17.391737
8.759092	27.27054
26.08805	8.847913
18.336245	9.554456
-1.1143184	4.2453523
22.968075	19.03383
18.508892	9.598674
17.909191	10.0355215
6.916409	-0.8547672
23.19691	14.940836
15.582292	11.456211
6.9565587	-0.20833352
18.796453	14.094535
2.1489797	22.60603
6.597195	-2.0409265
10.389583	13.707592
20.964354	24.58457
23.220205	17.519352
19.09935	10.7972765
21.338856	26.110373
21.355097	14.96141
21.467884	18.921448
0.5362746	21.540478
23.736124	17.637838
14.698733	21.123232
22.471624	18.265493
0.44178367	22.371191
18.638208	13.524451
25.267496	8.407961
0.64363045	21.72967
-0.17261623	13.369121
21.490953	18.15021
7.8162146	24.710524
16.581728	12.479169
7.2815	-1.3573188
19.949793	10.81895
6.721049	-0.7048748
1.2654914	14.169345
26.126709	6.557257
7.5269866	24.637175
14.664107	21.017159
7.637354	24.785025
15.649244	11.144897
2.502756	22.347631
20.394863	13.725187
18.754698	14.145758
19.492674	10.86171
18.249908	13.521319
7.8355527	-1.828039
6.770565	-0.076994665
21.616243	26.100174
-1.3140961	4.1797266
20.456799	13.767086
-1.2700585	19.900398
21.310764	15.118523
23.114494	15.326535
2.1516101	22.606216
26.068474	8.829147
22.930035	18.449316
4.029536	23.580307
18.170567	9.965849
22.925562	15.901212
-0.2844765	20.48535
24.22663	17.936672
18.555092	19.600214
1.3782054	13.794827
17.870293	14.039325
17.84728	12.863239
21.135952	14.778492
25.168333	8.4611025
9.9561	13.648646
18.296453	9.560293
18.216084	9.599393
8.602466	27.55777
17.70469	9.910474
1.674212	13.771927
15.729062	10.836235
8.574597	26.702732
7.2023745	24.499134
25.144447	8.537392
23.629023	17.182766
25.663534	7.3134584
20.342388	13.679439
25.41568	9.210759
22.748314	18.477869
6.0815845	-0.0017714192
23.160614	18.48714
18.593134	11.59563
23.631287	15.833695
0.5127639	21.49615
14.862701	21.709732
14.863467	21.705862
8.78579	27.073847
23.308208	17.51326
18.969084	14.13548
16.412302	12.520117
0.06153529	20.851665
23.644974	18.613363
18.89947	9.979689
21.164204	24.823095
26.08657	8.844322
14.534147	20.489069
25.484535	9.183978
25.809153	8.517708
7.8747616	-1.2312253
8.968199	27.38128
21.456593	18.27102
21.223284	15.009354
14.848211	21.686472
5.846641	-0.593023
19.40433	10.818738
18.354506	13.616266
-0.20432869	13.448227
-1.2805469	19.895926
23.32428	15.09246
21.756134	26.125818
23.365408	15.181985
23.350723	15.157443
6.1130524	24.484293
20.852135	13.984999
17.859797	13.38404
25.447182	9.215547
18.344038	9.559063
20.290062	13.623875
23.35635	15.167189
17.296207	12.110008
-0.50258654	4.286996
-1.1043997	4.1993203
1.9347425	13.261351
23.582571	17.473167
17.848207	10.0556135
7.473467	-0.06123253
21.486473	18.15666
19.826275	13.592935
19.017422	19.772264
19.726158	19.10617
16.422184	12.585011
23.197699	15.955323
9.139876	13.93708
19.989183	10.742551
7.56067	-1.6791909
10.195791	13.580218
23.7431	17.63028
6.562332	0.15220983
-1.2533243	4.0970683
21.934578	18.888319
0.35398698	12.288575
15.743513	10.98575
19.88701	10.838
17.790356	13.300844
8.747265	27.037704
9.983521	13.648856
21.037067	14.246994
22.736162	17.64666
0.34034866	12.469402
17.464144	9.869341
17.257545	12.125865
-0.45649925	4.327537
16.614632	12.406055
7.471853	-0.84175515
10.185702	13.653001
21.20569	18.950134
22.48776	15.74494
7.580007	-0.18227063
-0.6800902	4.3433266
-0.56584257	3.8552322
18.650837	13.99576
-1.1045779	4.2203298
-1.1713065	4.1651707
7.4617095	24.420727
6.4775014	0.40990528
25.76091	8.541826
25.907516	8.7522135
22.74536	15.928592
23.112965	18.508884
6.639533	-0.6111228
25.673302	7.48301
7.6064034	24.776361
18.97727	20.064348
21.032156	24.661808
25.709894	8.57523
0.5787796	22.193888
10.364724	13.603833
25.633667	7.4466224
26.134186	6.5520606
14.624093	20.367342
1.2863793	13.812751
4.4417863	23.869904
21.532932	26.13048
21.015337	24.63818
21.406649	14.970068
18.488243	19.584126
25.74264	8.621013
21.01947	24.6431
-1.249764	4.0811768
-1.237852	19.9315
24.067228	18.147263
5.986714	-0.14666896
25.946701	6.7665257
24.20096	17.859068
2.1664073	22.527304
18.041487	11.5666485
21.172749	18.924557
-0.37429875	20.39442
18.1233	14.332843
6.424426	-1.139943
17.876947	11.370527
19.9444	10.845219
17.356997	9.681617
21.85633	18.996372
17.249489	12.12211
19.895254	10.85601
4.350092	23.803644
23.155565	14.837838
5.8483386	-0.51618624
0.05858664	20.844723
14.8656845	21.714884
14.846996	21.678116
22.508612	17.914316
5.5968223	24.310007
7.859532	24.714895
5.7512345	24.408348
-0.281955	13.376605
18.454351	19.548521
6.187806	24.530884
7.299782	24.802334
7.1834393	-0.5239333
26.105648	6.580345
19.27652	11.919279
7.9683094	-1.6024938
-0.4953536	4.279612
21.513971	18.116503
19.040516	10.574874
10.276898	13.711999
7.060082	24.824446
23.436329	17.41048
25.065327	8.772369
8.721621	27.02008
-0.21615046	13.016543
20.469082	19.208204
18.539007	19.63155
-0.09461104	13.018363
24.057526	18.13228
15.620344	11.50962
21.404425	25.456305
-0.4899187	4.2432113
17.910404	10.048283
6.5298734	0.28404626
18.978931	20.042631
19.336182	13.552521
6.22704	24.519588
14.512013	20.268127
21.299812	15.106366
-1.3387699	4.1862583
10.232547	13.562472
20.944695	14.7207575
-1.2783959	4.108551
23.678703	17.245262
17.198849	12.138136
25.651642	7.393765
17.966139	14.365601
2.0392876	13.080708
6.4997396	0.37221658
8.512923	27.657644
22.29439	18.058912
21.412413	25.53536
24.17004	17.74471
16.643906	12.412091
25.63284	7.4636555
23.433594	17.442392
22.72593	15.938388
25.094902	8.942388
2.5471795	22.401432
18.820894	10.003024
6.737548	-0.9068961
22.370832	17.920996
19.381008	12.512369
21.759163	18.948048
23.080782	15.101741
-0.30076763	20.470722
6.8545218	-1.7995516
22.330988	17.832226
19.505919	12.64795
21.966722	18.905258
25.218164	8.475887
18.847017	10.008941
9.630133	13.614171
26.05857	8.838474
-0.39345118	13.050374
-1.2832032	19.894333
18.132816	9.914906
5.8088136	24.426956
6.757964	-1.0581766
20.336184	13.680241
0.1823971	21.017586
25.567621	7.622705
22.72857	18.297144
22.17404	19.047798
14.702274	21.11825
17.921759	14.328834
18.046202	9.267253
0.36787808	12.284268
0.3494215	13.202199
6.180926	0.0630801
7.3445797	-2.144196
14.590447	20.510498
20.555227	13.904725
1.652014	13.775602
19.177437	11.59161
6.2854667	-1.1737171
6.9362245	-0.56099457
8.48957	26.552607
-0.2763788	13.363174
21.739445	26.113218
22.496527	17.790043
20.552513	13.8761835
14.707427	21.134638
22.01144	18.964094
16.024025	12.08632
19.501276	12.64035
2.4728281	22.376204
0.41763788	22.400517
8.493997	27.674858
19.461483	10.876395
22.12157	19.033104
21.340673	26.076674
7.548199	-0.1444173
2.1658385	22.605421
20.962088	18.997862
-1.0492918	4.1394153
9.000936	27.460892
7.1351175	-0.26697206
16.073782	12.378721
23.382679	17.543564
6.6338816	-1.8958274
19.500896	12.624552
6.8850255	-0.6787073
-1.24482	19.930061
20.827618	19.059324
18.946001	11.033218
15.537265	11.318803
0.30087745	12.308746
5.2346573	24.30853
19.313278	13.7006035
0.41724187	13.234698
19.02481	14.090868
-0.8358368	4.220875
15.926797	11.011969
19.493183	11.199345
22.308172	17.78805
16.40718	12.583979
21.747992	26.116972
1.5429431	13.775855
6.438644	0.40992945
-1.3250092	19.849066
-1.3038124	4.127684
0.14318551	13.370579
23.163979	15.572275
7.0607686	24.82738
23.628345	15.789537
19.234335	10.680821
15.7023115	10.608912
7.1854916	-0.23801094
6.0258493	-0.108051375
19.278149	11.141341
1.2957305	13.787053
6.715562	0.05794368
5.8280096	24.37545
20.34857	13.67155
24.176023	17.750538
18.255424	13.543153
7.554883	-0.13982888
6.763315	-1.3896922
19.438116	10.871167
7.484564	25.058758
0.29094052	21.16662
20.286161	13.586864
18.50662	19.576391
22.629276	19.063784
6.8435464	-0.4566274
-0.58289284	4.2956862
7.8346777	-1.8182582
14.961947	21.816383
22.484573	17.861393
15.574315	11.861966
25.923868	6.804087
21.710058	26.050707
7.5304937	25.019146
0.25926283	13.176811
-0.5722444	3.889466
19.532642	12.699735
9.56379	13.853084
4.439375	23.864296
2.0255592	13.107856
16.421371	12.54527
5.1194577	24.159628
5.879619	-0.47903547
21.332895	25.762281
7.2104845	-2.2042634
6.9352517	0.33401436
7.1132855	-0.26624176
2.4605477	22.26756
1.6160194	13.8739395
25.407236	9.205344
19.492416	20.909208
17.919075	10.036304
8.4930315	26.560476
26.094059	6.591411
22.33199	14.76362
19.041462	10.724422
7.061291	-0.71911824
7.5807595	24.57081
14.858658	21.682678
7.3326573	-2.052186
-0.44631672	4.2529826
21.044563	24.6787
7.1079774	24.749794
-0.62274426	4.362683
14.601774	20.332094
18.084787	9.8264265
1.6276447	13.931269
20.48192	19.20011
21.381527	25.462929
20.663029	19.132307
6.5932784	0.25772786
0.041778393	12.887375
19.236057	11.665261
2.163569	22.620779
25.591543	8.559484
22.317945	17.81993
8.499528	27.670961
25.660666	8.9870825
24.020332	18.07225
7.4112096	24.372013
24.045736	18.14635
-0.13203295	20.64625
9.123373	13.960119
8.9818125	27.40843
14.477427	20.269184
10.276404	13.659557
16.21959	9.577919
0.45880702	13.276418
-0.09374905	12.780765
17.838474	11.188289
21.504051	18.941635
22.76219	14.743109
21.301523	15.111717
18.86175	11.760266
7.7758327	24.713717
25.56904	7.613229
21.154749	14.863579
26.1317	6.5535407
25.542875	7.5765066
7.815278	24.720554
23.77254	17.354624
21.001793	14.772793
6.9181457	-0.6409274
23.317661	15.073635
21.007391	14.915188
18.151735	13.398917
18.061892	9.86798
25.763538	8.657246
5.915647	-0.40627924
17.814291	12.076231
21.09252	24.741817
-0.5341074	13.093106
1.5900776	13.858278
10.219091	13.654953
15.712966	10.593583
19.688963	19.112011
0.34934378	12.335898
21.169334	24.851309
19.02309	13.939096
5.140567	24.24603
18.984032	11.642484
6.7295136	-1.1715837
20.44673	13.718081
25.674093	7.392653
2.4775112	22.595907
-1.2647412	19.908873
22.874535	18.43453
7.511346	25.049786
23.046236	18.568874
5.257532	24.349266
-1.3480684	4.185325
17.788137	12.411444
14.584424	20.507927
5.2498913	24.335524
7.586386	24.751001
8.759728	27.075094
18.702007	11.795005
17.759594	9.93687
17.730116	10.852158
19.254927	13.631682
21.439302	18.308603
18.080095	9.39359
7.166353	-0.4379533
2.5269167	22.37018
23.180237	14.922382
6.7491937	-1.9035487
21.132767	24.804325
-0.67694175	4.235936
-1.2076464	4.0734634
7.3954024	-1.9267943
7.6134133	-0.19338545
-0.018878404	20.763819
17.809467	11.233928
15.441076	11.237115
-0.5117126	13.098387
-0.19702254	13.452576
2.0027442	13.145427
17.529047	13.038661
21.38106	25.476038
22.347574	17.824606
7.492963	-0.72398263
21.621883	26.089708
14.671867	21.060207
-0.5261591	13.107736
21.380035	26.146458
22.292797	14.871929
19.53371	10.9437065
17.953794	10.217279
4.0377555	23.584946
18.767467	14.127031
6.5779815	-1.0816593
20.442999	13.781092
4.4674497	23.883991
9.192092	13.931224
2.1617415	22.59652
10.010246	13.654396
24.219355	17.850487
14.855465	21.70605
25.85477	8.646973
7.511593	24.47177
-1.2857164	19.892693
19.072557	10.67951
9.017983	27.46181
19.861837	13.586545
23.148159	15.146903
23.688446	17.237658
7.8111863	24.663084
18.305937	13.5659075
6.1021833	0.12211834
7.1224856	-1.3723096
22.406136	16.35535
25.236143	8.507094
22.25678	17.112455
7.120879	-0.2761445
8.5281925	27.64572
14.73221	21.141098
1.725574	13.637675
0.30321562	21.155409
23.81897	17.6183
2.1703365	22.60483
19.72991	19.075382
7.5254626	25.013254
7.2732434	24.804445
19.524012	12.6692705
22.40429	16.244017
22.372265	18.296844
20.405937	13.758549
7.4851494	-1.7666124
9.029641	27.48164
-0.018258855	20.762148
21.380754	26.109825
24.09497	17.713484
21.383736	26.105684
17.396612	9.869163
25.671457	7.4111323
17.979086	9.954223
19.455713	10.934301
15.781585	11.043911
25.648499	7.4353805
6.8738513	-0.6562259
0.6624244	21.743797
-0.63540727	4.362496
-1.3089031	4.2174296
20.526342	19.17021
17.381907	9.751858
20.82618	14.561382
22.969833	14.9371
17.82359	12.0649395
7.9861617	-1.4748677
6.897701	0.2275966
-0.51303536	3.9568744
25.77631	7.1711783
19.185495	11.047089
0.7066851	22.069357
-0.2271581	12.895731
22.975187	18.533758
0.7171879	21.868193
8.706115	26.9733
0.15829614	13.084689
18.035692	14.235404
19.044594	11.824953
18.01811	9.915475
22.519152	16.100637
6.634441	-2.052029
15.4545765	11.276041
19.140104	13.719736
18.76539	14.15787
24.266134	17.919704
17.501127	12.058652
9.042788	27.479483
22.777592	14.727016
22.998325	15.701515
19.025404	10.610191
22.620869	18.332977
21.046793	24.68035
19.56613	19.230349
19.022282	20.608438
6.4886847	0.29880923
6.895846	-0.6071659
22.605959	19.119171
18.65336	14.037927
17.962454	10.237056
-0.5988215	4.3035183
18.076038	11.470616
17.961775	11.169779
9.805524	13.638192
-0.5299261	13.0874195
6.105873	0.09551071
22.31481	15.608528
20.175886	13.858417
5.265351	24.30718
7.34095	24.6761
17.521881	9.13019
23.005789	14.810591
0.60401076	21.67513
7.803746	24.688883
0.31898978	21.192781
22.279783	18.407557
7.351401	-2.2093232
6.570072	-1.9894475
6.7148476	-1.9162148
6.6491857	-1.8467008
18.613005	14.117786
25.579414	7.5446796
21.753477	18.939373
18.006582	13.353066
21.186905	18.940159
23.383986	16.979156
-0.33194524	20.434248
19.4663	12.606522
22.947199	19.05176
6.0811243	-0.0013476
22.48019	14.752623
21.215324	18.93758
19.578585	19.217941
20.335253	13.650463
19.851929	13.330737
18.42491	9.558948
14.952383	21.809748
19.20929	10.475598
22.422855	18.6592
0.39446762	22.418898
22.372286	16.401884
18.69076	10.257866
25.786587	7.1187296
8.628566	26.780167
17.956947	14.369816
18.309757	13.563717
6.837309	24.754728
22.538458	18.611002
22.99246	19.016232
21.118338	14.947928
18.367579	13.60491
26.011059	6.691942
6.722765	24.905632
18.003126	9.904092
24.044943	18.110592
21.644533	18.646612
